1 0.70180625 1 0.8974515625 0.43979999999999997 0.42106093749999995 0.34597656250000003 0 0.6896578124999999 0 0.9740984375 0.0694515625 1 0.70180625 1
1 0 0.6797171875 0.43382812499999995 0.342775 0.05932968749999999 0.2675484375 0 0.307096875 0 0.6797171875
1 0 0.30212500000000003 0.06996875 0.26915 0 0.253528125 0 0.30212500000000003
1 0 0.256259375 0.05932968749999999 0.2739515625 0.38149375 0.1318 0.152953125 0.0994890625 0 0.152459375 0 0.256259375
1 0.0657125 0.27075 0.4402109375 0.34597656250000003 0.6563171875 0.1704671875 0.3848875 0.1283 0.0657125 0.27075
1 0.978553125 0.20672656250000002 0.663634375 0.16991406250000002 0.4402109375 0.34757812499999996 0.899225 0.43579999999999997 0.978553125 0.20672656250000002
1 1 0.09992656250000001 0.774446875 0.07859374999999999 0.6547046875 0.16629375 0.9771656249999999 0.2089578125 1 0.1544421875 1 0.09992656250000001
1 0.663634375 0.16671249999999999 0.7913046875 0.0706796875 0.5551140625000001 0.048271875 0.5587984374999999 0.050467187499999996 0.3848875 0.1331015625 0.663634375 0.16671249999999999
1 0.382759375 0.1266984375 0.563625 0.051471875 0.372628125 0.0318 0.152953125 0.0962875 0.382759375 0.1266984375
0 0.4973296875 0.7094671875 0.5227453125 0.7162140625 0.5466640625 0.7162140625 0.56011875 0.70384375 0.5735750000000001 0.691475 0.5795546875 0.682478125 0.585534375 0.6779796874999999 0.578059375 0.67348125 0.5466640625 0.6644859375000001 0.543675 0.6611109374999999 0.548159375 0.6566140625 0.5795546875 0.6397453125 0.5795546875 0.6341234375 0.5646046874999999 0.6262515625 0.555634375 0.627375 0.5391890625 0.629625 0.5227453125 0.636371875 0.4853703125 0.6408703124999999 0.48088437500000003 0.627375 0.49284531249999997 0.6240015624999999 0.5063 0.61500625 0.5063 0.5970125000000001 0.4973296875 0.58126875 0.49284531249999997 0.575646875 0.48835937500000004 0.5644015625 0.4853703125 0.55203125 0.48686562499999997 0.5430359375 0.48686562499999997 0.5340390625 0.4898546875 0.5171703125 0.49882499999999996 0.5048015625 0.5197546875 0.49692968750000005 0.5197546875 0.49805312500000004 0.5317140625000001 0.5115484375 0.5376953125 0.516046875 0.5496546875 0.5272921875 0.563109375 0.529540625 0.59001875 0.52391875 0.607959375 0.50705 0.615434375 0.49018125 0.615434375 0.4755625 0.615434375 0.4575703125 0.61991875 0.44745 0.6109484375 0.43732812499999996 0.5915140625 0.42608281249999996 0.5735750000000001 0.421584375 0.578059375 0.41258906250000005 0.5870296875000001 0.391221875 0.449490625 0.360859375 0.434540625 0.36648281250000003 0.41211562500000004 0.3856 0.37922656250000003 0.41821093749999994 0.40464062500000003 0.43058125 0.40763125 0.4575703125 0.37025625 0.52166875 0.313446875 0.5733984375000001 0.276071875 0.6048843749999999 0.2372015625 0.6588625 0.21627187499999997 0.73420625 0.1968375 0.819671875 0.178896875 0.8680265625000001 0.1998265625 0.9073859375 0.2282328125 0.9152578124999999 0.246171875 0.91638125 0.2671015625 0.9130078125000001 0.2925171875 0.9051359375000001 0.2940109375 0.9051359375000001 0.32092187499999997 0.8950156249999999 0.3269015625 0.9006375 0.33437656250000003 0.9220046875 0.3418515625 0.942246875 0.3582953125 0.9444953125 0.37922656250000003 0.934375 0.4166 0.9197546875 0.41510625 0.9073859375 0.40464062500000003 0.8882687499999999 0.40464062500000003 0.8770234374999999 0.41211562500000004 0.8601546875 0.43005468750000003 0.8500343750000001 0.44799531249999996 0.833165625 0.4554703125 0.8252937499999999 0.46294531250000004 0.8162984375000001 0.45397499999999996 0.7971812500000001 0.4375296875 0.79493125 0.43155 0.79493125 0.4136109375 0.7971812500000001 0.39268125 0.80955 0.36577031249999997 0.817421875 0.3642765625 0.80955 0.3642765625 0.7983046875 0.36577031249999997 0.7791875 0.374740625 0.758946875 0.3956703125 0.743203125 0.41809531250000004 0.743203125 0.4435109375 0.7465765625 0.45696562500000004 0.74995 0.47490468750000003 0.7611953125 0.48088437500000003 0.7746906250000001 0.48088437500000003 0.7971812500000001 0.47490468750000003 0.8162984375000001 0.479390625 0.8286671875 0.495834375 0.8297921875000001 0.510784375 0.8252937499999999 0.528725 0.8219203125 0.5679375 0.8169124999999999 0.4973296875 0.7094671875
0 0 0.746965625 0.0082609375 0.7573234375 0.0274109375 0.7749296875 0.050817187500000006 0.7701265625 0.0657125 0.7541218749999999 0.0657125 0.7285125 0.052945312499999994 0.7045046875 0.032203125 0.6838 0 0.7000984375 0 0.746965625
0 0.6040546875 0.8837671874999999 0.589159375 0.8837671874999999 0.5827765625 0.8981734375 0.5827765625 0.914178125 0.58703125 0.9269828125 0.6019265625 0.9349859374999999 0.6274609375 0.9413875 0.6444828125 0.9397875000000001 0.66150625 0.92378125 0.6295890625 0.893371875 0.6040546875 0.8837671874999999
0 0.8061984375 0.195665625 0.772153125 0.1892625 0.7381078125 0.1924640625 0.7040625 0.2004671875 0.6891671875000001 0.213271875 0.6849125 0.2372796875 0.6870406250000001 0.2548859375 0.6976796875 0.27729375 0.7104468749999999 0.2949 0.7125734375 0.2997015625 0.753003125 0.30450468750000004 0.7806656249999999 0.2981015625 0.8061984375 0.2868984375 0.82535 0.2708921875 0.8359890625 0.2628890625 0.8338609375000001 0.250084375 0.82109375 0.23888125 0.8083265624999999 0.222875 0.8125828125 0.20206718750000002 0.8061984375 0.195665625
0 0.49553437499999997 0.31090625 0.50191875 0.317309375 0.5083015625 0.3253109375 0.5146859375 0.3317140625 0.5593703125 0.3333140625 0.574265625 0.3333140625 0.6104375 0.3301125 0.6317171874999999 0.3333140625 0.65725 0.3317140625 0.6742734375 0.3253109375 0.6444828125 0.302903125 0.6274609375 0.301303125 0.6168218750000001 0.29169999999999996 0.6083109375 0.27729375 0.6210765625 0.2548859375 0.6274609375 0.24368281249999998 0.6173093749999999 0.2224671875 0.49553437499999997 0.31090625
0 0.731725 0.3525203125 0.7168296875 0.3413171875 0.6934234375 0.3397171875 0.6785281249999999 0.3413171875 0.6721453125 0.36372499999999997 0.6721453125 0.371728125 0.663634375 0.38293125 0.6976796875 0.389334375 0.7236921875 0.38380000000000003 0.731725 0.3669265625 0.731725 0.3525203125
0 0.452978125 0.27569374999999996 0.46787343750000004 0.27569374999999996 0.4891515625 0.2692921875 0.5083015625 0.2516859375 0.49127968749999995 0.24048124999999998 0.48489531250000006 0.230878125 0.5125578125 0.2100703125 0.5168125 0.19886718750000001 0.5168125 0.1812609375 0.49127968749999995 0.176459375 0.46361718749999997 0.1924640625 0.4423390625 0.20847031249999998 0.42106093749999995 0.222875 0.41255 0.229278125 0.391271875 0.230878125 0.3785046875 0.22447499999999998 0.3657375 0.213271875 0.36999218749999996 0.1940640625 0.3848875 0.1812609375 0.391271875 0.1652546875 0.387015625 0.15405 0.3678640625 0.15084999999999998 0.33169218749999996 0.17165625 0.3104140625 0.1924640625 0.2912625 0.197265625 0.28487968750000003 0.21807343750000002 0.299775 0.230878125 0.316796875 0.248484375 0.321053125 0.266090625 0.32317968750000003 0.2788953125 0.35509843750000003 0.2965015625 0.359353125 0.301303125 0.3848875 0.3077046875 0.3997828125 0.2997015625 0.41042187500000005 0.2868984375 0.41467656249999996 0.27729375 0.4168046875 0.2708921875 0.4222734375 0.25846718750000003 0.43595625 0.266090625 0.452978125 0.27569374999999996
0 0.16997656249999998 0.18286093750000001 0.1593375 0.18286093750000001 0.14657031250000002 0.179659375 0.12741875 0.179659375 0.11252500000000001 0.179659375 0.093375 0.179659375 0.0720953125 0.1812609375 0.063584375 0.19086406250000001 0.063584375 0.19886718750000001 0.0720953125 0.213271875 0.0742234375 0.214871875 0.0848625 0.2164734375 0.0997578125 0.2164734375 0.1210359375 0.2164734375 0.14444218749999999 0.20686875 0.15808906250000002 0.1998 0.16997656249999998 0.18286093750000001
0 0.35961875 0.0754609375 0.3542953125 0.07145625 0.3449765625 0.06344531249999999 0.3356578125 0.0624453125 0.322346875 0.0624453125 0.314359375 0.0654484375 0.3037109375 0.0724578125 0.2930609375 0.07846562500000001 0.27841875 0.0844734375 0.27309375 0.08847812499999999 0.26776875 0.0984921875 0.27575625000000004 0.10650156250000001 0.2957234375 0.111509375 0.3050421875 0.10950625 0.313028125 0.10349843750000001 0.33033437499999996 0.0984921875 0.3383203125 0.0984921875 0.3529640625 0.10149531249999999 0.36760625 0.102496875 0.3915671875 0.09949375 0.3955609375 0.092484375 0.3902359375 0.08647656249999999 0.3679265625 0.0796296875 0.35961875 0.0754609375
0 0.6178656250000001 0.102496875 0.6072171875000001 0.0984921875 0.6032234375 0.0894796875 0.5845875 0.08847812499999999 0.56728125 0.0964890625 0.5446515625 0.107503125 0.5579640625 0.11651562499999998 0.57260625 0.121521875 0.57526875 0.1255265625 0.57526875 0.13253593749999998 0.56461875 0.1335375 0.5632890625 0.1365421875 0.5978984374999999 0.14755625 0.640496875 0.150559375 0.6498140625 0.145553125 0.6604640625 0.1365421875 0.6631265625 0.126528125 0.6471515625 0.12252343750000001 0.6298468749999999 0.1135109375 0.6178656250000001 0.102496875
0 0.9000734375 0.17659375 0.9014046875 0.161575 0.8867625 0.15456562499999998 0.8588078124999999 0.150559375 0.837509375 0.150559375 0.8241968749999999 0.1465546875 0.822865625 0.131534375 0.8175421875 0.11951875 0.8082234375 0.1155140625 0.78825625 0.1125109375 0.7802687500000001 0.111509375 0.7629640625 0.1155140625 0.7496515625 0.130534375 0.739003125 0.14154843749999999 0.721696875 0.1435515625 0.7057234375 0.1525625 0.7057234375 0.15756874999999998 0.723028125 0.1635765625 0.7576390625 0.16658125 0.786925 0.1715875 0.8068921874999999 0.17659375 0.829521875 0.17959843749999999 0.8468265625000001 0.1806 0.8704015625 0.178890625 0.8960812499999999 0.17959843749999999 0.9000734375 0.17659375
0 0.180421875 0.45074375 0.1680015625 0.452078125 0.1609046875 0.45608281249999993 0.15735625 0.4734328125 0.17155 0.47610156249999996 0.180421875 0.4774375 0.1999390625 0.46142031250000004 0.20482187500000001 0.44812343749999994 0.180421875 0.45074375