1 0 0.681453125 0.1255625 0.820965625 0.3165390625 0.8135406250000001 0.14301250000000001 0.555740625 0 0.566978125 0 0.681453125
1 0 0.5637234375 0.14426875 0.5540875 0 0.3417953125 0 0.5637234375
1 0.3157125 0.8132328125000001 0.12701875 0.821390625 0.26208906249999997 0.960465625 0.41316406250000004 0.962515625 0.3157125 0.8132328125000001
1 0.5230296875 0.8099703125 0.3200578125 0.8124171875 0.4162671875 0.964146875 0.5765546875 0.9652218749999999 0.5230296875 0.8099703125
1 0.14688125000000002 0.55304375 0.3188171875 0.814084375 0.5217875000000001 0.8116375 0.42397656250000004 0.5391421875 0.14688125000000002 0.55304375
1 0 0 0 0.3244703125 0.1530875 0.552371875 0.4212328125 0.5401359375 0.2258171875 0 0 0
1 0.234478125 0 0.43018437499999995 0.5398203125000001 0.729725 0.5246000000000001 0.7107421875 0 0.234478125 0
1 0.729103125 0.5261453125 0.4299234375 0.542459375 0.52586875 0.8136812499999999 0.7402765625 0.8092124999999999 0.729103125 0.5261453125
1 0.7489671875 0.9682484375 0.740896875 0.8099921875 0.526753125 0.8108078125 0.57810625 0.9652218749999999 0.7489671875 0.9682484375
1 0.9315875 0.9764046875 0.9831046875 0.8116234375 0.747725 0.8116234375 0.7545531249999999 0.9698796875 0.9315875 0.9764046875
1 1 0.5101140625 0.73715 0.5235125 0.7472375 0.8099921875 0.9800015625 0.8132546875 1 0.7443625 1 0.5101140625
1 0.7228484374999999 0 0.7373062499999999 0.5229546875 1 0.5078171874999999 1 0 0.7228484374999999 0
1 1 0.810246875 0.9862093749999999 0.8108078125 0.9373109375 0.9733765625 1 0.974646875 1 0.810246875
1 1 0.767109375 0.9874499999999999 0.8099921875 1 0.8110781250000001 1 0.767109375
0 0.25385625 0.8872921874999999 0.25385625 0.8930281250000001 0.2559109375 0.894378125 0.258478125 0.894040625 0.26104531249999996 0.893703125 0.265409375 0.893365625 0.26823281250000003 0.893365625 0.2710578125 0.8947140625 0.2733671875 0.8960640625 0.2749078125 0.8980890625000001 0.2767046875 0.8991015625 0.2951890625 0.9210312500000001 0.3008375 0.9274421875 0.3069984375 0.9355390625 0.3118765625 0.9389140625 0.31778125 0.9395875 0.32394218750000003 0.9412750000000001 0.3288203125 0.94195 0.332928125 0.9433 0.3336984375 0.9382390624999999 0.3313875 0.9372265625 0.32805 0.9352015625 0.32856406250000003 0.9335156250000001 0.32779375 0.9301406249999999 0.326509375 0.9291296875 0.3241984375 0.9281171875 0.32240156249999996 0.9271046875 0.31829375 0.92373125 0.3139296875 0.9213687500000001 0.309821875 0.9173203125 0.3049453125 0.9129343750000001 0.3008375 0.9092234375 0.2969859375 0.9055109375000001 0.29159531250000004 0.9031499999999999 0.2880015625 0.8994390624999999 0.28697343750000004 0.8947140625 0.29390625 0.8903281249999999 0.2985265625 0.8872921874999999 0.3021203125 0.88189375 0.2987828125 0.874134375 0.295703125 0.8690734375 0.292878125 0.8646874999999999 0.2897984375 0.860975 0.28671718749999997 0.8572640625 0.28415 0.854228125 0.2803 0.8457921875000001 0.279271875 0.84140625 0.2761921875 0.8366828125 0.2743953125 0.8326343749999999 0.2731109375 0.8292609375 0.27003125 0.8248734375 0.265665625 0.8208249999999999 0.26361249999999997 0.8194765625 0.2597609375 0.8167765625 0.2559109375 0.8181265625 0.25719375 0.8238625 0.2597609375 0.8272359375 0.26232812499999997 0.8309468750000001 0.265665625 0.8370203125 0.2661796875 0.84174375 0.2659234375 0.8471421875 0.2713140625 0.8565890625 0.2769625 0.8677234374999999 0.2782453125 0.8785203125000001 0.27413750000000003 0.8694109375 0.2692609375 0.8640125 0.2643828125 0.8589515625 0.25899218749999997 0.853890625 0.254884375 0.8457921875000001 0.24949218750000002 0.8390453125 0.24384531250000002 0.831959375 0.23999375 0.8245374999999999 0.23588593750000003 0.8211625 0.2322921875 0.8188015625 0.2302390625 0.8194765625 0.23434531249999999 0.8272359375 0.24410156249999998 0.8397203125000001 0.2492359375 0.8464671875 0.2543703125 0.852203125 0.2597609375 0.8592890625 0.2664359375 0.8673859374999999 0.2677203125 0.8687359375 0.2679765625 0.871771875 0.2630984375 0.871434375 0.258734375 0.8673859374999999 0.255140625 0.863675 0.251803125 0.8596265624999999 0.25000625 0.8555765624999999 0.24410156249999998 0.8484921875 0.24102031249999997 0.84376875 0.2369125 0.8397203125000001 0.23280625000000002 0.8373578125 0.23588593750000003 0.8484921875 0.243075 0.8579390625000001 0.25385625 0.871771875 0.2597609375 0.8775078125 0.261559375 0.88054375 0.258478125 0.8825687500000001 0.25770781249999997 0.88459375 0.255140625 0.8852671875 0.25385625 0.8872921874999999
0 0.3052015625 0.950384375 0.3016078125 0.950384375 0.29493281250000003 0.9527468750000001 0.29108125 0.954096875 0.289028125 0.953759375 0.285434375 0.949709375 0.2815828125 0.943975 0.2769625 0.9412750000000001 0.272340625 0.9406000000000001 0.27003125 0.9422875 0.268490625 0.9456609374999999 0.268490625 0.9476859375 0.26720625 0.9473484375 0.265153125 0.9436375 0.26258593750000003 0.9422875 0.25924843750000004 0.9412750000000001 0.254884375 0.9412750000000001 0.2507765625 0.9412750000000001 0.244871875 0.939925 0.255140625 0.9507218749999999 0.265153125 0.9611812499999999 0.31084999999999996 0.9594953125 0.3103359375 0.9547703125 0.3085390625 0.952409375 0.3052015625 0.950384375
0 0.3444796875 0.9382390624999999 0.34140000000000004 0.9395875 0.3393453125 0.9409375000000001 0.3372921875 0.9429624999999999 0.3360078125 0.943975 0.3308734375 0.950384375 0.32959062499999997 0.953759375 0.3339546875 0.9584828125 0.3357515625 0.96016875 0.36245 0.9594953125 0.3596265625 0.953759375 0.35551875 0.951059375 0.35603281249999996 0.9490359375 0.3596265625 0.9483609375000001 0.363734375 0.9466734375 0.365275 0.9402625 0.3642484375 0.9382390624999999 0.3596265625 0.931490625 0.356803125 0.9274421875 0.3544921875 0.9257546874999999 0.3524390625 0.9220437499999999 0.346790625 0.912596875 0.3419125 0.9068609375 0.33677812500000004 0.8980890625000001 0.333184375 0.892353125 0.33113125 0.8886421875 0.3319 0.8856046875000001 0.3293328125 0.88054375 0.3275359375 0.8781828125000001 0.325996875 0.8761578125 0.322659375 0.8694109375 0.32034843749999997 0.8633374999999999 0.3139296875 0.8555765624999999 0.312903125 0.8508531250000001 0.3072546875 0.84106875 0.3016078125 0.831959375 0.3000671875 0.8279109375000001 0.2998109375 0.8245374999999999 0.302634375 0.8218375 0.3031484375 0.8191390625 0.302634375 0.8177890624999999 0.295703125 0.8167765625 0.29056875 0.8171140625 0.28825781250000004 0.8171140625 0.292365625 0.8285859375 0.296215625 0.8360078124999999 0.3000671875 0.8430937500000001 0.30289062499999997 0.8484921875 0.305971875 0.853553125 0.3100796875 0.8586140625 0.316496875 0.8710968749999999 0.32034843749999997 0.8795328124999999 0.3221453125 0.8832437499999999 0.32368593749999997 0.8879671874999999 0.32830625 0.8960640625 0.3319 0.9034875 0.3370359375 0.9109093749999999 0.34114218749999997 0.9159703125 0.3442234375 0.9223812499999999 0.3473046875 0.9277796875 0.3506421875 0.931490625 0.351925 0.9345281249999999 0.35045000000000004 0.938409375 0.3455078125 0.9379015624999999 0.3444796875 0.9382390624999999
0 0.42868593749999995 0.8245515625 0.42919843750000003 0.8296125 0.4343328125 0.8339984375 0.43869687500000004 0.8343359375 0.4443453125 0.8316375 0.44665625000000003 0.82995 0.4497359375 0.8269140625 0.45153437500000004 0.8232015625000001 0.45050625 0.8198281250000001 0.448196875 0.8171296874999999 0.44485937499999995 0.8164546874999999 0.4407515625 0.8161171875000001 0.4374140625 0.8154421875000001 0.4358734375 0.8157796875000001 0.4343328125 0.819153125 0.43048281250000003 0.8228640625000001 0.42868593749999995 0.8245515625
0 0.410971875 0.8603156249999999 0.41225468750000005 0.8579531250000001 0.41276875 0.8562671875 0.41328125 0.8518812499999999 0.4119984375 0.84985625 0.4102015625 0.84850625 0.407890625 0.8481687499999999 0.4071203125 0.8518812499999999 0.408146875 0.8576171875 0.410971875 0.8603156249999999
0 0.4320234375 0.9611968750000001 0.43253593749999997 0.9611968750000001 0.4343328125 0.9622093749999999 0.43664375 0.9645703125 0.4374140625 0.9665953125 0.43998125000000005 0.9659203125 0.4407515625 0.9638953125 0.441778125 0.9618718749999999 0.441521875 0.9611968750000001 0.43869687500000004 0.9571484375000001 0.43638750000000004 0.9551234375 0.43305 0.9541109375 0.431765625 0.9551234375 0.43022499999999997 0.9581593749999999 0.4320234375 0.9611968750000001
0 0.5052156250000001 0.833734375 0.5027109375000001 0.833321875 0.49989375 0.8394953125000001 0.49989375 0.8407296875 0.497075 0.8448437500000001 0.5008328125 0.8559546875 0.5045890625 0.858834375 0.5089734375 0.8592453125 0.5155484375 0.8596578125000001 0.518678125 0.8592453125 0.5221234375 0.8547203124999999 0.5252546875 0.8506046875 0.52619375 0.84525625 0.5252546875 0.8382609375 0.5240015625 0.8341453124999999 0.5224359375 0.83003125 0.51993125 0.8263281250000001 0.5174265625000001 0.8263281250000001 0.5117906249999999 0.8263281250000001 0.5086593749999999 0.83003125 0.5108515625 0.8353796875 0.5127296875 0.83990625 0.5077203124999999 0.8357921875000001 0.5052156250000001 0.833734375
0 0.5719046875 0.8925765625000001 0.57253125 0.899159375 0.5778546875 0.9003937499999999 0.5816109375 0.899571875 0.5863078125000001 0.902040625 0.5938218749999999 0.9040984375000001 0.596640625 0.899571875 0.5960140625 0.8884609375 0.5925703125 0.8851687500000001 0.586934375 0.878175 0.5812984375 0.8707671875 0.5800453125 0.8633609375000001 0.589125 0.8608921875 0.5938218749999999 0.8555421875 0.5938218749999999 0.853896875 0.5928828125 0.847725 0.59194375 0.8431984375000001 0.590378125 0.83990625 0.5885 0.8362031249999999 0.586934375 0.8324999999999999 0.583490625 0.8292078125 0.5850562499999999 0.8255046875 0.5828640625 0.8222125 0.580671875 0.818509375 0.5794203125 0.816040625 0.5740968750000001 0.8180984375 0.5719046875 0.8234468749999999 0.5643906249999999 0.831265625 0.5581296874999999 0.8304421874999999 0.554371875 0.8222125 0.5506140625 0.8164515625 0.54591875 0.8152171875 0.547796875 0.8255046875 0.5537453125 0.8353796875 0.5568765625000001 0.8448437500000001 0.5622 0.8534859375 0.5653296875 0.86048125 0.5700265625000001 0.8650062500000001 0.5740968750000001 0.8707671875 0.5740968750000001 0.8736484375 0.57573125 0.8815328125 0.5734703125 0.8864046875 0.5719046875 0.8925765625000001
0 0.6154734375 0.9246671875000001 0.6186578125 0.9298968750000001 0.6215765625 0.9316390625000001 0.6242296875 0.9326859375 0.6268812500000001 0.9344281249999999 0.6311265625 0.934778125 0.6329828125 0.9337312499999999 0.6353718749999999 0.9298968750000001 0.6361671875 0.9278046874999999 0.6337796875 0.9260609375 0.631921875 0.921528125 0.6300656250000001 0.9211796874999999 0.6284734375000001 0.9180421875 0.627146875 0.9138578125000001 0.6242296875 0.9117656249999999 0.622371875 0.9089765625 0.6210453125 0.9072328125 0.619984375 0.90479375 0.6191890625 0.902003125 0.615209375 0.89816875 0.6130859375 0.8943328125000001 0.6128218750000001 0.8904984375 0.6106984375 0.88526875 0.609371875 0.8814328124999999 0.60778125 0.8769 0.60725 0.8741109375 0.6061890625 0.8713218749999999 0.6061890625 0.868184375 0.605128125 0.86574375 0.6032703125000001 0.8633031250000001 0.6014140625 0.8692296875000001 0.60433125 0.8758546875000001 0.6064546875 0.8831765624999999 0.606984375 0.8891031249999999 0.6080453125 0.8929390625 0.610434375 0.8971218750000001 0.612290625 0.902003125 0.6133515625 0.9072328125 0.61255625 0.9110687499999999 0.615209375 0.9131609375 0.6178625 0.9152531249999999 0.619984375 0.91769375 0.6205140625000001 0.9194359375 0.6213703125000001 0.9231546875 0.61733125 0.9229234375 0.6154734375 0.9246671875000001
0 0.5006406250000001 0.7146656250000001 0.5014359374999999 0.7181515625 0.5062109375 0.720940625 0.50223125 0.719546875 0.500109375 0.7219875 0.49904843750000005 0.724078125 0.500109375 0.7254734375 0.5009046875000001 0.72651875 0.50515 0.7303546875 0.5123125 0.7352359374999999 0.5184140625 0.73976875 0.5218640625 0.74290625 0.52716875 0.7463921874999999 0.5340671875 0.7488328125 0.5409640625 0.750925 0.5441484375 0.7512734375 0.5449437500000001 0.7477875 0.550515625 0.7498796875 0.555290625 0.7491828125 0.5587390625 0.7467421875 0.5584734375 0.7422093750000001 0.555025 0.73976875 0.5534328125 0.7390718749999999 0.5513109375 0.7376765625 0.5494546875 0.7314 0.5430875000000001 0.7272171875 0.535659375 0.72338125 0.5300874999999999 0.720940625 0.522659375 0.716059375 0.5192109375 0.7132703125 0.5139046875 0.7101328125 0.512578125 0.7035078125 0.507803125 0.6982781250000001 0.5059453125 0.696884375 0.5064765625 0.695140625 0.5075375 0.6906078124999999 0.507271875 0.6881671875 0.5040890625000001 0.68468125 0.5027625 0.6818906250000001 0.5038234375 0.67945 0.50515 0.6777078125 0.5070078125 0.6759640625000001 0.5085984375 0.6735234375 0.5115171875 0.6700375000000001 0.512578125 0.6686421874999999 0.5144359374999999 0.66655 0.5157625 0.6644578125 0.5157625 0.6623671875 0.5144359374999999 0.6588796875 0.5115171875 0.6581828125 0.509659375 0.659228125 0.5083328125000001 0.6623671875 0.5062109375 0.6662015625000001 0.5024968750000001 0.6710828125 0.497190625 0.673175 0.49480312499999995 0.6766609375 0.4937421875 0.678753125 0.49400781250000003 0.6839828125 0.49427343749999997 0.6857265625 0.49480312499999995 0.687121875 0.4966609375 0.6899109375 0.49586406250000004 0.6930484375 0.49745625000000004 0.698975 0.49798749999999997 0.7028109375 0.49904843750000005 0.7042046875 0.5024968750000001 0.708040625 0.5017015625 0.7094359375 0.4993453125 0.7122921875 0.5006406250000001 0.7146656250000001
0 1 0.2897859375 0.9953890624999999 0.29735625 0.9878453125 0.3342515625 0.9803015625 0.3419609375 0.9769484374999999 0.353525 0.9769484374999999 0.3612328125 0.9698234375 0.36894218749999996 0.9685671875 0.37995625 0.9601843750000001 0.388215625 0.9585078125000001 0.3942734375 0.94970625 0.3942734375 0.9446765625 0.40032968750000003 0.939228125 0.40143125 0.9329421874999999 0.40693906249999995 0.92749375 0.4063875 0.9216265625 0.40969218749999997 0.9149203124999999 0.4174015625 0.9136625 0.42786406250000003 0.9161781250000001 0.4311671875 0.9157578125000001 0.4383265625 0.9207875 0.4465859375 0.931684375 0.45264375 0.941325 0.45099062500000003 0.9480296875 0.45649843749999997 0.9647953125000001 0.45429531250000005 0.989103125 0.4394265625 0.9937140624999999 0.4339203125 0.9991625000000001 0.42180625000000005 1 0.40253281249999995 1 0.2897859375
0 0.8541484374999999 0.2230171875 0.8646265625 0.20815 0.8646265625 0.20099062499999998 0.8612734375000001 0.1971359375 0.8570828125000001 0.19603593749999998 0.8503765624999999 0.20264375 0.8419953124999999 0.2064984375 0.8382234375 0.200440625 0.83403125 0.1811671875 0.8315171875 0.17896406250000002 0.830259375 0.1943828125 0.8357078124999999 0.20099062499999998 0.836546875 0.20815 0.8352890625 0.20980156249999998 0.832775 0.20594687500000003 0.8290031250000001 0.2075984375 0.8310984375 0.21475781249999998 0.8269062500000001 0.2202640625 0.8269062500000001 0.22356875 0.8277453124999999 0.2274234375 0.8298406249999999 0.226871875 0.8306796875 0.229075 0.8432515625000001 0.22411875 0.8541484374999999 0.2230171875
0 0.4516859375 0 0.4723390625 0.0947140625 0.47527187499999995 0.11233437500000001 0.47652968749999997 0.1360125 0.48491249999999997 0.1778640625 0.48616875000000004 0.1943828125 0.4953890625 0.24339218749999997 0.4991625 0.252753125 0.5012578125 0.24339218749999997 0.5020953125000001 0.221365625 0.49958125000000003 0.2070484375 0.4945515625 0.1938328125 0.489103125 0.16134375 0.48281718749999997 0.11618906250000001 0.47904375000000005 0.0721359375 0.4689859375 0.0374453125 0.466890625 0.0110125 0.4648578125 0 0.4516859375 0
0 0.5079625 0.5523125 0.52179375 0.55726875 0.5339484375 0.5495593750000001 0.5435875 0.550109375 0.546521875 0.5451546875 0.546521875 0.5324890625 0.55113125 0.5280843749999999 0.5641234374999999 0.5220265625 0.5746015625 0.5198234375 0.57334375 0.5088109375000001 0.5699921875 0.5011015624999999 0.5641234374999999 0.5033046875 0.5549031249999999 0.5022031250000001 0.5507125 0.49834843749999996 0.5486171875 0.4933921875 0.5448453125 0.4570484375 0.5389781250000001 0.45099062500000003 0.5352046875 0.440528125 0.5280796875 0.356828125 0.511734375 0.2819390625 0.510478125 0.284140625 0.511734375 0.3105734375 0.52095625 0.356278125 0.525146875 0.4256609375 0.5301765625 0.45649843749999997 0.5301765625 0.47136562499999995 0.5205359374999999 0.47026406249999997 0.51466875 0.4570484375 0.48155937499999996 0.3430609375 0.4777875 0.3392078125 0.4689859375 0.3403078125 0.45808906250000003 0.3342515625 0.44342031249999997 0.3028640625 0.44216249999999996 0.29625625 0.4325234375 0.273128125 0.430428125 0.271475 0.4291703125 0.27973593750000003 0.430428125 0.2879953125 0.43503749999999997 0.29625625 0.4396484375 0.3116734375 0.44761093750000003 0.3232375 0.4513828125 0.336453125 0.4547359375 0.3403078125 0.46395625 0.3612328125 0.4698234375 0.396475 0.47862499999999997 0.43281875000000003 0.48826562500000004 0.4465859375 0.492875 0.4575984375 0.4941328125 0.4647578125 0.49329375000000003 0.487334375 0.4907796875 0.492290625 0.48323593750000005 0.4928421875 0.4807203125 0.5225765625000001 0.48365468749999996 0.5297359375 0.4870078125 0.5297359375 0.49329375000000003 0.5357921875 0.48616875000000004 0.5401984375 0.48491249999999997 0.54735625 0.48868437499999995 0.562775 0.4945515625 0.5688328125 0.5004187499999999 0.56773125 0.5079625 0.5523125
0 0.6542328125 0.8023125 0.6538140625 0.7852421875 0.6471078125 0.779184375 0.6445937500000001 0.7621140625 0.6441749999999999 0.7384359375 0.6383062500000001 0.7191625 0.6362109375 0.720815625 0.6395640625000001 0.7439421875 0.6383062500000001 0.770925 0.6362109375 0.770925 0.634115625 0.7670703125 0.6274093749999999 0.7378859375 0.6135796874999999 0.6668499999999999 0.6165125 0.658590625 0.619028125 0.6409687500000001 0.6135796874999999 0.6178421875 0.6102265625000001 0.6156390625 0.604359375 0.606278125 0.60100625 0.596365625 0.6031015625 0.5374453124999999 0.5955578125 0.53634375 0.589690625 0.538546875 0.5942999999999999 0.5710359375 0.590528125 0.5969156250000001 0.5846609375 0.5941625 0.5775359375 0.585903125 0.5695718750000001 0.5418499999999999 0.56538125 0.539096875 0.5649625 0.544603125 0.5775359375 0.6024234374999999 0.5792125 0.607378125 0.582984375 0.6112328125000001 0.5884328125 0.6106828125 0.590528125 0.6128859375 0.5955578125 0.6371140625 0.59388125 0.648678125 0.5959765625 0.6624453124999999 0.6035203124999999 0.6745593750000001 0.6060359375 0.6866734375 0.6135796874999999 0.7042953125 0.6236375 0.7406390625 0.6257328125 0.75495625 0.6253140625 0.7643171875 0.6215421875 0.770375 0.611903125 0.7560578125 0.6135796874999999 0.771475 0.620284375 0.7874453124999999 0.63118125 0.7924015625 0.6391453125 0.804515625 0.6437546875 0.8067187499999999 0.6496234375000001 0.8067187499999999 0.6542328125 0.8023125
0 0.70243125 0.6117843749999999 0.7078796875 0.5996703125 0.7045265625 0.5561671875 0.705784375 0.534140625 0.70326875 0.5324890625 0.698659375 0.5330390625 0.6978203125 0.53634375 0.699915625 0.5732375000000001 0.69530625 0.6024234374999999 0.68818125 0.604075 0.6894390625 0.5936125 0.6856656250000001 0.5897578125 0.681475 0.590859375 0.6839906250000001 0.60958125 0.6869234375 0.6128859375 0.6919531250000001 0.6139875 0.698659375 0.6139875 0.70243125 0.6117843749999999
0 0.728834375 0.5583703125 0.728834375 0.549009375 0.72464375 0.5407484375 0.7191953125 0.538546875 0.7141656249999999 0.5429515625 0.713328125 0.549009375 0.7108125000000001 0.5528640625000001 0.7116515625 0.5616734375 0.713746875 0.5633265625 0.7204531249999999 0.562775 0.728834375 0.5583703125
0 0.6827328125000001 0.8017625 0.6764453125000001 0.7929515625 0.6730937499999999 0.7918499999999999 0.667225 0.8028640625 0.670159375 0.8061671875 0.6764453125000001 0.8072687500000001 0.6810562499999999 0.8067187499999999 0.6827328125000001 0.8017625
0 0 0.236578125 0.0062859375 0.241740625 0.0155078125 0.2411890625 0.025984374999999997 0.24559531250000002 0.0280796875 0.24504375 0.0335296875 0.23568281249999998 0.0373015625 0.23788593750000003 0.0490359375 0.267621875 0.058256249999999996 0.2813875 0.0737640625 0.3138765625 0.083821875 0.3292953125 0.09471874999999999 0.356828125 0.10855 0.37445 0.119446875 0.3992296875 0.1433359375 0.44273125 0.1471078125 0.4520921875 0.148784375 0.4675109375 0.15842343750000001 0.4889875 0.163453125 0.4933921875 0.1764453125 0.4988984375 0.1940484375 0.5016515625 0.2154234375 0.5 0.220453125 0.491740625 0.2200328125 0.48347968750000003 0.2158421875 0.47356875 0.205784375 0.46145312499999996 0.1940484375 0.44218124999999997 0.1806375 0.4339203125 0.17770312500000002 0.430065625 0.1651296875 0.40528593749999997 0.15632812499999998 0.393721875 0.134953125 0.356828125 0.11651249999999999 0.3160796875 0.10813124999999998 0.3039640625 0.0930421875 0.27532968750000003 0.0854984375 0.26541875 0.0775359375 0.247796875 0.054484374999999995 0.21310625 0.046521875000000004 0.195484375 0.02179375 0.1569390625 0.00754375 0.1266515625 0 0.11921875 0 0.236578125
0 0.23721718749999998 0.1360125 0.2342828125 0.1266515625 0.228415625 0.12004375 0.22757812500000002 0.1134359375 0.22170937500000001 0.101321875 0.213328125 0.0974671875 0.207040625 0.09085937499999999 0.2007546875 0.0903078125 0.19530625 0.080946875 0.18231406249999998 0.080946875 0.17351250000000001 0.075440625 0.1689015625 0.06828125 0.163034375 0.070484375 0.1617765625 0.0765421875 0.163871875 0.08149843749999999 0.1680640625 0.08755468749999999 0.17393125 0.0903078125 0.17770312500000002 0.0996703125 0.1894390625 0.11508750000000001 0.2007546875 0.12444999999999999 0.20829843750000002 0.1338109375 0.21626093750000003 0.1349125 0.22170937500000001 0.143721875 0.228834375 0.1442734375 0.2367984375 0.1398671875 0.23721718749999998 0.1360125
0 0.4220453125 0.5484578124999999 0.423303125 0.5424015625 0.4216265625 0.539096875 0.41869218750000003 0.538546875 0.41324375 0.52643125 0.3968984375 0.5198234375 0.3901921875 0.520925 0.3922890625 0.5280843749999999 0.4036046875 0.538546875 0.4010890625 0.544603125 0.40192812499999997 0.54735625 0.41994999999999993 0.55726875 0.423303125 0.5512109374999999 0.4220453125 0.5484578124999999
0 0.41282500000000005 0.783590625 0.40905312499999996 0.7802859375 0.40444218750000005 0.7802859375 0.402346875 0.77643125 0.394384375 0.7725765625000001 0.3922890625 0.7747796874999999 0.3927078125 0.7808375 0.4036046875 0.79625625 0.41030937500000003 0.7935015625 0.41282500000000005 0.783590625
0 1 0.6744015625 0.9974859374999999 0.6789640625 0.9916171874999999 0.68226875 0.9744343750000001 0.685021875 0.9660515625 0.68226875 0.9585078125000001 0.669603125 0.9526406250000001 0.6663 0.9518015625 0.6629953125 0.9551546875 0.6569390625 0.9647953125000001 0.6244500000000001 0.9748531249999999 0.6051765625 0.9828171875 0.5589203125 0.981559375 0.544053125 0.98575 0.518171875 0.97904375 0.517621875 0.9765296875 0.520925 0.9698234375 0.5589203125 0.9698234375 0.5754406249999999 0.9660515625 0.6029734375 0.953478125 0.632709375 0.9467734374999999 0.6602421875 0.9446765625 0.6624453124999999 0.9346187499999999 0.6618937500000001 0.930846875 0.6596921874999999 0.931265625 0.648678125 0.9346187499999999 0.6343609375 0.9342 0.6227968749999999 0.9434203125 0.580946875 0.9430015624999999 0.574890625 0.9467734374999999 0.5495593750000001 0.952221875 0.523128125 0.9505453125000001 0.518721875 0.9421625 0.518721875 0.941325 0.54735625 0.938390625 0.5517624999999999 0.9362953125000001 0.5870046875 0.931684375 0.5980171875 0.9295890625000001 0.6101328125000001 0.9291703124999999 0.6343609375 0.927075 0.6393171875 0.9212078125 0.6806171875 0.91995 0.6844718750000001 0.9157578125000001 0.6883265625 0.8763624999999999 0.6894265625 0.866303125 0.687225 0.86295 0.685021875 0.86169375 0.6811671875 0.86169375 0.663546875 0.8633703125000001 0.6530843749999999 0.86169375 0.6338109375000001 0.866303125 0.63050625 0.8679796874999999 0.6261015624999999 0.865046875 0.6227968749999999 0.8549875 0.6211453125 0.8533109375000001 0.6189421875 0.8533109375000001 0.6117843749999999 0.8562453124999999 0.601871875 0.8612734375000001 0.5660796875 0.8717515625000001 0.54680625 0.8788765625 0.5242296875 0.8738468749999999 0.5225765625000001 0.8713328125 0.5247796874999999 0.86169375 0.5517624999999999 0.8570828125000001 0.5561671875 0.8487 0.5947140625 0.8457671875000001 0.5996703125 0.8432515625000001 0.5996703125 0.8394796875000001 0.5930609375 0.8382234375 0.5726875 0.84115625 0.5313875 0.8428328125 0.5253296875 0.836965625 0.523678125 0.8319359375 0.5258812500000001 0.8076281249999999 0.5258812500000001 0.8025984375 0.528634375 0.7958921875 0.5275328125 0.79673125 0.5479078125 0.794215625 0.5589203125 0.792959375 0.6161890624999999 0.7979875 0.625 0.8051125000000001 0.625 0.8176859375 0.633259375 0.8256500000000001 0.6310578125 0.8466046875 0.632709375 0.8503765624999999 0.6349125 0.85456875 0.643721875 0.8528921875 0.6844718750000001 0.8541484374999999 0.6894265625 0.8742671874999999 0.6943828125 0.8801343749999999 0.6993390625 0.917434375 0.6965859375 0.9283312499999999 0.6971359374999999 0.9404859374999999 0.700990625 0.9744343750000001 0.700990625 0.9811406249999999 0.70319375 0.9903609375 0.70264375 0.996646875 0.6976875 1 0.6918140625 1 0.6744015625
0 0.8021796875 0.773678125 0.8080468749999999 0.7747796874999999 0.8126578125 0.7720265625 0.832775 0.770925 0.84744375 0.7593609375 0.86169375 0.7522031250000001 0.865884375 0.7433921875 0.865884375 0.7389875 0.8604359374999999 0.7356828125 0.85456875 0.7389875 0.8533109375000001 0.7439421875 0.850796875 0.74449375 0.8495390625000001 0.7362328125000001 0.8453484375 0.731828125 0.8336124999999999 0.7307265625 0.8323546875 0.721365625 0.8352890625 0.710903125 0.8344515625 0.7015421875000001 0.8382234375 0.6910796875 0.8382234375 0.6883265625 0.8348703125 0.6844718750000001 0.832775 0.6888765625 0.832775 0.6960359375 0.830259375 0.705396875 0.8235546875 0.7064984375 0.8210390625 0.70374375 0.8034359375 0.710903125 0.8038562499999999 0.7433921875 0.8063703125 0.7505499999999999 0.804275 0.7566078125 0.793378125 0.7593609375 0.7887671875 0.7643171875 0.7849953125 0.7599125 0.7828999999999999 0.75 0.7799671874999999 0.7461453125 0.778709375 0.752753125 0.765296875 0.7659687500000001 0.76739375 0.771475 0.7774515625 0.7797359375 0.79673125 0.7775328125 0.8021796875 0.773678125
0 0.9216265625 0.7698234375 0.9216265625 0.7670703125 0.9178546875 0.7648671874999999 0.9186921874999999 0.7599125 0.9291703124999999 0.7610125 0.931684375 0.758259375 0.9291703124999999 0.7538546875 0.9161781250000001 0.7505499999999999 0.9111484375 0.7505499999999999 0.9073765625 0.7533046875 0.909471875 0.758259375 0.917434375 0.7599125 0.9157578125000001 0.7670703125 0.91324375 0.7692734375 0.9149203124999999 0.7758812500000001 0.9191109375 0.7753296875 0.9216265625 0.7698234375
0 0.1944671875 0.7802859375 0.18901874999999999 0.7742296875 0.18440937500000001 0.7742296875 0.184828125 0.7808375 0.1898578125 0.7830390625 0.1940484375 0.7830390625 0.1944671875 0.7802859375
0 0.049875 0.604075 0.0461015625 0.5991187499999999 0.039396875 0.596365625 0.039396875 0.6007703125 0.0494546875 0.612334375 0.05238906250000001 0.6101328125000001 0.049875 0.604075
0 0.060771874999999996 0.6497796874999999 0.047778125 0.646475 0.032690625 0.6288546875 0.0276609375 0.6261015624999999 0.0205359375 0.6178421875 0.017603125 0.617290625 0.0201171875 0.6238984375000001 0.027242187499999997 0.6288546875 0.0410734375 0.645375 0.04316875 0.6503296875 0.05071250000000001 0.6547359375 0.058675 0.654184375 0.060771874999999996 0.6497796874999999
0 0.40067031249999996 0.7015421875000001 0.402346875 0.6982375000000001 0.3922890625 0.6938328125 0.39186875 0.6982375000000001 0.395640625 0.700990625 0.395221875 0.7087 0.39899375 0.710903125 0.40067031249999996 0.7103531249999999 0.40067031249999996 0.7015421875000001
0 0.40611875 0.6861234375 0.40276562499999996 0.6833703125 0.39899375 0.6833703125 0.39815625 0.6888765625 0.402346875 0.6910796875 0.40486093749999996 0.6910796875 0.40611875 0.6861234375
0 0.8675609375000001 0.9476875 0.873428125 0.9383265625 0.8763624999999999 0.9366734375 0.8801343749999999 0.9289640625000001 0.8788765625 0.9212562500000001 0.8843249999999999 0.892621875 0.880971875 0.892621875 0.880971875 0.8959250000000001 0.87594375 0.9063874999999999 0.87594375 0.9300656249999999 0.8738468749999999 0.9306171875 0.865884375 0.9427312499999999 0.8453484375 0.950440625 0.8461859374999999 0.95319375 0.8499578124999999 0.9553968749999999 0.859178125 0.9575984375000001 0.8679796874999999 0.9548453125 0.8675609375000001 0.9476875
0 0.858759375 0.8645375 0.85456875 0.8628859375 0.851215625 0.8546250000000001 0.8499578124999999 0.835903125 0.850796875 0.8144265624999999 0.8436718750000001 0.8144265624999999 0.8394796875000001 0.8188328125 0.84031875 0.8248906249999999 0.8453484375 0.8287437499999999 0.8461859374999999 0.8353531249999999 0.8457671875000001 0.856828125 0.8424140625 0.8639875 0.8537296874999999 0.8672906250000001 0.8575015625000001 0.866740625 0.858759375 0.8645375
0 0.9945515625000001 0.8480171875 0.9928750000000001 0.8447140624999999 0.9840734375 0.8436125000000001 0.9828171875 0.8452640625000001 0.9786250000000001 0.856278125 0.98533125 0.8579296875000001 0.99329375 0.8540749999999999 0.9945515625000001 0.8480171875