1 0 0.3285265625 0.032753125 0.3252125 0.0224484375 0.234653125 0 0.23262187499999998 0 0.3285265625
1 0 0.4939 0.0533640625 0.48755781249999997 0.0342265625 0.32189999999999996 0 0.3296296875 0 0.4939
1 0 0.9115796875 0.10783125 0.884990625 0.0563078125 0.48630625 0 0.4940375 0 0.9115796875
1 0 1 0.11666406250000001 0.9987421875000001 0.10194375 0.8894078125 0 0.9170171874999999 0 1
1 0.0224484375 0.23349999999999999 0.0356984375 0.324059375 0.2638765625 0.30749375 0.20465312500000002 0.22342187500000002 0.0224484375 0.23349999999999999
1 0.2624046875 0.3063890625 0.0356984375 0.32185 0.0607234375 0.4886125 0.3678 0.45158125 0.2624046875 0.3063890625
1 0.371340625 0.4510640625 0.06366875 0.49082187499999996 0.1137203125 0.88619375 0.6112953125 0.772440625 0.371340625 0.4510640625
1 0.78795 1 0.6083515625 0.773446875 0.1151921875 0.8860953125 0.13473437500000002 0.9971390625 0.78795 1
1 0.20351875000000003 0.22360937500000003 0.26534843750000003 0.30643750000000003 0.467028125 0.2942890625 0.371340625 0.2202953125 0.20351875000000003 0.22360937500000003
1 0.467028125 0.2909765625 0.26093125 0.3042296875 0.371340625 0.44890468749999995 0.63153125 0.4203 0.467028125 0.2909765625
1 0.6333765625 0.42019062500000004 0.36986875 0.44890468749999995 0.6127671875 0.77028125 0.9866859375000001 0.68855625 0.6333765625 0.42019062500000004
1 1 0.70603125 0.9896296875000001 0.6883609374999999 0.6157125 0.77229375 0.7885453124999999 0.998978125 1 1 1 0.70603125
1 0.368578125 0.218184375 0.4693578125 0.2933046875 0.643134375 0.279734375 0.5156046875 0.2098765625 0.368578125 0.218184375
1 0.6463656249999999 0.279734375 0.4667734375 0.2947578125 0.6347375000000001 0.41979531249999996 0.8579640625 0.393975 0.6463656249999999 0.279734375
1 0.63480625 0.42132500000000006 1 0.6949125 0.9990765625 0.46525156250000005 0.8607515625 0.39356874999999997 0.63480625 0.42132500000000006
1 0.514565625 0.21022968749999998 0.644715625 0.280609375 0.8092203124999999 0.2677234375 0.6495062500000001 0.2034875 0.514565625 0.21022968749999998
1 0.9996265624999999 0.343453125 0.8059171875000001 0.26623593749999996 0.6427343750000001 0.2811046875 0.8607515625 0.3931171875 1 0.3757703125 0.9996265624999999 0.343453125
1 1 0.3747796875 0.865315625 0.3938234375 1 0.466471875 1 0.3747796875
1 0.6489078125 0.2032921875 0.8041640624999999 0.2667328125 0.956775 0.2548375 0.777234375 0.1960546875 0.6489078125 0.2032921875
1 1 0.26830937499999996 0.9554546875 0.25384531250000003 0.8041640624999999 0.2667328125 1 0.3460328125 1 0.26830937499999996
1 1 0.22162968749999998 0.8992984375 0.1904046875 0.776415625 0.1968484375 0.9554546875 0.2543421875 1 0.252359375 1 0.22162968749999998
1 1 0.2513671875 0.9580968750000001 0.2548375 1 0.26913437500000004 1 0.2513671875
1 1 0.182475 0.90524375 0.18941406249999998 1 0.2206390625 1 0.182475
0 0.5089875 1 0.508578125 0.9926468749999999 0.49918281249999996 0.98284375 0.4946890625 0.9705875 0.495915625 0.9659921875 0.5 0.962621875 0.49959218749999995 0.959253125 0.49550625000000004 0.95465625 0.4877453125 0.9537375000000001 0.47875781249999994 0.9571078125 0.4758984375 0.962009375 0.4808 0.9650734375000001 0.4848859375 0.9712015624999999 0.488153125 0.9733453125 0.492646875 0.9856 0.5020421875000001 0.992034375 0.5032687499999999 1 0.5089875 1
0 0.28620625 0.7622078125 0.289509375 0.7721203125 0.2921515625 0.780546875 0.296115625 0.78649375 0.2987578125 0.7924421875000001 0.30404375 0.8058234375 0.30404375 0.8068156249999999 0.3047046875 0.8073109374999999 0.3146140625 0.8236671875000001 0.31791718750000003 0.8261453124999999 0.3258453125 0.8261453124999999 0.3291484375 0.8256484374999999 0.341040625 0.8261453124999999 0.352271875 0.8266406249999999 0.3661453125 0.8206921875000001 0.3820015625 0.81771875 0.39125 0.8147453125 0.4011609375 0.8137546875 0.401821875 0.8092937499999999 0.399178125 0.803840625 0.3965359375 0.793928125 0.3952140625 0.7874859375 0.392571875 0.7815375 0.3866265625 0.7750953125 0.3833234375 0.7622078125 0.3820015625 0.75675625 0.3806796875 0.754278125 0.379359375 0.74833125 0.3853046875 0.744365625 0.3952140625 0.7463484375 0.3965359375 0.7473390625 0.4031421875 0.7498171874999999 0.4090890625 0.7527921875 0.41701718750000005 0.7632 0.4229625 0.7736078125 0.4289078125 0.7830250000000001 0.436175 0.7899640625 0.44212187500000005 0.7969031249999999 0.450709375 0.8013625 0.47317187499999996 0.7983890625 0.47185156250000004 0.7959109375 0.4725125 0.795415625 0.4725125 0.7899640625 0.4738328125 0.7874859375 0.4751546875 0.780546875 0.47317187499999996 0.7760859375 0.469209375 0.769146875 0.46722656249999994 0.7671640625 0.461940625 0.7651828125 0.46128125000000003 0.7597296874999999 0.4626015625 0.75824375 0.46590468749999997 0.7532875 0.469209375 0.7473390625 0.47185156250000004 0.7448609375 0.4705296875 0.7418875 0.466565625 0.7389140624999999 0.461940625 0.7389140624999999 0.4546734375 0.740896875 0.4493890625 0.735940625 0.44608593750000003 0.730984375 0.4434421875 0.72850625 0.4408 0.72355 0.4408 0.71710625 0.4434421875 0.70719375 0.445425 0.7002546875 0.445425 0.693315625 0.44278281249999996 0.686871875 0.4322109375 0.6853859375 0.42494375 0.694803125 0.4256046875 0.703228125 0.419659375 0.709671875 0.415034375 0.708184375 0.4031421875 0.70570625 0.39323281250000003 0.7027328125000001 0.3886078125 0.7027328125000001 0.387946875 0.7027328125000001 0.379359375 0.7086796875 0.3694484375 0.7136359375 0.354253125 0.7141328125 0.34037968749999997 0.7161140625 0.3390578125 0.71710625 0.33575468750000004 0.720575 0.3245234375 0.72553125 0.315275 0.7225578125000001 0.3146140625 0.7101671875 0.3132921875 0.7022375000000001 0.3132921875 0.6913328125 0.31791718750000003 0.6824125000000001 0.3146140625 0.67448125 0.320559375 0.667046875 0.313953125 0.6596124999999999 0.2855453125 0.6541609375 0.27695625 0.6541609375 0.2677078125 0.6601078125 0.2611 0.670021875 0.2611 0.674978125 0.2644046875 0.6888546875 0.27035 0.6943078125000001 0.2795984375 0.6977765625 0.2795984375 0.699759375 0.28025937500000003 0.7042203125000001 0.2842234375 0.7121500000000001 0.2855453125 0.7166109374999999 0.28752656249999997 0.726028125 0.28752656249999997 0.7364359375 0.28620625 0.7428781250000001 0.2855453125 0.7518 0.28620625 0.7622078125
0 0.75694375 1 0.7193625 0.9479171875000001 0.7111921875 0.9393375 0.7054734375 0.9292281250000001 0.6776953125 0.8909312500000001 0.6662578124999999 0.883578125 0.6576796875 0.87346875 0.6437906250000001 0.852328125 0.63071875 0.836090625 0.6327609375 0.8284312500000001 0.6196890625 0.8125 0.6176468749999999 0.8072921875000001 0.60784375 0.7938109375 0.5996734375 0.788296875 0.594771875 0.788296875 0.5784312500000001 0.7928921875 0.5763890625 0.7910546875 0.574346875 0.7840078125 0.5702609375 0.7830874999999999 0.5584156250000001 0.7901343749999999 0.5575984375 0.7977937500000001 0.5588234375 0.7996328125 0.568628125 0.803003125 0.5980390625 0.835171875 0.6004906250000001 0.8397671875 0.6082515625 0.8434437499999999 0.6098859375 0.8403796874999999 0.6058 0.836090625 0.6041671875 0.8314953125000001 0.5923203125 0.8198531250000001 0.5808828125 0.805759375 0.5747546875 0.8011640625 0.5747546875 0.7974875 0.5763890625 0.7962625 0.57965625 0.7962625 0.590278125 0.8026953125 0.5943625 0.8131125000000001 0.611928125 0.8336390625 0.623365625 0.852634375 0.6401140625 0.8697921875000001 0.6646234375 0.9031859375 0.6764703125 0.914215625 0.681371875 0.9215687499999999 0.7116015625000001 0.9528187499999999 0.7467312500000001 1 0.75694375 1
0 0.25163437499999997 0.5165437500000001 0.26593125 0.5202203125 0.270425 0.522671875 0.27491875 0.5214453125 0.279003125 0.5229781250000001 0.28676406249999997 0.522671875 0.28921562500000003 0.5257359375 0.29534375 0.5275734375 0.2986109375 0.5330874999999999 0.30555625000000003 0.537378125 0.31086562500000003 0.546875 0.3116828125 0.553003125 0.3149515625 0.5600484375 0.3223046875 0.569546875 0.32475468749999997 0.5753671875 0.33415 0.586090625 0.3582515625 0.586090625 0.3582515625 0.5821078125 0.356209375 0.5808828125 0.35661718750000004 0.5729171875 0.354575 0.571078125 0.3537578125 0.5566796875 0.354984375 0.553309375 0.3558 0.5569859375 0.3582515625 0.5582109375 0.3582515625 0.553921875 0.354575 0.5523890625 0.3537578125 0.54840625 0.3582515625 0.5487124999999999 0.3582515625 0.5413609375 0.3525328125 0.5395218749999999 0.3431375 0.5395218749999999 0.340278125 0.5370703125 0.3378265625 0.537684375 0.33741875 0.5309437499999999 0.33047343749999997 0.525121875 0.3227125 0.51409375 0.31985312499999996 0.5125609375 0.31658437500000003 0.5033703125 0.3125 0.50153125 0.3075984375 0.49540468750000005 0.2916671875 0.49325937499999994 0.2826796875 0.4966296875 0.277778125 0.4966296875 0.27491875 0.4947921875 0.2712421875 0.49448593750000003 0.25735312499999996 0.49724218750000004 0.2479578125 0.5027578125 0.24673124999999999 0.507659375 0.248365625 0.51409375 0.25163437499999997 0.5165437500000001
0 0.1441640625 0.442615625 0.148128125 0.44509375 0.1553953125 0.44608437500000003 0.161340625 0.4455890625 0.1639828125 0.4431109375 0.1653046875 0.4416234375 0.165965625 0.4381546875 0.167946875 0.436171875 0.1752140625 0.44013749999999996 0.177196875 0.44013749999999996 0.17983906249999998 0.43418906249999994 0.17917812500000002 0.4287375 0.177196875 0.42427656249999995 0.175875 0.4227890625 0.17389375 0.4183296875 0.1686078125 0.40792031250000005 0.16464375 0.40742500000000004 0.154734375 0.40742500000000004 0.1474671875 0.4084171875 0.14218124999999998 0.4089125 0.135575 0.40990312500000003 0.1269859375 0.4128765625 0.12368281249999999 0.414859375 0.11839843750000001 0.4168421875 0.1157546875 0.418825 0.1150953125 0.42031093750000004 0.11377343749999999 0.4252671875 0.11377343749999999 0.431215625 0.11245156249999999 0.43468437499999996 0.11113124999999999 0.44063281249999997 0.11311249999999999 0.4485625 0.1150953125 0.4530234375 0.11707656250000001 0.455996875 0.11839843750000001 0.46095312499999996 0.12037968750000001 0.46888281249999997 0.1230234375 0.47086562499999995 0.1230234375 0.47557499999999997 0.12368281249999999 0.4768140625 0.1283078125 0.47830000000000006 0.1349140625 0.47830000000000006 0.145484375 0.47483125 0.1461453125 0.47136093749999997 0.1386484375 0.4685546875 0.136896875 0.46491875 0.13623593750000002 0.46045781249999995 0.13623593750000002 0.4564921875 0.13623593750000002 0.45500625 0.13623593750000002 0.452528125 0.13623593750000002 0.45054531249999996 0.1408609375 0.4490578125 0.1408609375 0.44806718749999996 0.1428421875 0.44410156250000005 0.1441640625 0.442615625
0 0.2743140625 0.35790625 0.2710109375 0.3584015625 0.2644046875 0.3598890625 0.255815625 0.36236718749999997 0.2531734375 0.3628625 0.2432625 0.3658359375 0.235334375 0.366828125 0.2340140625 0.36732343749999996 0.22080000000000002 0.370296875 0.21947968750000002 0.371784375 0.21022968749999998 0.37574843750000003 0.210890625 0.3807046875 0.21815781250000002 0.3821921875 0.2313703125 0.385165625 0.23731718750000003 0.3856609375 0.2472265625 0.38764375 0.251190625 0.38764375 0.255815625 0.386653125 0.26374375 0.381696875 0.269028125 0.3772359375 0.2696890625 0.376740625 0.269028125 0.3732703125 0.275634375 0.3732703125 0.282903125 0.3732703125 0.28752656249999997 0.3732703125 0.2921515625 0.373765625 0.2967765625 0.3732703125 0.29281250000000003 0.3683140625 0.2888484375 0.366828125 0.28620625 0.36435 0.2835625 0.36236718749999997 0.2743140625 0.35790625
0 0.154734375 0.391609375 0.1580375 0.38813906249999997 0.1573765625 0.385165625 0.1520921875 0.376740625 0.14878906249999999 0.375253125 0.13623593750000002 0.3707921875 0.13227187499999998 0.3658359375 0.141521875 0.36236718749999997 0.14680625 0.361375 0.152753125 0.35691562499999996 0.1580375 0.35295 0.1712515625 0.3544359375 0.1745546875 0.3544359375 0.17653593750000002 0.353940625 0.17257187499999999 0.3474984375 0.165965625 0.34452343750000003 0.15605625 0.3420453125 0.1382171875 0.340559375 0.1269859375 0.33956718750000003 0.114434375 0.3370890625 0.10320312499999999 0.334115625 0.0946140625 0.3336203125 0.0787578125 0.33956718750000003 0.0767765625 0.3425421875 0.07479375 0.3524546875 0.080740625 0.3534453125 0.0880078125 0.35295 0.0990125 0.350059375 0.1012203125 0.353940625 0.10188124999999999 0.35790625 0.10188124999999999 0.36435 0.10188124999999999 0.3683140625 0.10386406249999999 0.37773124999999996 0.1091484375 0.3807046875 0.12104062499999999 0.38417500000000004 0.1428421875 0.390121875 0.154734375 0.391609375
0 0.19635625 0.628971875 0.1910703125 0.6299625 0.18413437500000002 0.6344234375 0.1857859375 0.6364062500000001 0.1890890625 0.6418578125 0.190409375 0.6433453124999999 0.1937140625 0.6492921875000001 0.193053125 0.6532578124999999 0.1923921875 0.65623125 0.193053125 0.6597015625 0.199659375 0.6522671875 0.20230156250000003 0.6433453124999999 0.20626562499999998 0.639875 0.2148546875 0.640371875 0.22278281249999998 0.642353125 0.2260859375 0.640371875 0.226746875 0.63789375 0.2260859375 0.635415625 0.22344375 0.6329374999999999 0.21683593750000002 0.6294671875 0.2082484375 0.6284765625000001 0.2029625 0.6284765625000001 0.19635625 0.628971875
0 0.216175 0.3301515625 0.2115515625 0.3286640625 0.2069265625 0.3276734375 0.20230156250000003 0.3311421875 0.2069265625 0.33659374999999997 0.2069265625 0.340559375 0.2056046875 0.3410546875 0.2025078125 0.3446921875 0.20626562499999998 0.3450203125 0.210890625 0.3450203125 0.21947968750000002 0.3450203125 0.224103125 0.344028125 0.2293890625 0.3400640625 0.2307109375 0.3375859375 0.23005 0.335603125 0.224103125 0.334115625 0.2201390625 0.333125 0.216175 0.3301515625
0 0.35846093749999997 0.468125 0.360425 0.47008906250000004 0.364678125 0.4742609375 0.36795 0.4759796875 0.37285625 0.4801515625 0.38005468750000004 0.48776093749999994 0.3862703125 0.4946328125 0.4000109375 0.5176609375 0.42749375 0.5554578125 0.450721875 0.5876109375 0.47755000000000003 0.6239375 0.481803125 0.62906875 0.48278437500000004 0.6347140625 0.48900156250000004 0.6418328125 0.49717968749999997 0.6536140625 0.5027421875 0.66343125 0.5112484375 0.67423125 0.5155015625 0.6788937500000001 0.5233531250000001 0.6808468750000001 0.524334375 0.6774109375 0.3620609375 0.45485 0.306921875 0.4598046875 0.30775 0.46517968749999994 0.3084046875 0.46591562499999994 0.31167656250000003 0.4678796875 0.3182203125 0.4683703125 0.323128125 0.4678796875 0.32770781250000003 0.467634375 0.3417765625 0.46714374999999997 0.34439375 0.46714374999999997 0.3493015625 0.467634375 0.35846093749999997 0.468125
0 0.43142031249999996 0.4796390625 0.4373078125 0.48258437499999995 0.44123437499999996 0.4870015625 0.4438515625 0.490684375 0.44745 0.4931375 0.45006874999999996 0.496575 0.4533390625 0.49927343750000003 0.45988281249999996 0.5024656249999999 0.4621734375 0.50295625 0.47133437499999997 0.5100734375 0.479840625 0.5218546875000001 0.489328125 0.530690625 0.496853125 0.5441796875 0.4929265625 0.5493328125 0.50306875 0.5520328125 0.5112484375 0.5618515625 0.5187734374999999 0.5709328124999999 0.5220453125 0.571178125 0.524334375 0.5800140625 0.529896875 0.5880921875 0.52368125 0.5966812499999999 0.5295687499999999 0.596928125 0.5348046875 0.591528125 0.5433109375 0.6023265624999999 0.555415625 0.6143531249999999 0.56915625 0.626871875 0.5783171874999999 0.6344796875000001 0.5858421875000001 0.6403703125 0.5930390625 0.6398796875 0.5999109375 0.6344796875000001 0.6002375 0.6305531249999999 0.598275 0.627853125 0.4660984375 0.4840453125 0.45955625 0.4838 0.45464843750000006 0.4825734375 0.45137656249999997 0.48060937499999995 0.451703125 0.476928125 0.4494140625 0.47373750000000003 0.44221562499999995 0.4703015625 0.4379625 0.46735625000000003 0.4366546875 0.46416562499999997 0.4366546875 0.46195624999999996 0.43501874999999995 0.4590109375 0.4301109375 0.45655625000000005 0.42324062500000004 0.452384375 0.42029531249999996 0.45066562499999996 0.41996874999999995 0.44699375 0.381890625 0.4532625 0.397721875 0.4737484375 0.40459218750000003 0.47202968749999996 0.4098265625 0.4806203125 0.41309843749999997 0.486265625 0.41964218750000004 0.49559218749999995 0.42356718750000005 0.49215625 0.415715625 0.47742968750000003 0.4238953125 0.47767499999999996 0.42356718750000005 0.47129374999999996 0.43142031249999996 0.4796390625
0 0 0.4574296875 0.0036890625000000005 0.4574296875 0.003484375 0.44875781249999996 0.009025 0.4490234375 0.013293749999999998 0.4530265625 0.0143609375 0.46103281249999994 0.01489375 0.46623593750000003 0.015428125 0.474240625 0.0164953125 0.48104531250000004 0.0191625 0.48584843749999995 0.021296875 0.48785 0.02343125 0.4898515625 0.027165625 0.4898515625 0.0319671875 0.48945156250000005 0.0293 0.4798453125 0.0276984375 0.474640625 0.0260984375 0.46703593750000005 0.0260984375 0.46103281249999994 0.025565624999999998 0.455028125 0.0244984375 0.451025 0.0218296875 0.44382031250000004 0.018628125000000002 0.44181875000000004 0.0122265625 0.4398171875 0.0036890625000000005 0.44141874999999997 0 0.44181875000000004 0 0.44702343750000006 0 0.4574296875
0 0.051709375 0.4698375 0.049575 0.4678359375 0.047440625 0.46623593750000003 0.046609374999999995 0.466096875 0.036235937499999996 0.4666359375 0.033034375 0.4698375 0.0341015625 0.47223906250000003 0.0357015625 0.47704218750000005 0.037303125 0.4798453125 0.0399703125 0.48224687499999996 0.046373437499999996 0.48264687500000003 0.0522421875 0.47864375 0.054909375 0.473040625 0.051709375 0.4698375
0 0.0159609375 0.8455828125 0.0138265625 0.8455828125 0.011159375000000001 0.8459828125 0.0079578125 0.8495859375 0.007424999999999999 0.8539890625 0.006890625 0.8575906249999999 0.0122265625 0.8595921875 0.0164953125 0.8595921875 0.0207625 0.858390625 0.02343125 0.8531875 0.02343125 0.8503859374999999 0.0207625 0.847984375 0.0159609375 0.8455828125
0 0.0175625 1 0.026631250000000002 0.9996328125 0.0282328125 0.9900265625 0.0276984375 0.984021875 0.0260984375 0.9772171875 0.025031249999999998 0.9700124999999999 0.0239640625 0.95960625 0.02343125 0.954803125 0.022896875 0.9483984375000001 0.0207625 0.94199375 0.0191625 0.9319875 0.018628125000000002 0.9267843750000001 0.0175625 0.92398125 0.0143609375 0.92198125 0.0116921875 0.927584375 0.010624999999999999 0.9363906249999999 0.010624999999999999 0.94159375 0.010092187499999999 0.9491984375 0.010092187499999999 0.955203125 0.010092187499999999 0.965209375 0.011159375000000001 0.9736156250000001 0.0116921875 0.97961875 0.013293749999999998 0.9916265624999999 0.0164953125 0.9972312499999999 0.0175625 1
0 0.1542703125 0.26011562499999996 0.1548640625 0.2616703125 0.1557515625 0.2647828125 0.1569375 0.2665609375 0.16197343749999998 0.271671875 0.16730625 0.27322812500000004 0.1708609375 0.27322812500000004 0.169084375 0.26945 0.167009375 0.26589375 0.166121875 0.26389375 0.163159375 0.2592265625 0.161084375 0.253225 0.161084375 0.251003125 0.1604921875 0.24944687499999998 0.158121875 0.2465578125 0.1557515625 0.2445578125 0.15012343749999998 0.2416671875 0.14301250000000001 0.240778125 0.14449375 0.238334375 0.1453828125 0.23655624999999997 0.141828125 0.23500000000000001 0.137384375 0.235221875 0.131459375 0.2358890625 0.1246453125 0.23700000000000002 0.121978125 0.2376671875 0.12109062500000001 0.2374453125 0.12405312500000001 0.2441125 0.13767968749999998 0.2450015625 0.13856875 0.24522343750000003 0.1409390625 0.2465578125 0.1468640625 0.249890625 0.15042031250000001 0.253225 0.1530859375 0.257225 0.1542703125 0.26011562499999996
0 0.14153125 0.297009375 0.14123593750000002 0.293896875 0.141828125 0.29078593750000004 0.1424203125 0.29011875 0.1441984375 0.28878593750000003 0.1486421875 0.2865625 0.14745625 0.2854515625 0.14449375 0.2852296875 0.14123593750000002 0.2854515625 0.1364953125 0.2854515625 0.1302734375 0.28567343749999996 0.13086718749999998 0.289896875 0.134125 0.2967875 0.134421875 0.30034375 0.134421875 0.3007875 0.1370875 0.30701093749999997 0.1374625 0.3106484375 0.1397546875 0.3119 0.14153125 0.3105671875 0.1427171875 0.30834375 0.1427171875 0.308121875 0.14330937500000002 0.30501093749999997 0.14330937500000002 0.3038984375 0.1427171875 0.30034375 0.1424203125 0.299009375 0.14153125 0.297009375
0 0.26895156249999996 0.290428125 0.2707765625 0.2898421875 0.2707765625 0.2873 0.2707765625 0.2861265625 0.2707765625 0.28397656250000003 0.2676484375 0.2820203125 0.2645203125 0.28221562499999997 0.26113125 0.2826078125 0.2582640625 0.283584375 0.25696093750000004 0.2837796875 0.2551375 0.2837796875 0.2530515625 0.2861265625 0.2535734375 0.286909375 0.25617968750000003 0.2892546875 0.25696093750000004 0.2898421875 0.2587859375 0.2908203125 0.26034999999999997 0.2908203125 0.2619140625 0.290625 0.26582343750000004 0.290428125 0.26895156249999996 0.290428125
0 0.3359375 0.2519078125 0.33333124999999997 0.2499515625 0.33255 0.248778125 0.3317671875 0.2481921875 0.32994375 0.24799687499999998 0.32811875 0.24740937500000001 0.3270765625 0.24682343750000002 0.3260328125 0.24682343750000002 0.32553125 0.24903749999999997 0.3265546875 0.2519078125 0.327596875 0.25405781250000004 0.3289 0.2546453125 0.3317671875 0.25503593750000003 0.33515625 0.2564046875 0.3361984375 0.2567953125 0.338284375 0.25523125 0.33906562500000004 0.25445 0.33932656250000004 0.252884375 0.3359375 0.2519078125
0 0.350534375 0.2513203125 0.349753125 0.25308125000000004 0.350534375 0.2538625 0.351315625 0.25523125 0.3535484375 0.255390625 0.3554859375 0.255621875 0.3586140625 0.25620937499999996 0.35965625 0.25620937499999996 0.3617421875 0.2560140625 0.3630453125 0.2554265625 0.36330625 0.2536671875 0.3591359375 0.252884375 0.355746875 0.251515625 0.352359375 0.251125 0.350534375 0.2513203125
0 0.40865937499999994 0.2560140625 0.41256875 0.255621875 0.4136109375 0.254253125 0.41335 0.25308125000000004 0.40996249999999995 0.252884375 0.405009375 0.2526890625 0.40136093749999996 0.2526890625 0.395365625 0.2526890625 0.3904140625 0.2526890625 0.381290625 0.2532765625 0.38050937500000004 0.2532765625 0.37738125 0.254253125 0.3758171875 0.25484062500000004 0.37425312499999996 0.2573828125 0.3758171875 0.2581640625 0.38050937500000004 0.2587515625 0.38259375 0.2595328125 0.3859828125 0.26070625000000003 0.38885000000000003 0.263053125 0.3943234375 0.2642265625 0.3964078125 0.2618796875 0.397971875 0.2591421875 0.3995359375 0.2573828125 0.4026640625 0.2566 0.40865937499999994 0.2560140625
0 0.4112828125 0.3893859375 0.4053234375 0.3849140625 0.39973593749999997 0.381840625 0.3952671875 0.38156093750000003 0.39489375 0.38156093750000003 0.392659375 0.38351718749999997 0.392659375 0.3863109375 0.392659375 0.38910625 0.3934046875 0.392459375 0.39675625000000003 0.39497343749999997 0.3975015625 0.39665 0.39787343750000004 0.4002828125 0.39861875 0.40223906249999997 0.39899062500000004 0.404475 0.402715625 0.40643124999999997 0.4049515625 0.40643124999999997 0.4068125 0.40531249999999996 0.405915625 0.40150781249999995 0.4075578125 0.3980484375 0.4116546875 0.395253125 0.4135171875 0.395253125 0.41687031250000006 0.39609218749999997 0.4205953125 0.397209375 0.42171250000000005 0.396371875 0.41947812500000003 0.3935765625 0.415753125 0.3907828125 0.41202812499999997 0.38966406249999996 0.4112828125 0.3893859375
0 0.3438640625 0.3667515625 0.34870625 0.3661921875 0.3528046875 0.3653546875 0.3528046875 0.36311875 0.3513140625 0.36200156250000004 0.346471875 0.361721875 0.342375 0.36200156250000004 0.3397671875 0.3622796875 0.332690625 0.36367812499999996 0.32896562500000004 0.3622796875 0.32859375 0.36367812499999996 0.3293375 0.366471875 0.330828125 0.36786875 0.33231875 0.36814843750000004 0.3367875 0.36814843750000004 0.33865 0.36786875 0.342003125 0.36703125000000003 0.3438640625 0.3667515625
0 0.44778593750000006 0.3784875 0.44555 0.3768109375 0.44406093750000003 0.37625156249999997 0.43735625 0.37625156249999997 0.4325140625 0.379325 0.43437656249999995 0.38156093750000003 0.43698437500000004 0.38435625 0.4403359375 0.3863109375 0.4421984375 0.38519375 0.44406093750000003 0.38351718749999997 0.44778593750000006 0.3832375 0.44778593750000006 0.38128125 0.44778593750000006 0.3784875
0 0.44704062499999997 0.3139390625 0.44294374999999997 0.3153359375 0.4403359375 0.320365625 0.44294374999999997 0.32427812500000003 0.44555 0.3253953125 0.44719375 0.3235265625 0.45188281249999995 0.323159375 0.45747031250000003 0.3248359375 0.460821875 0.3248359375 0.46193906250000005 0.3228796875 0.462684375 0.31924687500000004 0.45970468750000004 0.3167328125 0.45672499999999994 0.314496875 0.4533734375 0.3139390625 0.4503921875 0.3133796875 0.44704062499999997 0.3139390625
0 0.4734859375 0.31785 0.47795624999999997 0.3220421875 0.4831703125 0.325115625 0.489503125 0.32763125 0.4909921875 0.3295859375 0.496953125 0.33321875 0.4999328125 0.3348953125 0.503284375 0.337690625 0.5058921875 0.3390875 0.508871875 0.34104375 0.5137140625 0.34411718750000003 0.5170656250000001 0.34579375 0.520790625 0.3485875 0.5230265625 0.34970625 0.52600625 0.35110312499999996 0.5308484375 0.35054375000000004 0.5308484375 0.3488671875 0.5248875 0.34607343749999997 0.5219078125000001 0.34411718750000003 0.518928125 0.3413234375 0.5178109375 0.339646875 0.515203125 0.33685156250000003 0.50924375 0.33349843749999997 0.5084984375 0.33349843749999997 0.5025390625 0.3301453125 0.49844218749999997 0.3281890625 0.49285468750000005 0.3248359375 0.489503125 0.322321875 0.47981875 0.3167328125 0.471996875 0.31114375 0.466409375 0.30723124999999996 0.4656640625 0.30108437499999996 0.460821875 0.29856875 0.4552359375 0.295775 0.445021875 0.29559375 0.439590625 0.30108437499999996 0.43921875000000005 0.30164375 0.44480624999999996 0.3044375 0.4474125 0.3044375 0.4522546875 0.306953125 0.4559796875 0.3080703125 0.4585875 0.3091875 0.466409375 0.3131 0.471996875 0.3167328125 0.4734859375 0.31785
0 0.4991875 0.35836875 0.5017953125 0.3580890625 0.5036578125 0.357809375 0.5029125 0.3547359375 0.49769687500000004 0.3525 0.49546250000000003 0.3516625 0.4917375 0.3508234375 0.4887578125 0.35054375000000004 0.4865234375 0.35054375000000004 0.4846609375 0.34942656250000004 0.478853125 0.3486671875 0.47609375 0.34970625 0.47609375 0.35110312499999996 0.4753484375 0.3533390625 0.47721093750000004 0.355853125 0.479446875 0.35724999999999996 0.483915625 0.3564125 0.4865234375 0.3561328125 0.4936 0.3564125 0.49620781249999996 0.357809375 0.4991875 0.35836875
0 0.6256437499999999 0.492946875 0.6329015625000001 0.4960578125 0.6386046875 0.49683593750000005 0.6417140625 0.504225 0.6458625 0.5104484375 0.6562296875 0.5267828125 0.6624515625 0.532615625 0.6671171874999999 0.5372828125 0.6707453125 0.5407828125 0.6748921875 0.5458390625 0.6759296875 0.54545 0.6831875000000001 0.53845 0.6805953125 0.5337828124999999 0.6738562499999999 0.5283375 0.6655609375 0.5166703125 0.664525 0.5139484375000001 0.6634875 0.506946875 0.6650421875 0.504225 0.6723 0.5046140625 0.6764484375 0.5038359375 0.6862984375 0.504225 0.6940734375 0.5034468750000001 0.7018500000000001 0.5108374999999999 0.7008125 0.5139484375000001 0.7132546875 0.5225046875 0.716365625 0.5236703125 0.7179203125 0.5271703125 0.724659375 0.534171875 0.745396875 0.549728125 0.7676875 0.560228125 0.772871875 0.5691734375 0.78583125 0.5742296875 0.7967187499999999 0.5835640625 0.8086421874999999 0.587840625 0.8174546875 0.596396875 0.8231578125000001 0.5983421875 0.8283421875 0.6010640625 0.8335250000000001 0.6033984375 0.83404375 0.596396875 0.8283421875 0.592896875 0.8226390625000001 0.5882296874999999 0.8179734375000001 0.5855078125000001 0.8122703124999999 0.5812296875 0.8076046874999999 0.5788968750000001 0.8019031249999999 0.5750078125 0.7951640624999999 0.5699515625 0.7889421875 0.5656734375 0.778575 0.5606171875 0.7697609375 0.5551734374999999 0.768725 0.5520609375000001 0.76820625 0.54545 0.7661328125 0.537671875 0.783646875 0.5490921875 0.7961671875 0.5579171875 0.8075484375 0.567309375 0.8113421875 0.5701562499999999 0.8212546875 0.5757671875 0.826565625 0.580321875 0.8303593749999999 0.583453125 0.8322578125 0.5880062500000001 0.8379484375 0.5931296875000001 0.8421218749999999 0.595121875 0.8447765625000001 0.5965453125 0.8462953125 0.6002453125 0.85691875 0.60536875 0.8603328125 0.6065078125000001 0.8626093750000001 0.6067921875 0.8648859375000001 0.6070765625 0.86336875 0.6030921874999999 0.8610921875 0.6002453125 0.8588156250000001 0.5962609375000001 0.85691875 0.594553125 0.84895 0.5891453125 0.84401875 0.584875 0.8394656250000001 0.5828828125000001 0.8387062500000001 0.5820296875000001 0.833015625 0.5786140625 0.8273250000000001 0.5746296875 0.8220124999999999 0.5712140625 0.821634375 0.56950625 0.8159421874999999 0.5646671875 0.8140453125 0.563528125 0.8064578125 0.5586890624999999 0.8022843749999999 0.55584375 0.79773125 0.5524281249999999 0.7909015625 0.546165625 0.786728125 0.5436046875 0.7609296875 0.52545625 0.753340625 0.51919375 0.7487890625 0.512078125 0.7427171875 0.507525 0.7222296874999999 0.50069375 0.7142625 0.4938625 0.7025015625 0.49158437499999996 0.6941546875 0.48731562500000003 0.6869453125 0.4858921875 0.6831515625 0.4819078125 0.671390625 0.4765 0.6656984375 0.4716609375 0.6550765625 0.466253125 0.6459703125 0.4614140625 0.6364859375 0.46056093750000004 0.631553125 0.45287499999999997 0.6137609375 0.45190156249999996 0.6147578125 0.45755625 0.615275 0.46105625000000006 0.6178671875 0.4665 0.6178671875 0.47155625 0.6178671875 0.4766125 0.61735 0.479334375 0.61579375 0.48244687500000005 0.6142390625 0.487890625 0.61579375 0.49177968749999995 0.6256437499999999 0.492946875
0 0.9639093750000001 0.6859359375 0.960875 0.68394375 0.9551828125 0.6810984375 0.9483546875 0.679675 0.9426625 0.6785359375 0.9411453125 0.679390625 0.9430421875 0.6825203125 0.9456984374999999 0.6853671875 0.9479749999999999 0.687359375 0.9513890625 0.6890671875 0.9563218750000001 0.689921875 0.960115625 0.689921875 0.9639093750000001 0.6859359375
0 0.9958421875000001 0.5504859375 0.99943125 0.552103125 0.99943125 0.5375578125 0.99296875 0.526784375 0.9893796874999999 0.5230140624999999 0.9872249999999999 0.520859375 0.9793265625 0.5165484375 0.9714281250000001 0.5160109375 0.9699921874999999 0.5160109375 0.961375 0.5165484375 0.9563484375 0.5165484375 0.951321875 0.5230140624999999 0.9470140625000001 0.5316328125 0.94773125 0.532709375 0.95563125 0.53648125 0.970709375 0.5429453125 0.9793265625 0.5461765625 0.983634375 0.5488703125 0.9900968750000001 0.5499484375 0.9958421875000001 0.5504859375
0 0.9032125000000001 0.5117015625 0.906803125 0.5052359375 0.9053671874999999 0.5030812499999999 0.899621875 0.498234375 0.893878125 0.49715625 0.8902875 0.49661718749999995 0.8845421874999999 0.495540625 0.8795171875 0.4944625 0.86371875 0.492846875 0.8601296875 0.49661718749999995 0.8630015625 0.504159375 0.8673093749999999 0.5057750000000001 0.8723359374999999 0.5079296875 0.8787984375000001 0.510084375 0.8866968749999999 0.5106234374999999 0.893159375 0.5111625 0.8974671875 0.5111625 0.9032125000000001 0.5117015625
0 0.8127375000000001 0.44975156250000003 0.8177640625 0.4540609375 0.8242265625 0.45729375 0.8306890625 0.4626796875 0.8436140625 0.467528125 0.848640625 0.4707609375 0.8536671874999999 0.4718375 0.855103125 0.4696828125 0.8522296875 0.4653734375 0.8428953124999999 0.4567546875 0.8364328125 0.45298437500000005 0.8306890625 0.44975156250000003 0.8184812499999999 0.442209375 0.814890625 0.4395171875 0.8048390624999999 0.4352078125 0.803403125 0.433590625 0.803403125 0.42982031249999997 0.8098656249999999 0.4212015625 0.8105828125000001 0.41581406249999997 0.8098656249999999 0.4125828125 0.803403125 0.4115046875 0.7983765625 0.4115046875 0.7976578125 0.4115046875 0.7891015625 0.41278125 0.776115625 0.41581406249999997 0.771090625 0.419046875 0.7675 0.42227812499999995 0.7653453125 0.42928125 0.7696531249999999 0.43466875 0.7746796875 0.43628437499999995 0.7818609375000001 0.43897812500000005 0.796940625 0.4427484375 0.8069921875 0.44436406249999993 0.8127375000000001 0.44975156250000003
0 0.902925 0.45430624999999997 0.9073109374999999 0.45759531249999996 0.9089046875 0.45998906249999993 0.9140890625000001 0.46148437500000006 0.9224609375 0.46477500000000005 0.928840625 0.4686640625 0.9324296875 0.470159375 0.9348218749999999 0.47075781250000004 0.9312328125 0.46686875 0.9292390625 0.46567187499999996 0.9256515625 0.46387812500000003 0.921265625 0.4611859375 0.9160828125 0.4578953125 0.9136890624999999 0.45640000000000003 0.9093046875 0.45400625000000006 0.9065125 0.4522125 0.9037218749999999 0.4504171875 0.900134375 0.448621875 0.896146875 0.44622968749999997 0.8925578125 0.44503281250000004 0.88936875 0.44174218749999994 0.8885703125 0.44084531250000003 0.8837859375000001 0.43755468750000004 0.8790015625 0.43456406249999996 0.874615625 0.431871875 0.871825 0.43127343749999997 0.86584375 0.42947968750000004 0.859465625 0.432171875 0.8666421874999999 0.4366578125 0.8706296874999999 0.43875156249999997 0.8742171875 0.4399484375 0.8798 0.44234062500000004 0.88538125 0.44593125 0.8897671875000001 0.4474265625 0.8965453125 0.451015625 0.900134375 0.4522125 0.902925 0.45430624999999997
0 0.60309375 0.36610624999999997 0.6094734374999999 0.3679015625 0.61465625 0.36819999999999997 0.6182453125 0.37149062499999996 0.62223125 0.3753796875 0.629009375 0.37866875 0.6357875 0.3792671875 0.646553125 0.376575 0.6577171875000001 0.3792671875 0.6589125 0.38046406250000003 0.6632984375000001 0.38435312499999996 0.669678125 0.394821875 0.68443125 0.3978125 0.6868234375 0.39871093750000003 0.6900125 0.4008046875 0.6963921875 0.4061875 0.700778125 0.407684375 0.7131375 0.4058890625 0.717125 0.40439375 0.717921875 0.40379531249999995 0.723903125 0.40020625 0.725896875 0.39601875 0.7251000000000001 0.3930265625 0.719915625 0.390334375 0.710346875 0.3867453125 0.704365625 0.3825578125 0.696790625 0.37896874999999997 0.6940000000000001 0.377771875 0.6896140625 0.3750796875 0.6904109375 0.3687984375 0.6888171875 0.36640625 0.6848296875 0.36221875 0.67845 0.3592265625 0.6732671875 0.3559359375 0.6617046875 0.352346875 0.6557234375000001 0.34875781250000004 0.6497421875 0.346065625 0.6453562500000001 0.342178125 0.6278140624999999 0.3403828125 0.6206375000000001 0.3361953125 0.6162515625 0.3361953125 0.60708125 0.3341015625 0.6026953125000001 0.331409375 0.5971124999999999 0.32811875 0.5907328125 0.32423125 0.57598125 0.32423125 0.5660140625000001 0.329315625 0.557640625 0.33230624999999997 0.5512609375 0.3302125 0.5452796875 0.3302125 0.5452796875 0.3329046875 0.54488125 0.3341015625 0.5424890625 0.33709218750000003 0.5416921875 0.337690625 0.5377046875 0.3394859375 0.5400968749999999 0.343971875 0.5432875 0.342775 0.55485 0.342775 0.56800625 0.3433734375 0.5703984375 0.343971875 0.5811640625 0.3469625 0.5831578125 0.3511515625 0.5863484375 0.3553390625 0.5911328124999999 0.3613203125 0.5939234375 0.36191874999999996 0.5975109375 0.3634140625 0.60309375 0.36610624999999997
0 0.5859484375 0.3060109375 0.5911328124999999 0.30750625 0.5979109375 0.3113953125 0.6046890625 0.319171875 0.6206375000000001 0.3251546875 0.6294078125 0.3314359375 0.634990625 0.3335296875 0.6461546874999999 0.3377171875 0.655325 0.342503125 0.6652921875 0.3478875 0.6828359374999999 0.36224531249999997 0.6900125 0.368825 0.6991828124999999 0.372115625 0.70755625 0.3724140625 0.721909375 0.370021875 0.7235046875 0.36613281249999996 0.7155296875 0.3631421875 0.708353125 0.359253125 0.7055625 0.357159375 0.7011765624999999 0.35476718749999997 0.6955953125 0.351775 0.690809375 0.34998125 0.6836328125 0.3469890625 0.68044375 0.34549375000000004 0.6668875 0.3389140625 0.6565203125 0.3302390625 0.6501421875 0.325453125 0.6445593749999999 0.32036875 0.638578125 0.318275 0.63419375 0.31408749999999996 0.6258203124999999 0.310796875 0.6126625 0.2985328125 0.6022968750000001 0.29524218750000003 0.6042890625 0.29255156250000003 0.5987078125 0.2880640625 0.6022968750000001 0.28716718750000003 0.6154531249999999 0.284475 0.61665 0.28208125 0.613859375 0.27849218750000004 0.6130609375 0.2787921875 0.5995046875 0.27968906250000003 0.59153125 0.281184375 0.59153125 0.2814828125 0.588740625 0.2808859375 0.5791703125 0.276996875 0.573190625 0.2766984375 0.5660140625000001 0.2766984375 0.5580390625 0.2772953125 0.5484703125 0.27819375 0.5432875 0.2793890625 0.54488125 0.28178281250000003 0.54879375 0.28352343750000003 0.5432875 0.28836249999999997 0.54886875 0.2931484375 0.5540515625 0.297934375 0.55684375 0.3009265625 0.5660140625000001 0.3072078125 0.5700000000000001 0.3096 0.5767781249999999 0.3084046875 0.5803671875 0.30660937499999996 0.5859484375 0.3060109375
0 0.989046875 0.3807765625 0.98585625 0.3816734375 0.98226875 0.3837671875 0.9842625 0.3855625 0.9862546875 0.386759375 0.9826671875 0.393040625 0.988646875 0.39573281250000003 0.9930328125000001 0.39633124999999997 0.9982171875000001 0.3975265625 0.9998109375 0.39692812499999997 1 0.388853125 0.9998109375 0.3837671875 0.9990140625 0.380478125 0.9934328125 0.37898125 0.989046875 0.3807765625
0 0.9475796875 0.36312812499999997 0.9455875 0.36223125 0.9416 0.3607359375 0.9400046874999999 0.3607359375 0.9348218749999999 0.361034375 0.928840625 0.365221875 0.9304359375000001 0.3688125 0.9348218749999999 0.3703078125 0.938409375 0.3703078125 0.942396875 0.37060624999999997 0.9487765625 0.369709375 0.9511687500000001 0.365521875 0.9511687500000001 0.3637265625 0.9475796875 0.36312812499999997
0 0.9272453125 0.3383015625 0.9292390625 0.3341140625 0.9300375000000001 0.3341140625 0.9308343750000001 0.331721875 0.9240562499999999 0.32873125000000003 0.9196703125000001 0.32843125 0.9148859375 0.32843125 0.9105000000000001 0.330525 0.911696875 0.335609375 0.9196703125000001 0.3377046875 0.923259375 0.3383015625 0.9272453125 0.3383015625
0 0.8857796875 0.36641875 0.880596875 0.364325 0.8742171875 0.3595390625 0.8694328125 0.3565484375 0.861059375 0.3511640625 0.8574718750000001 0.34936875 0.8483015625 0.34488281249999997 0.8395296875 0.34129375 0.82756875 0.3350125 0.8231828125 0.3302265625 0.8327515625 0.331721875 0.841921875 0.333515625 0.845509375 0.33291875000000004 0.8423203125000001 0.3302265625 0.8498953124999999 0.33202031249999997 0.9069125 0.3562484375 0.9065125 0.3583421875 0.9140890625000001 0.36253125 0.9208671875000001 0.3637265625 0.94319375 0.37479375 0.9503718750000001 0.3777859375 0.9567500000000001 0.378084375 0.9595421875 0.3771875 0.9595421875 0.3756921875 0.9539593749999999 0.3732984375 0.9503718750000001 0.3715046875 0.9467828125000001 0.3688125 0.9467828125000001 0.3679140625 0.949175 0.36671875 0.9499718749999999 0.36312812499999997 0.9419984375 0.3628296875 0.9332265625 0.3619328125 0.9296390625000001 0.3583421875 0.9168796875 0.3532578125 0.9073109374999999 0.34966875000000003 0.8985390625 0.34518125 0.886178125 0.3418921875 0.8726218749999999 0.33740468749999997 0.869034375 0.3344140625 0.869034375 0.3341140625 0.8694328125 0.3302265625 0.8598640625 0.327234375 0.8471046875000001 0.325140625 0.8371375000000001 0.320953125 0.8279671875 0.319159375 0.8219859375 0.317065625 0.8132140625 0.3119796875 0.8000578125000001 0.3131765625 0.8016515625 0.31586875000000003 0.7996578125 0.3182609375 0.7900890625 0.3194578125 0.7825140625 0.3197578125 0.7749375 0.319159375 0.7641734375 0.3194578125 0.7581921875 0.320953125 0.7597875000000001 0.32424375 0.763775 0.3266359375 0.7689578125 0.33082500000000004 0.7685593749999999 0.331721875 0.763375 0.33531093749999996 0.764571875 0.33740468749999997 0.7685593749999999 0.34069531249999996 0.776134375 0.3436859375 0.78091875 0.3430875 0.7865015625 0.33680625000000003 0.7833109375 0.3323203125 0.7757359375 0.32873125000000003 0.77733125 0.327234375 0.7872984375 0.32873125000000003 0.8008546875 0.335609375 0.8112203125 0.3347125 0.869034375 0.364325 0.882590625 0.3715046875 0.88139375 0.371803125 0.8686359375 0.37060624999999997 0.865046875 0.3712046875 0.8598640625 0.3715046875 0.85468125 0.37210156250000004 0.8463078124999999 0.3732984375 0.8471046875000001 0.37928125 0.8538828125 0.3855625 0.8626546875000001 0.39094687499999997 0.9176765625 0.3837671875 0.9184749999999999 0.381375 0.9140890625000001 0.3765890625 0.9136890624999999 0.37479375 0.9041203124999999 0.3735984375 0.9021265625 0.373 0.8937546875000001 0.3703078125 0.8857796875 0.36641875
0 0.8195937499999999 0.30300625000000003 0.824378125 0.306296875 0.8363390624999999 0.3119796875 0.8435171875 0.317065625 0.847903125 0.318859375 0.8550796875 0.32215 0.8754140625 0.32873125000000003 0.884584375 0.333515625 0.9073109374999999 0.34099375 0.9216640625 0.348471875 0.9360171875000001 0.3532578125 0.9507703125000001 0.35804375 0.961934375 0.36253125 0.9766859374999999 0.3682140625 0.988646875 0.3715046875 0.992634375 0.37419531250000004 0.996621875 0.3727 0.9073109374999999 0.3362078125 0.896146875 0.33261875 0.884184375 0.327234375 0.8758125 0.32244843749999996 0.8630531250000001 0.319159375 0.8574718750000001 0.314671875 0.8606609375 0.3101859375 0.8526875 0.3048015625 0.8403265624999999 0.3012125 0.8335484375 0.2985203125 0.8287640625 0.29493125 0.824378125 0.2898453125 0.8231828125 0.28625625 0.8327515625 0.2841625 0.8335484375 0.2838625 0.8355421875 0.280871875 0.8191953125 0.2760859375 0.8140124999999999 0.279975 0.8100250000000001 0.28326562499999997 0.8060375000000001 0.28476093750000003 0.8032468749999999 0.2877515625 0.797265625 0.289246875 0.7922828125 0.2899953125 0.7928796874999999 0.2952296875 0.8000578125000001 0.297921875 0.8036453124999999 0.29881875 0.8195937499999999 0.30300625000000003
0 0.702771875 0.2793765625 0.7023734375 0.2823671875 0.7055625 0.282965625 0.7079546875 0.282965625 0.70955 0.28266718750000003 0.7107453125000001 0.2793765625 0.710346875 0.2781796875 0.708353125 0.27758125 0.704365625 0.27728281250000003 0.702771875 0.2793765625
0 0.73865625 0.2303484375 0.7330734375 0.22885312500000002 0.7282890625 0.22885312500000002 0.725209375 0.2287046875 0.7215109375 0.22915156250000002 0.7223078125 0.23004843749999998 0.7247 0.23214218749999999 0.727890625 0.23333906249999997 0.7298843749999999 0.232740625 0.7318781249999999 0.2324421875 0.7350671875 0.2324421875 0.7370609375 0.2324421875 0.73865625 0.2303484375
0 0.9122562500000001 0.25461875 0.918075 0.2557734375 0.9208671875000001 0.2557734375 0.921265625 0.2533796875 0.9184749999999999 0.25218281249999996 0.9148859375 0.2506875 0.9101015625000001 0.25008906249999996 0.9069125 0.251884375 0.9093046875 0.254875 0.9122562500000001 0.25461875
0 0.9196703125000001 0.288675 0.9224609375 0.289871875 0.92605 0.29226562500000003 0.9304359375000001 0.2925640625 0.9332265625 0.29286249999999997 0.9419984375 0.294359375 0.9495734375 0.294359375 0.9527640625 0.29495781249999997 0.955953125 0.29495781249999997 0.9475796875 0.29076875 0.9443906249999999 0.288078125 0.94319375 0.2871796875 0.946384375 0.28658125 0.9471812500000001 0.2838890625 0.9439921874999999 0.2808984375 0.9404031249999999 0.2803 0.9340234374999999 0.2788046875 0.928840625 0.2776078125 0.9248531249999999 0.2764125 0.9165749999999999 0.2753 0.9073109374999999 0.275215625 0.9053171875 0.275215625 0.90093125 0.27820625 0.90093125 0.2803 0.9033234374999999 0.28239375 0.9061140625 0.283590625 0.90850625 0.2838890625 0.9132906249999999 0.2850859375 0.9144875000000001 0.28538593749999996 0.9196703125000001 0.288675
0 0.9838625000000001 0.27820625 0.9934328125 0.275215625 0.9930328125000001 0.272821875 0.9870531250000001 0.26983125 0.97828125 0.268934375 0.9723 0.2659421875 0.9687125 0.2653453125 0.9615359375000001 0.26265312500000004 0.959940625 0.260259375 0.9563515625000001 0.2578671875 0.9531625 0.25756718749999996 0.9459859375 0.2587640625 0.947471875 0.2615953125 0.9439921874999999 0.26265312500000004 0.9344234374999999 0.262353125 0.9292390625 0.2641484375 0.9475796875 0.2716265625 0.959940625 0.27581406249999996 0.9647249999999999 0.2776078125 0.9738953125 0.27790781249999996 0.97828125 0.27790781249999996 0.9838625000000001 0.27820625
0 0.9304359375000001 0.296153125 0.9256515625 0.296153125 0.9224609375 0.2967515625 0.9225546874999999 0.2994703125 0.9264484375 0.3000421875 0.9304359375000001 0.3030328125 0.932828125 0.3042296875 0.9348218749999999 0.30572499999999997 0.9419984375 0.306621875 0.9459859375 0.3054265625 0.94319375 0.3021359375 0.9400046874999999 0.300640625 0.9336249999999999 0.2967515625 0.9304359375000001 0.296153125
0 0.9677390625 0.32638124999999996 0.9667187500000001 0.3263640625 0.9675156250000001 0.327859375 0.9703062499999999 0.3314484375 0.9762875 0.33354218750000003 0.98226875 0.33354218750000003 0.9810718749999999 0.32965468750000004 0.9762875 0.3272609375 0.9730984375 0.32666249999999997 0.9677390625 0.32638124999999996