1 1 0.85369375 0.956684375 0.9269828125 1 0.9359296875 1 0.85369375
1 1 0.936815625 0.9554828125 0.9260796875 0.9080703124999999 1 1 1 1 0.936815625
1 1 0.28759687500000003 0.5647140625 0.2469296875 0.594765625 0.7404859375 0.92555 0.8006546875 1 0.6335859375 1 0.28759687500000003
1 0.5963375 0.7384734374999999 0.6095125 0.9437562500000001 0.8377203124999999 0.9911843749999999 0.875553125 0.9117484375 0.9257109375000001 0.8000578125000001 0.5963375 0.7384734374999999
1 0.8342499999999999 1 0.8366203125 0.9911843749999999 0.6084125 0.9437562500000001 0.6100046875 1 0.8342499999999999 1
1 0.5507765625000001 0 0.5631 0.24834843750000002 1 0.2847359375 1 0 0.5507765625000001 0
1 0 0 0 0.353284375 0.2782515625 0.386996875 0.1421984375 0 0 0
1 0 0.5843921875 0.1376375 0.7719546875 0.43012656250000003 0.8258640625 0.28029375 0.39180000000000004 0 0.35217343749999996 0 0.5843921875
1 0.489365625 1 0.42716562500000005 0.8245765625000001 0.13590625 0.77219375 0.27685781249999997 0.9633203124999999 0.27826875 0.9633203124999999 0.4623515625 1 0.489365625 1
1 0.455059375 1 0.2777984375 0.9619046875 0.30674531250000003 1 0.455059375 1
1 0.1342421875 1 0 0.880071875 0 0.9869031250000001 0.060018749999999996 1 0.1342421875 1