0 0.65625 0.8774312500000001 0.69921875 0.8278890625 0.6396484375 0.8239765625000001 0.62109375 0.846140625 0.6298828125 0.8735203125 0.65625 0.8774312500000001
0 0.41796875 0.7835609375 0.43359375 0.7470546875 0.4267578125 0.7144609375 0.396484375 0.7470546875 0.3984375 0.7757375 0.41796875 0.7835609375
0 0.59375 0.2385890625 0.5732421875 0.2086015625 0.4921875 0.28030937499999997 0.48828125 0.319421875 0.513671875 0.332459375 0.5537109375 0.32854843749999996 0.578125 0.2985609375 0.59375 0.2385890625
0 0.724609375 0.58278125 0.75390625 0.5332390625000001 0.7314453125 0.5006437499999999 0.689453125 0.5436687499999999 0.6982421875 0.5762625 0.724609375 0.58278125
0 0.5947265625 0.928278125 0.5859375 0.95565625 0.615234375 0.9686953125000001 0.62109375 0.92958125 0.5947265625 0.928278125
0 0.68359375 0.9608718749999999 0.6435546875 0.9543531249999999 0.66015625 0.9843390624999999 0.68359375 0.9608718749999999
0 0.3310546875 0.80833125 0.3125 0.8409265625 0.3359375 0.859178125 0.34375 0.82528125 0.3310546875 0.80833125
0 0.66015625 0.7522703125 0.681640625 0.7235875 0.6787109375 0.6962078125 0.642578125 0.718371875 0.638671875 0.7470546875 0.66015625 0.7522703125
0 0.630859375 0.6245015625 0.63671875 0.587996875 0.6220703125 0.5736546875 0.5810546875 0.5814781250000001 0.564453125 0.6166796875 0.56640625 0.6636140625 0.58984375 0.6740453125 0.6142578125 0.6623109375 0.630859375 0.6245015625
0 0.8369140625 0.25553750000000003 0.810546875 0.28552343750000003 0.83203125 0.3037765625 0.84765625 0.282915625 0.8369140625 0.25553750000000003
0 0.5205078125 0.7979015625 0.4921875 0.8174578125 0.51171875 0.83831875 0.529296875 0.81224375 0.5205078125 0.7979015625
0 0.6728515625 0.4119890625 0.640625 0.43415312500000003 0.666015625 0.4576203125 0.6796875 0.447190625 0.6728515625 0.4119890625
0 0.55859375 0.0743140625 0.556640625 0.1082125 0.587890625 0.1186421875 0.63671875 0.0482390625 0.6376953125 0.0026078125 0.6025390625 0.005215625 0.55859375 0.0743140625
0 0.716796875 0.24901875 0.6845703125 0.23989218750000002 0.705078125 0.282915625 0.716796875 0.24901875
0 0.466796875 0.44197499999999995 0.4677734375 0.46153125 0.48828125 0.46283593749999996 0.4853515625 0.4328484375 0.466796875 0.44197499999999995
0 0.83984375 0.4784796875 0.86328125 0.4654421875 0.8583984375 0.44067187499999994 0.8046875 0.44458281250000004 0.8056640625 0.466746875 0.83984375 0.4784796875
0 0.7353515625 0.417203125 0.716796875 0.42893749999999997 0.72265625 0.45501250000000004 0.73828125 0.44458281250000004 0.7353515625 0.417203125
0 0.857421875 0.12125 0.8623046875 0.1434140625 0.890625 0.14732499999999998 0.8935546875 0.1199453125 0.857421875 0.12125
0 0.6904296875 0.8683046875 0.705078125 0.934796875 0.7265625 0.947834375 0.728515625 0.9008984375000001 0.6904296875 0.8683046875
1 0.4694046875 0.993678125 0.7794140625 0.993678125 0.9706453125 0.0014625 0.4373359375 0.003046875 0.43495937500000004 0.0062171875000000005 0.0026093749999999997 0.7511703125 0.4694046875 0.993678125
1 0.0029359375 0.0030015625 0.00025 0.67313125 0.40844218750000005 0.001209375 0.005621875 0.001209375 0.0029359375 0.0030015625
0 0.0009765625 0.21381718749999998 0 0.2411953125 0.01953125 0.24380312499999998 0.0234375 0.22294375 0.0009765625 0.21381718749999998
0 0.1962890625 0.1173390625 0.18359375 0.12385781250000001 0.193359375 0.139503125 0.1962890625 0.1173390625