1 1 0.6330421875 0.5027 0.151271875 0.5048765625 0.15415 0.014353125 0.2057375 0.2321296875 0.8826203125 1 0.6452140625 1 0.6330421875
1 1 0.17697968749999998 0.9019671875 0.11183125000000001 0.5277375 0.15294375 0.5287171875000001 0.15514531250000002 1 0.5917250000000001 1 0.17697968749999998
1 0 0 0 0.0669546875 0.0082203125 0.1826875 0.011159375000000001 0.1841546875 0.48923281249999995 0.14010625000000002 0.346265625 0 0 0
1 0.3724125 0 0.514321875 0.1360421875 0.8782296875 0.09664062500000001 0.7116578125 0 0.3724125 0
1 0.7365 0 0.9011687500000001 0.09486093749999999 1 0.0858078125 1 0 0.7365 0
4 1 0.1046125 0.9303578124999999 0.109625 1 0.1497 1 0.1046125
1 1 0.7274 0.270965625 0.974590625 0.276253125 0.9777609375 0.2815796875 1 1 1 1 0.7274
0 0.5937718750000001 0.6635640625 0.6030828125000001 0.6545875 0.6030828125000001 0.6386296875 0.58845 0.627659375 0.5751484375 0.625665625 0.568496875 0.6286562499999999 0.5658359374999999 0.6366359375 0.5764781250000001 0.6565828125000001 0.5871203125 0.6625671875 0.5937718750000001 0.6635640625
0 0.6735859375000001 0.7034578125000001 0.6882171875 0.69448125 0.6882171875 0.688496875 0.67890625 0.679521875 0.6682640625 0.679521875 0.6616125 0.6845078124999999 0.6616125 0.69448125 0.658953125 0.6964765625 0.6642734375 0.702459375 0.6735859375000001 0.7034578125000001
0 0.362309375 0.715425 0.37694218749999997 0.702459375 0.3742828125 0.6964765625 0.35964999999999997 0.6855046875 0.3357046875 0.6835109375 0.3330453125 0.6815156250000001 0.3117609375 0.6815156250000001 0.2944671875 0.688496875 0.2918078125 0.6924859375 0.30111875 0.7014625 0.322403125 0.7054515625 0.34235625000000003 0.7184171874999999 0.362309375 0.715425
0 0.4235015625 0.5997343749999999 0.42749218750000006 0.5967421875000001 0.42749218750000006 0.5907578124999999 0.42217031250000003 0.5847734375 0.41950937499999996 0.5688171875 0.40886875 0.5588437500000001 0.40620781250000004 0.5528593749999999 0.40886875 0.546875 0.40487812500000003 0.5438828124999999 0.3942359375 0.5438828124999999 0.391575 0.5418890625 0.3809328125 0.5418890625 0.370290625 0.545878125 0.3609796875 0.5528593749999999 0.3609796875 0.5608375 0.3689609375 0.5748 0.3742828125 0.5767953125 0.37694218749999997 0.5827796875 0.3889140625 0.5917546875 0.41685 0.5987359375 0.4235015625 0.5997343749999999
0 0.2824953125 0.547871875 0.2931375 0.5438828124999999 0.305109375 0.5289234375 0.305109375 0.5229390625 0.30245 0.5169546875 0.2878171875 0.5059843749999999 0.263871875 0.5019953125 0.24924062500000002 0.5089765625 0.2465796875 0.512965625 0.2465796875 0.526928125 0.2519 0.5369015625 0.25589062500000004 0.53989375 0.26121249999999996 0.53989375 0.2678625 0.546875 0.2824953125 0.547871875
0 0.503315625 0.40425468750000004 0.5152875 0.39527968750000003 0.5152875 0.3892953125 0.5019843749999999 0.37134375 0.4900125 0.36236718749999997 0.4846921875 0.360371875 0.468728125 0.360371875 0.44877500000000003 0.3434171875 0.4421234375 0.3344421875 0.4261609375 0.3304515625 0.42217031250000003 0.33344375 0.420840625 0.344415625 0.41551875000000005 0.346409375 0.39955625 0.346409375 0.3982265625 0.351396875 0.41152812499999997 0.3553859375 0.41152812499999997 0.36535937500000004 0.41685 0.3693484375 0.41685 0.379321875 0.428821875 0.3902921875 0.45010625 0.4022609375 0.4727203125 0.4032578125 0.503315625 0.40425468750000004
0 0.39689687500000004 0.7672875 0.40886875 0.7623 0.41152812499999997 0.7563171875 0.40487812500000003 0.749334375 0.38359375 0.747340625 0.371621875 0.7563171875 0.371621875 0.7623 0.37694218749999997 0.766290625 0.39689687500000004 0.7672875
0 0.3436859375 0.7772609375 0.355659375 0.768284375 0.355659375 0.7642953125 0.346346875 0.761303125 0.322403125 0.761303125 0.31043125 0.766290625 0.3117609375 0.7712765625 0.3290546875 0.7762640625 0.3436859375 0.7772609375
0 0.3436859375 0.4760640625 0.35166875000000003 0.47207499999999997 0.355659375 0.46309843749999996 0.3490078125 0.45412187499999995 0.330384375 0.4501328125 0.31575156249999997 0.45512031249999996 0.31575156249999997 0.46509375000000003 0.322403125 0.47207499999999997 0.3317140625 0.4750671875 0.3436859375 0.4760640625
0 0.15479375 0.4860375 0.158784375 0.4830453125 0.1561234375 0.47307187500000003 0.1441515625 0.466090625 0.1361703125 0.466090625 0.12951875 0.4750671875 0.1388296875 0.48204843750000004 0.15080312499999998 0.485040625 0.15479375 0.4860375
0 0.1787375 0.4780578125 0.1853890625 0.47307187500000003 0.1787375 0.468084375 0.169425 0.47307187500000003 0.169425 0.4770609375 0.1787375 0.4780578125
0 0.2745140625 0.47207499999999997 0.2785046875 0.46908281250000006 0.273184375 0.45512031249999996 0.26919375 0.45212812500000005 0.263871875 0.45212812500000005 0.25456093750000003 0.4571140625 0.25722187500000004 0.4670875 0.26254218749999997 0.47107656249999996 0.2745140625 0.47207499999999997
0 0.20354843749999998 0.3796421875 0.18644375 0.3722203125 0.153134375 0.36007812499999997 0.14053125 0.370871875 0.149534375 0.3857140625 0.180428125 0.3869734375 0.20354843749999998 0.3796421875
0 0.3889140625 0.28457499999999997 0.39955625 0.278590625 0.41019843749999996 0.278590625 0.41285937500000003 0.27659531249999997 0.4261609375 0.280584375 0.43813281249999997 0.273603125 0.44079375 0.26762031249999996 0.43813281249999997 0.2556515625 0.42749218750000006 0.24368281249999998 0.41285937500000003 0.23670156250000002 0.39955625 0.226728125 0.39689687500000004 0.22872343750000002 0.391575 0.226728125 0.387584375 0.2277265625 0.3902453125 0.22972031249999997 0.3889140625 0.2347078125 0.38359375 0.2347078125 0.3729515625 0.22872343750000002 0.3569890625 0.23071875 0.35299843750000004 0.23370937500000002 0.3569890625 0.23869687499999998 0.370290625 0.24069218750000002 0.371621875 0.23769999999999997 0.3649703125 0.23670156250000002 0.363640625 0.23370937500000002 0.3729515625 0.23271250000000002 0.3756125 0.23670156250000002 0.3822640625 0.23769999999999997 0.3849234375 0.24168906250000002 0.3742828125 0.24368281249999998 0.3849234375 0.2496671875 0.3849234375 0.25964062499999996 0.3902453125 0.2616359375 0.3902453125 0.265625 0.39556562500000003 0.2696140625 0.3822640625 0.2755984375 0.3822640625 0.2815828125 0.3849234375 0.2835765625 0.3889140625 0.28457499999999997
0 0.298459375 0.372340625 0.30777031250000003 0.3633640625 0.30777031250000003 0.35737968750000004 0.3037796875 0.35239375 0.2878171875 0.35239375 0.281165625 0.35737968750000004 0.2838265625 0.37134375 0.289146875 0.3733375 0.298459375 0.372340625
0 0.5299203125 0.28457499999999997 0.5365703125 0.2795875 0.5272593750000001 0.2706109375 0.5219390625 0.2706109375 0.517946875 0.273603125 0.5152875 0.2815828125 0.517946875 0.2835765625 0.5299203125 0.28457499999999997
0 0.109565625 0.2985375 0.1228671875 0.2945484375 0.13350937499999999 0.2945484375 0.1375 0.29155625 0.1375 0.285571875 0.1281890625 0.280584375 0.11488593750000001 0.280584375 0.109565625 0.278590625 0.10158437499999999 0.280584375 0.09493281249999999 0.2835765625 0.092271875 0.2875671875 0.092271875 0.29155625 0.09759218750000001 0.297540625 0.109565625 0.2985375
0 0.1308484375 0.4481390625 0.1361703125 0.44614374999999995 0.1375 0.4391625 0.13350937499999999 0.4361703125 0.11754687500000001 0.4361703125 0.11355625 0.4391625 0.11355625 0.44315156250000004 0.1188765625 0.447140625 0.1308484375 0.4481390625
0 0.5405609375 0.24667500000000003 0.552534375 0.23769999999999997 0.552534375 0.23370937500000002 0.5458828125 0.226728125 0.5379015625 0.226728125 0.52326875 0.231715625 0.52326875 0.24168906250000002 0.5352406249999999 0.24268593749999998 0.53923125 0.24567812500000002 0.5405609375 0.24667500000000003
0 0.7294546875 0.5837765625 0.7334453125 0.578790625 0.7267953125 0.5718078125 0.71083125 0.5718078125 0.70418125 0.5767953125 0.7095015625000001 0.5827796875 0.7294546875 0.5837765625
0 0.3490078125 0.6456109375 0.355659375 0.640625 0.35299843750000004 0.6286562499999999 0.346346875 0.6236703125 0.338365625 0.6236703125 0.3277234375 0.613696875 0.3197421875 0.613696875 0.31043125 0.620678125 0.321071875 0.6306515625 0.321071875 0.6346406250000001 0.3370359375 0.6446140625 0.3490078125 0.6456109375
0 0.26919375 0.7453453125 0.2745140625 0.74135625 0.28515625 0.7393609375 0.289146875 0.734375 0.289146875 0.726396875 0.31043125 0.7164234375 0.3037796875 0.7114359375 0.28515625 0.715425 0.265203125 0.7323796875 0.265203125 0.7403593749999999 0.26254218749999997 0.742353125 0.265203125 0.7443484375 0.26919375 0.7453453125
0 0.495334375 0.6934843749999999 0.5006546875 0.6914890625 0.5046453125 0.686503125 0.5046453125 0.68051875 0.4926734375 0.6775265625 0.48602187499999994 0.6845078124999999 0.48602187499999994 0.6924859375 0.495334375 0.6934843749999999
0 0.4727203125 0.688496875 0.4727203125 0.6825140625 0.4594171875 0.6825140625 0.4647375 0.688496875 0.4727203125 0.688496875
0 0.5299203125 0.4760640625 0.5339109375 0.47307187500000003 0.5339109375 0.46908281250000006 0.5245984375 0.4640953125 0.5166171875 0.4640953125 0.509965625 0.4670875 0.50730625 0.47107656249999996 0.509965625 0.4750671875 0.5299203125 0.4760640625
0 0.36763124999999997 0.4441484375 0.370290625 0.4421546875 0.3756125 0.4441484375 0.3782734375 0.4421546875 0.3889140625 0.4421546875 0.3982265625 0.4311828125 0.39556562500000003 0.421209375 0.3889140625 0.41622343749999996 0.3756125 0.41622343749999996 0.370290625 0.412234375 0.362309375 0.4102390625 0.354328125 0.412234375 0.3490078125 0.41821875000000003 0.346346875 0.41821875000000003 0.330384375 0.4022609375 0.31708125 0.40425468750000004 0.31043125 0.4092421875 0.31708125 0.4102390625 0.3410265625 0.4301859375 0.3490078125 0.4301859375 0.35299843750000004 0.43317812499999997 0.3503375 0.44115624999999997 0.35299843750000004 0.44315156250000004 0.36763124999999997 0.4441484375
0 0.5059750000000001 0.23670156250000002 0.5126265625 0.231715625 0.5019843749999999 0.22573125 0.48203125 0.20478749999999998 0.47404999999999997 0.20478749999999998 0.4727203125 0.20777968750000003 0.48602187499999994 0.2217421875 0.4913421875 0.23370937500000002 0.4966640625 0.2357046875 0.5059750000000001 0.23670156250000002
0 0.28849843750000004 0.312353125 0.28849843750000004 0.3054234375 0.29312187500000003 0.2984953125 0.30236718749999997 0.2900828125 0.295103125 0.28216406250000003 0.27859375000000003 0.2791953125 0.2719890625 0.2727625 0.264065625 0.26484375 0.24755625 0.2668234375 0.24359375 0.2747421875 0.248215625 0.28909375000000004 0.26670625000000003 0.2999796875 0.26670625000000003 0.31928125 0.266046875 0.331653125 0.2817921875 0.3317875 0.289159375 0.3227453125 0.28849843750000004 0.312353125
0 0.1947 0.3304515625 0.20002187500000002 0.3284578125 0.20135156250000003 0.32347031249999997 0.1947 0.3224734375 0.1880484375 0.3294546875 0.1947 0.3304515625
0 0.059015625 0.31050468750000004 0.0656671875 0.30551875 0.0536953125 0.304521875 0.0497046875 0.30950781250000003 0.059015625 0.31050468750000004
0 0.3436859375 0.1888296875 0.3450171875 0.18583750000000002 0.3436859375 0.184840625 0.3396953125 0.1878328125 0.3436859375 0.1888296875
0 0.1308484375 0.210771875 0.1348390625 0.20777968750000003 0.1281890625 0.20678125 0.1268578125 0.2097734375 0.1308484375 0.210771875
0 0.116215625 0.219746875 0.11222499999999999 0.2147609375 0.105575 0.217753125 0.1108953125 0.219746875 0.116215625 0.219746875
0 0.06300625 0.2815828125 0.060346875 0.2795875 0.06300625 0.2755984375 0.0616765625 0.266621875 0.055025000000000004 0.26762031249999996 0.05768593749999999 0.2696140625 0.05768593749999999 0.2815828125 0.06300625 0.2815828125
0 0.20002187500000002 0.23869687499999998 0.206671875 0.23370937500000002 0.20268125 0.23071875 0.1920390625 0.23271250000000002 0.19070937500000001 0.2357046875 0.1960296875 0.23769999999999997 0.20002187500000002 0.23869687499999998
0 0.1840578125 0.22872343750000002 0.1920390625 0.226728125 0.1933703125 0.2237359375 0.1893796875 0.21875 0.1787375 0.21875 0.1720859375 0.2277265625 0.1840578125 0.22872343750000002
0 0.2824953125 0.23271250000000002 0.2838265625 0.22972031249999997 0.277175 0.22872343750000002 0.2785046875 0.231715625 0.2824953125 0.23271250000000002
0 0.26121249999999996 0.19680781249999998 0.265203125 0.19381718750000002 0.2585515625 0.19281874999999998 0.25722187500000004 0.1958109375 0.26121249999999996 0.19680781249999998
0 0.2957984375 0.23670156250000002 0.29978906250000004 0.23370937500000002 0.298459375 0.22872343750000002 0.2944671875 0.22972031249999997 0.2918078125 0.23370937500000002 0.2944671875 0.2357046875 0.2957984375 0.23670156250000002
0 0.2824953125 0.2227390625 0.2838265625 0.217753125 0.2798359375 0.2147609375 0.2665328125 0.2147609375 0.26254218749999997 0.217753125 0.265203125 0.2217421875 0.2824953125 0.2227390625
0 0.2939640625 0.263965625 0.2990234375 0.27016874999999996 0.3118984375 0.273959375 0.3261546875 0.2746484375 0.32983281249999996 0.2660328125 0.32983281249999996 0.25810625 0.3261546875 0.24880156250000002 0.325234375 0.241909375 0.3096 0.241909375 0.2971828125 0.243978125 0.29654375 0.24591875000000002 0.294425 0.2532828125 0.2939640625 0.263965625
0 0.7507609375000001 0.462271875 0.7627171875000001 0.472265625 0.776971875 0.4715765625 0.7921484375000001 0.465028125 0.7935265625000001 0.4581359375 0.78846875 0.44952031249999996 0.7742125 0.44814218749999996 0.767775 0.45193281250000006 0.7668296875 0.4597171875 0.7507609375000001 0.462271875
0 0.489284375 0.585171875 0.495571875 0.5818734375 0.4968296875 0.5762171875 0.50123125 0.56585 0.500603125 0.553596875 0.4911703125 0.553125 0.47859375000000004 0.5502984375 0.46035624999999997 0.5502984375 0.44400625 0.5502984375 0.436459375 0.55076875 0.41570625000000005 0.5705625000000001 0.4377140625 0.600371875 0.4659234375 0.6036921875 0.4779640625 0.5945968749999999 0.489284375 0.585171875
0 0.1228296875 0.0721328125 0.1267890625 0.06382656249999999 0.109765625 0.060265625 0.0887828125 0.0626390625 0.074134375 0.0650125 0.0784890625 0.0780671875 0.09749218750000001 0.081628125 0.11167656249999999 0.07070625 0.1228296875 0.0721328125
0 0.21066250000000003 0.061170312500000004 0.21465312499999997 0.058178125000000004 0.21066250000000003 0.055185937500000004 0.20534218750000002 0.055185937500000004 0.2040125 0.058178125000000004 0.206671875 0.0601734375 0.21066250000000003 0.061170312500000004
0 0.321575 0.1534265625 0.3294921875 0.1534265625 0.3389953125 0.151053125 0.338203125 0.1397796875 0.3219703125 0.1341421875 0.3132609375 0.135625 0.30613437499999996 0.1382953125 0.30455156250000004 0.14482343749999999 0.3093015625 0.1489765625 0.3190671875 0.15309062499999998 0.321575 0.1534265625
0 0.30475625 0.06320624999999999 0.3055484375 0.060535937500000005 0.2885234375 0.0652828125 0.2968375 0.0646890625 0.30475625 0.06320624999999999