1 1 0.34376406249999997 0.4667 0.43739375 0.28065 0.99944375 1 1 1 0.34376406249999997
0 0.3913046875 0.8049796875 0.4086953125 0.79668125 0.4156515625 0.817428125 0.4121734375 0.8506218750000001 0.42782656250000006 0.87551875 0.42087031250000007 0.9253109374999999 0.4017390625 0.9585062499999999 0.410434375 0.9917015625 0.662609375 0.9958500000000001 0.6939124999999999 0.9668046875 0.709565625 0.9751031250000001 0.72 0.95435625 0.817390625 0.933609375 0.8208703125 0.892115625 0.8347828125 0.892115625 0.8382609375 0.829875 0.8208703125 0.6597515625 0.8243484375 0.6182578125 0.8139125 0.5767640625 0.782609375 0.5726140625 0.7356515625 0.5145234375000001 0.7321734375 0.4896265625 0.6913453125 0.42277343749999996 0.6612046874999999 0.41447968749999997 0.6119375 0.42277343749999996 0.5719453125 0.429684375 0.5273140625 0.43383125 0.47283125000000004 0.44350625 0.4554421875 0.48359218750000005 0.4455890625 0.5181484375000001 0.417390625 0.6556015625 0.4017390625 0.70954375 0.4 0.7510375 0.38608750000000003 0.7842328125 0.3913046875 0.8049796875
1 0.5511984375 0.1588125 0.11323593750000001 0.2793921875 0.0001796875 0.40946249999999995 0.0001796875 0.5145140625 0.45150625 0.44632187500000003 0.5511984375 0.1588125
0 0.2191296875 0.2987546875 0.2521734375 0.315353125 0.27999999999999997 0.29045624999999997 0.349565625 0.2987546875 0.3443484375 0.2655609375 0.30608749999999996 0.22821562499999998 0.2382609375 0.25311249999999996 0.2191296875 0.2987546875
0 0.4139125 0.32780156250000003 0.370434375 0.3029046875 0.363478125 0.31120312499999997 0.363478125 0.36514531250000004 0.3443484375 0.41078906249999997 0.3478265625 0.4439828125 0.43652187500000006 0.43153593749999997 0.45912968750000005 0.40248906250000005 0.4817390625 0.3402484375 0.476521875 0.32780156250000003 0.4139125 0.32780156250000003
1 0.252578125 1 0.4501453125 0.45159062499999997 0.0008015625 0.5167671875 0 1 0.252578125 1
0 0.3648 0.462859375 0.2633671875 0.5444125 0.241921875 0.5941734375000001 0.199609375 0.6729625 0.2268515625 0.737928125 0.2848125 0.755896875 0.336978125 0.7434578125 0.3694359375 0.6397875 0.4181234375 0.527825 0.441309375 0.46424062499999996 0.3648 0.462859375
1 0.47142656250000003 0.426546875 0.9984890625 0.3343953125 1 0.035828125 0.5634781249999999 0.157215625 0.47142656250000003 0.426546875
0 0.5878265625 0.3443984375 0.596521875 0.398340625 0.7113046875 0.3817421875 0.709565625 0.3485484375 0.6973906249999999 0.3361 0.610434375 0.3443984375 0.6052171875 0.3195015625 0.5947828125 0.315353125 0.5878265625 0.3443984375
4 0.690134375 0 0.610821875 0.0212078125 0.561846875 0.157465625 1 0.035828125 1 0 0.690134375 0
4 0.551028125 0.1648390625 0.599715625 0.02476875 0.2581296875 0.13535 0.12096562500000001 0.27247656249999996 0.551028125 0.1648390625
4 0 0.3139484375 0.10627968750000001 0.28699375 0.2523421875 0.1335625 0.00021718750000000001 0.21058125 0 0.3139484375
4 0.4604109375 0 0.34680625 0.032754687500000004 0.2543 0.13416250000000002 0.5979734375 0.030910937500000003 0.6103375 0 0.4604109375 0
4 0 0.2079875 0.2456015625 0.1389578125 0.3377609375 0.0352875 0 0.14932499999999999 0 0.2079875