1 1 0.712178125 0.5499906250000001 0.3543453125 0.11084687499999998 0.4390328125 0.298596875 0.9996375000000001 0.8316156250000001 1 1 0.9292640625 1 0.712178125
0 0.0983828125 0.4354671875 0.5470734375 0.34481562499999996 0.32909375 0.1718625 0.024534375 0.2123484375 0.0983828125 0.4354671875
1 0 0.162028125 0.018562500000000003 0.2133171875 0.3240546875 0.1751484375 0.21125312499999999 0.0853375 0 0.10835312500000001 0 0.162028125
1 0.33041875 0.176340625 0.5881765624999999 0.1369796875 0.4260890625 0.06445 0.21745 0.08688281249999999 0.33041875 0.176340625
1 0.6056796875 0.04394375 0.42429375 0.0654125 0.59295 0.1369796875 0.808015625 0.10025625 0.6056796875 0.04394375
1 0.5961328124999999 0.138171875 0.332009375 0.1751484375 0.5484 0.345715625 0.8955421875 0.271825 0.5961328124999999 0.138171875
1 1 0.162028125 0.8179624999999999 0.1062234375 0.59295 0.1357875 0.9063968750000001 0.27295625 1 0.24910000000000002 1 0.162028125
1 0.9980156250000001 0.3135984375 0.9980156250000001 0.253871875 0.9075953125 0.2741484375 0.9980156250000001 0.3135984375
1 1 0.3206671875 0.9063968750000001 0.2753421875 0.5613546875 0.34791249999999996 1 0.6903953125 1 0.3206671875
0 0.414021875 0.4915671875 0.4292328125 0.5044640625000001 0.43452343750000005 0.5049609375 0.43849218749999996 0.5014875 0.43849218749999996 0.470734375 0.43253906249999996 0.4608140625 0.4252640625 0.4548609375 0.40939218750000006 0.4275796875 0.41335937500000003 0.41765937500000005 0.41931250000000003 0.41567499999999996 0.4265875 0.4161703125 0.47420625000000005 0.4459328125 0.48809531249999993 0.4702375 0.48809531249999993 0.4900796875 0.5119046875000001 0.50694375 0.5231484375 0.52430625 0.523809375 0.5342265625 0.5138890625 0.553075 0.49867656250000003 0.5615078125 0.4920640625 0.569940625 0.494046875 0.5803578125 0.5119046875000001 0.6071421875 0.5138890625 0.615575 0.5125656249999999 0.6279765625 0.5066140625 0.634425 0.5013234375 0.6359125 0.46164062499999997 0.6314484375 0.44113749999999996 0.63194375 0.43253906249999996 0.6354171875 0.42790937500000004 0.643353125 0.44571562499999995 0.6530703124999999 0.45966874999999996 0.6575562500000001 0.46099687500000003 0.6630390625 0.4530234375 0.6665281249999999 0.43641406250000003 0.6715109375 0.44047656249999995 0.6795640625 0.44510625 0.6855156250000001 0.4530421875 0.6899796874999999 0.46164062499999997 0.6899796874999999 0.4914015625 0.6835312499999999 0.513228125 0.6825390625 0.53306875 0.670634375 0.5509265625 0.6512890625 0.5767203125 0.6428578125 0.5912703125000001 0.6423609375 0.6038359375 0.647321875 0.6243390625 0.650296875 0.6316140625 0.6572421875 0.6335984375 0.6646828124999999 0.630953125 0.6865078125 0.6289687500000001 0.6884921875 0.6130953124999999 0.6875 0.6038359375 0.690971875 0.5998671875 0.6954359375 0.5998671875 0.7048609375 0.603175 0.7068453124999999 0.6124343750000001 0.7068453124999999 0.6289687500000001 0.7028765625 0.630953125 0.705853125 0.6421953125 0.7291671875 0.6441796875 0.764384375 0.652778125 0.784721875 0.6541 0.7971234375 0.652778125 0.8035718749999999 0.6441796875 0.8129953125 0.6296296875 0.821925 0.62169375 0.8184531249999999 0.6111109375 0.8080359375 0.5780421875 0.8115078125 0.5502640624999999 0.7991078125 0.523809375 0.8005953124999999 0.521825 0.7991078125 0.513228125 0.7852187500000001 0.5019843749999999 0.7748015625 0.4993390625 0.7673609375 0.5079359375 0.7415671875000001 0.5429890625 0.7237109375 0.5449734375 0.71329375 0.5396828124999999 0.7088296875 0.5337296874999999 0.709325 0.5178578125 0.7162703125000001 0.4914015625 0.715278125 0.48214218750000004 0.7291671875 0.479496875 0.741071875 0.464946875 0.7470234375 0.439153125 0.77579375 0.43716875 0.78125 0.42460312499999997 0.788690625 0.4219578125 0.7951390625 0.42790937500000004 0.799603125 0.4517203125 0.8005953124999999 0.4808203125 0.809028125 0.4847890625 0.8055562500000001 0.4808203125 0.794146875 0.48148125 0.7876984375 0.483465625 0.7827375 0.48677187499999997 0.78125 0.49867656250000003 0.7896828124999999 0.51124375 0.8065468750000001 0.5251328125 0.8070437500000001 0.531084375 0.8134921875 0.539021875 0.8169640625 0.5429890625 0.8224203125 0.5595234375 0.8244046875000001 0.5687828125000001 0.8278765625 0.5839953125 0.8417656250000001 0.6038359375 0.8556546875000001 0.6078046875 0.8645828124999999 0.603175 0.8690468750000001 0.5839953125 0.8705359375 0.579365625 0.8725203125000001 0.5767203125 0.8754953125 0.5767203125 0.8849203125 0.585978125 0.8928578125 0.6097890625 0.923115625 0.625 0.9236109375 0.63624375 0.9265874999999999 0.6395500000000001 0.920634375 0.6375656249999999 0.9126984374999999 0.6388890625 0.9042656250000001 0.652115625 0.884425 0.6607140625000001 0.8794640625 0.6812171874999999 0.8740078125 0.6898140625 0.8670640625000001 0.6924609375 0.8536703125 0.685846875 0.8303578125 0.68716875 0.8189484374999999 0.693121875 0.8189484374999999 0.6997359375000001 0.821925 0.7215609374999999 0.8462296874999999 0.73941875 0.87103125 0.7566140625 0.8849203125 0.7619046875000001 0.8849203125 0.777778125 0.8745046875 0.785053125 0.8735125 0.7896828124999999 0.8670640625000001 0.789021875 0.8596234375 0.7857140625000001 0.856646875 0.7705031250000001 0.86011875 0.7645500000000001 0.86011875 0.7585984375 0.8571421875 0.7460312499999999 0.8427578125 0.740740625 0.8283734375 0.7294968749999999 0.8105156250000001 0.714946875 0.79761875 0.7070109375 0.7842265625 0.7056875 0.7762890625 0.7103171875000001 0.7604171875 0.7123015625 0.7326390625 0.7248671875 0.7147812499999999 0.7288359375 0.69295625 0.7314812500000001 0.6626984375 0.7294968749999999 0.648809375 0.722884375 0.6349203125 0.7136250000000001 0.6289687500000001 0.685846875 0.628471875 0.6772484375000001 0.6230156250000001 0.6679890625 0.599703125 0.648809375 0.5783734375 0.648809375 0.5416671875 0.6455031250000001 0.5327375 0.6421953125 0.5302578125 0.6210312499999999 0.5287703125000001 0.5959 0.5119046875000001 0.5707671875 0.50694375 0.5634921875 0.49900781250000004 0.5601859375 0.47172656249999995 0.55489375 0.45932500000000004 0.5449734375 0.4528765625 0.5244703125 0.4513890625 0.5125656249999999 0.446428125 0.505290625 0.42807500000000004 0.50330625 0.39930625000000003 0.498015625 0.3888890625 0.4861109375 0.3829359375 0.4517203125 0.37896874999999997 0.42989375 0.3869046875 0.4146828125 0.3888890625 0.3921953125 0.3953375 0.3829359375 0.40079374999999995 0.3835984375 0.4186515625 0.3776453125 0.43650781250000004 0.3974875 0.4712296875 0.4001328125 0.4890875 0.414021875 0.4915671875
0 0.329365625 0.43353125 0.32738125 0.431546875 0.31746093750000004 0.4379953125 0.31746093750000004 0.4439484375 0.328703125 0.443453125 0.329365625 0.43353125
0 0.286375 0.46775781250000004 0.281084375 0.46329374999999995 0.27579375 0.462796875 0.26455 0.46875 0.25198437500000004 0.4702375 0.24867656249999998 0.46875 0.24669375 0.4766859375 0.2599203125 0.4811515625 0.27711562500000003 0.48015937500000005 0.2804234375 0.483134375 0.281084375 0.4766859375 0.286375 0.46775781250000004
0 0.325396875 0.46329374999999995 0.3320109375 0.46478125 0.3465609375 0.45585312499999997 0.3406078125 0.454365625 0.33664062499999997 0.45734062499999995 0.32738125 0.4588296875 0.325396875 0.46329374999999995
0 0.421296875 0.549603125 0.4265875 0.5520828125 0.435846875 0.551090625 0.44510625 0.5436515625 0.44444375 0.540675 0.43783125 0.5396828124999999 0.42394218749999996 0.5436515625 0.421296875 0.549603125
0 0.9735453125 0.6999015625 0.9761906249999999 0.7028765625 0.9854499999999999 0.70386875 0.9828046875 0.6984125 0.9854499999999999 0.6889875 0.9768515624999999 0.6835312499999999 0.972221875 0.6865078125 0.9735453125 0.6999015625
0 0.93783125 0.7202375 0.9325390625000001 0.722221875 0.9332015625000001 0.7251984375 0.9417984374999999 0.7291671875 0.9589953124999999 0.72569375 0.972221875 0.7266859375 0.9728843749999999 0.724703125 0.9662703125000001 0.7172625 0.9682546875 0.7123015625 0.9715609374999999 0.71180625 0.9761906249999999 0.7192453125 0.9841265625 0.7217265625 0.9900796875 0.728175 0.994709375 0.7286703125 0.9927250000000001 0.722221875 0.9695765625 0.704365625 0.968915625 0.6954359375 0.9642859375 0.69444375 0.961640625 0.696428125 0.95238125 0.6889875 0.95238125 0.6845234375 0.9477515625 0.6835312499999999 0.9365078125 0.6889875 0.93716875 0.6914687500000001 0.9497359375000001 0.6919640625000001 0.95238125 0.701884375 0.9623015625000001 0.70386875 0.9649468750000001 0.7088296875 0.94510625 0.707340625 0.9411375 0.7103171875000001 0.93783125 0.7202375
0 0.57738125 0.704365625 0.5707671875 0.7078375 0.5661375 0.7162703125000001 0.5661375 0.7207343749999999 0.5740734375 0.724703125 0.585978125 0.722221875 0.59193125 0.7157734375 0.5892859374999999 0.7078375 0.5826718750000001 0.704365625 0.57738125 0.704365625
0 0.832671875 0.696428125 0.8260578125 0.693453125 0.8227515625 0.694940625 0.8240734375000001 0.700396875 0.8339953124999999 0.7033734375 0.832671875 0.696428125
0 0.3664015625 0.8819437499999999 0.3425921875 0.8963296875 0.338625 0.9092265625 0.34193125 0.9146828125 0.35383593750000003 0.9171625000000001 0.37169375 0.915675 0.3981484375 0.9002968750000001 0.39616406249999997 0.8869046875000001 0.3928578125 0.884425 0.3664015625 0.8819437499999999
0 0.2731484375 0.7837296874999999 0.2751328125 0.77579375 0.2731484375 0.7673609375 0.26124375 0.7658734375 0.25330625 0.7688484375 0.24933906249999999 0.766865625 0.24933906249999999 0.7708328125 0.24603125 0.7708328125 0.240740625 0.7787703125000001 0.240740625 0.7862109375 0.244046875 0.790675 0.2546296875 0.7921625 0.2731484375 0.7837296874999999
0 0.321428125 0.644840625 0.32473593749999996 0.647321875 0.33068749999999997 0.6458328125 0.3353171875 0.641865625 0.335978125 0.6359125 0.32275156250000003 0.6369046875000001 0.33068749999999997 0.633928125 0.3313484375 0.63194375 0.32010625 0.6259921875 0.31283125 0.6254953125 0.3042328125 0.6279765625 0.3009265625 0.63194375 0.30489375 0.6403765625 0.3088625 0.6408734375 0.306878125 0.6438484375 0.31216875 0.6438484375 0.31746093750000004 0.646825 0.3207671875 0.646825 0.321428125 0.644840625
0 0.21164062499999997 0.6403765625 0.21230156249999999 0.6458328125 0.23545 0.65625 0.2380953125 0.6512890625 0.24735468749999998 0.6463296875 0.24735468749999998 0.6383921875 0.244709375 0.6349203125 0.22288437499999997 0.6274796874999999 0.21164062499999997 0.6403765625
0 0.1501328125 0.54761875 0.15674531249999998 0.5466265625 0.1626984375 0.538690625 0.1699734375 0.5337296874999999 0.1686515625 0.5307546875 0.152115625 0.525296875 0.14351875 0.5297625 0.1501328125 0.54761875
0 0.1984125 0.54613125 0.20238125 0.548115625 0.21164062499999997 0.54761875 0.2129625 0.545634375 0.2083328125 0.5357140625000001 0.20238125 0.5352187500000001 0.19709062500000002 0.540675 0.1984125 0.54613125
0 0.4292328125 0.575396875 0.435846875 0.5798609375 0.439153125 0.5853171875000001 0.44510625 0.587796875 0.453703125 0.586309375 0.4530421875 0.5813484375 0.443121875 0.5724203125 0.4312171875 0.5704359375 0.4292328125 0.575396875
0 0.1990734375 0.2162703125 0.19973593750000002 0.2232140625 0.21097812500000002 0.24007968750000003 0.17394218749999998 0.255953125 0.163359375 0.25545625 0.1574078125 0.258928125 0.15806875 0.2624015625 0.1620375 0.266865625 0.1666671875 0.266865625 0.1917984375 0.2609125 0.2209 0.25 0.22420625 0.2544640625 0.222221875 0.259425 0.1990734375 0.2713296875 0.20238125 0.2782734375 0.20436562500000002 0.2797625 0.2513234375 0.2817453125 0.2652109375 0.2728171875 0.26124375 0.2703375 0.25396874999999997 0.25396874999999997 0.24933906249999999 0.2544640625 0.24867656249999998 0.2579359375 0.244046875 0.2579359375 0.240740625 0.25496093750000004 0.23412656250000002 0.253471875 0.2268515625 0.2470234375 0.23545 0.24206406249999998 0.24007968750000003 0.2306546875 0.237434375 0.2232140625 0.23082031249999999 0.2182546875 0.22486718749999998 0.20932499999999998 0.2255296875 0.20585312500000003 0.22883593750000003 0.20436562500000002 0.22817500000000002 0.198909375 0.2209 0.19246093749999998 0.214946875 0.19246093749999998 0.2070109375 0.194940625 0.20568749999999997 0.1999015625 0.207671875 0.20188437499999998 0.2162703125 0.20238125 0.2202375 0.20585312500000003 0.20965625000000002 0.20882968750000003 0.2103171875 0.21329375 0.2017203125 0.21329375 0.1990734375 0.2162703125
0 0.34920625 0.332340625 0.36772499999999997 0.334821875 0.3763234375 0.3333328125 0.380290625 0.329365625 0.387565625 0.3278765625 0.38227500000000003 0.31944374999999997 0.3902109375 0.321428125 0.40939218750000006 0.319940625 0.40939218750000006 0.31646874999999997 0.406084375 0.31448437500000004 0.3849203125 0.3169640625 0.37698437500000004 0.315971875 0.36574062500000004 0.3025796875 0.3611109375 0.3015875 0.3597890625 0.309028125 0.3558203125 0.3120046875 0.34788437499999997 0.3139875 0.34193125 0.3129953125 0.3392859375 0.318453125 0.328703125 0.31944374999999997 0.33068749999999997 0.3263890625 0.3379625 0.3263890625 0.34920625 0.332340625
0 0.4417984375 0.309028125 0.43386250000000004 0.3149796875 0.43452343750000005 0.3189484375 0.44113749999999996 0.323909375 0.45899531250000003 0.3283734375 0.4788359375 0.325396875 0.46164062499999997 0.3125 0.4583328125 0.3120046875 0.45701093750000005 0.31448437500000004 0.4417984375 0.309028125
0 0.285053125 0.2142859375 0.2784390625 0.2142859375 0.2731484375 0.2157734375 0.2731484375 0.222221875 0.26851875000000003 0.22420625 0.26851875000000003 0.226190625 0.281084375 0.23561562500000002 0.2870375 0.23611093749999998 0.29034375 0.23313437499999998 0.29100468749999997 0.2202375 0.285053125 0.2142859375
0 0.41534375 0.299603125 0.420634375 0.29613125 0.41997343750000005 0.2911703125 0.42394218749999996 0.2896828125 0.4232796875 0.2876984375 0.41798906249999995 0.287203125 0.428571875 0.2837296875 0.42460312499999997 0.27926562499999996 0.4232796875 0.2673609375 0.420634375 0.2653765625 0.4252640625 0.2619046875 0.4219578125 0.25496093750000004 0.4087296875 0.253471875 0.402115625 0.2490078125 0.396825 0.2490078125 0.37896874999999997 0.25198437500000004 0.3763234375 0.25396874999999997 0.391534375 0.2678578125 0.39616406249999997 0.2693453125 0.3974875 0.28670625 0.40145468749999996 0.290675 0.40079374999999995 0.2966265625 0.406084375 0.3000984375 0.41534375 0.299603125
0 0.3558203125 0.2748015625 0.3611109375 0.271825 0.3578046875 0.2658734375 0.3525125 0.2633921875 0.3432546875 0.2673609375 0.3498671875 0.275296875 0.3558203125 0.2748015625
0 0.296296875 0.3625984375 0.296296875 0.35069374999999997 0.29100468749999997 0.34920625 0.2837296875 0.351190625 0.2751328125 0.35069374999999997 0.2652109375 0.3571421875 0.2658734375 0.3754953125 0.273809375 0.3938484375 0.31283125 0.3859125 0.31150781250000004 0.3814484375 0.30026406250000004 0.3720234375 0.296296875 0.3625984375
0 0.21164062499999997 0.31051562499999996 0.2156078125 0.3209328125 0.2103171875 0.321428125 0.2103171875 0.323909375 0.21759218749999998 0.332340625 0.2195765625 0.330853125 0.2182546875 0.3204359375 0.22420625 0.3189484375 0.2255296875 0.3125 0.21164062499999997 0.31051562499999996
0 0.1802890625 0.35069374999999997 0.1710296875 0.353175 0.1710296875 0.3561515625 0.1822734375 0.3546625 0.18641875000000002 0.35285625 0.192003125 0.352059375 0.19625781250000002 0.3514609375 0.1957265625 0.35405312499999997 0.19466250000000002 0.356646875 0.1904078125 0.35764375 0.19067343750000001 0.3624328125 0.1862421875 0.363590625 0.183596875 0.365575 0.183596875 0.3705359375 0.1802890625 0.3725203125 0.17169218749999998 0.3735125 0.1551578125 0.3452375 0.1492046875 0.3452375 0.1492046875 0.3501984375 0.1458984375 0.34573437500000004 0.143253125 0.34573437500000004 0.130025 0.349703125 0.117459375 0.35069374999999997 0.1148140625 0.3571421875 0.12275 0.356646875 0.12671875 0.360615625 0.1439140625 0.35863125 0.14126875 0.3670640625 0.1531734375 0.3685515625 0.15912500000000002 0.3670640625 0.168384375 0.38194374999999997 0.1915328125 0.37996093750000004 0.194840625 0.3754953125 0.1915328125 0.3670640625 0.2007921875 0.36011875 0.20806718750000003 0.360615625 0.21931093750000002 0.3576390625 0.21468125 0.3462296875 0.22129531249999998 0.34375 0.20872812500000001 0.323909375 0.2034375 0.3234125 0.20013125 0.3249015625 0.20211562500000002 0.332340625 0.20013125 0.3392859375 0.194178125 0.3412703125 0.1955015625 0.3462296875 0.1902109375 0.3407734375 0.1789671875 0.34176562499999996 0.17764375 0.3462296875 0.1802890625 0.35069374999999997
0 0.0780421875 0.2951390625 0.0945765625 0.298115625 0.097884375 0.30704375 0.09193124999999999 0.31150781250000004 0.11441874999999999 0.3139875 0.11706406250000001 0.318453125 0.1164015625 0.3234125 0.12169375 0.3234125 0.1236765625 0.3209328125 0.14285781250000001 0.3204359375 0.1660046875 0.3249015625 0.18716875 0.3258921875 0.18783125 0.3209328125 0.1845234375 0.31795625 0.164021875 0.31944374999999997 0.148809375 0.31795625 0.1329359375 0.3129953125 0.13161406250000002 0.3080359375 0.137565625 0.2971234375 0.1514546875 0.2966265625 0.1626984375 0.3045640625 0.1686515625 0.3045640625 0.1699734375 0.3025796875 0.1679890625 0.298115625 0.1547625 0.294146875 0.1534390625 0.287203125 0.1494703125 0.2837296875 0.1408734375 0.2807546875 0.12830625 0.28670625 0.130290625 0.299603125 0.12830625 0.301090625 0.11706406250000001 0.3015875 0.1097890625 0.294146875 0.0959 0.294146875 0.08994687500000001 0.290178125 0.08134843750000001 0.2911703125 0.0780421875 0.2951390625
0 0.1097890625 0.2579359375 0.112434375 0.264384375 0.1150796875 0.26636875 0.1276453125 0.266865625 0.1223546875 0.25396874999999997 0.1164015625 0.253471875 0.1130953125 0.25396874999999997 0.1097890625 0.2579359375
0 0.1693125 0.2142859375 0.160053125 0.2142859375 0.15674531249999998 0.2157734375 0.15806875 0.2197421875 0.1699734375 0.2177578125 0.1693125 0.2142859375
0 0.42989375 0.1795640625 0.4265875 0.18204375 0.42790937500000004 0.1845234375 0.4477515625 0.1899796875 0.446428125 0.19295625 0.454365625 0.20188437499999998 0.4702375 0.20039687499999997 0.47354531250000004 0.20238125 0.4702375 0.20783749999999998 0.4748671875 0.2157734375 0.4861109375 0.2237109375 0.4933859375 0.23660781250000001 0.5066140625 0.24206406249999998 0.51058125 0.246528125 0.5099203125 0.2485125 0.5019843749999999 0.25099218749999996 0.4841265625 0.253471875 0.4788359375 0.255953125 0.48148125 0.2584328125 0.48214218750000004 0.2688484375 0.48677187499999997 0.273809375 0.483465625 0.27728125000000003 0.4841265625 0.28025781250000004 0.4920640625 0.2827375 0.49867656250000003 0.2827375 0.52579375 0.2748015625 0.5416671875 0.266865625 0.5410046875 0.262896875 0.5304234375 0.2544640625 0.5317453125 0.2504953125 0.535053125 0.25 0.5436515625 0.25396874999999997 0.5542328125 0.2524796875 0.5542328125 0.241071875 0.546296875 0.226190625 0.54034375 0.2217265625 0.5224875 0.21180625000000003 0.5019843749999999 0.212796875 0.48677187499999997 0.20238125 0.49272499999999997 0.1974203125 0.4933859375 0.18799531249999998 0.49669375000000004 0.18402812500000001 0.5231484375 0.178075 0.5317453125 0.1736109375 0.5284390625000001 0.15575468750000002 0.5251328125 0.1537703125 0.5185187499999999 0.1537703125 0.4682546875 0.15972187499999999 0.45568749999999997 0.16319375 0.40277812500000004 0.1671625 0.3816140625 0.1716265625 0.38822812500000003 0.178571875 0.4126984375 0.1736109375 0.4332015625 0.1721234375 0.44047656249999995 0.1765875 0.42989375 0.1795640625
0 0.6481484375 0.230159375 0.6395500000000001 0.230159375 0.6349203125 0.23313437499999998 0.6388890625 0.23660781250000001 0.6494703125 0.23759843749999998 0.6501328125 0.242559375 0.6474875 0.2450390625 0.6329359375 0.248015625 0.62169375 0.24305625000000003 0.615740625 0.2475203125 0.6256609375 0.2579359375 0.6276453125 0.26488125 0.6349203125 0.2708328125 0.63558125 0.2817453125 0.6164015625 0.2842265625 0.6025125 0.2787703125 0.6025125 0.2619046875 0.5886250000000001 0.2504953125 0.5833328125 0.2524796875 0.57738125 0.258928125 0.5760578125 0.26488125 0.58465625 0.2728171875 0.5853171875000001 0.298115625 0.5873015625 0.3005953125 0.5952375 0.3005953125 0.5925921875 0.28323437500000004 0.5959 0.2797625 0.6005296875 0.28025781250000004 0.611771875 0.2896828125 0.6230156250000001 0.290178125 0.630953125 0.294146875 0.6289687500000001 0.2966265625 0.630290625 0.303075 0.62169375 0.3080359375 0.6203703125 0.31349218749999996 0.6375656249999999 0.3149796875 0.641534375 0.3110125 0.641534375 0.30753906249999996 0.6369046875000001 0.3015875 0.63624375 0.295634375 0.6541 0.2911703125 0.6474875 0.28224218749999996 0.6541 0.28125 0.664021875 0.28819374999999997 0.6699734375 0.287203125 0.6693125 0.28224218749999996 0.663359375 0.27728125000000003 0.6461640625 0.2713296875 0.6474875 0.2633921875 0.6593921875000001 0.2653765625 0.67261875 0.259425 0.670634375 0.25496093750000004 0.663359375 0.25496093750000004 0.6574078125 0.2514875 0.6574078125 0.238590625 0.6686515625 0.23759843749999998 0.6759265625 0.23908749999999998 0.677909375 0.23363125 0.6759265625 0.2237109375 0.6884921875 0.2192453125 0.6917984374999999 0.215278125 0.689153125 0.212796875 0.681878125 0.211309375 0.6673281249999999 0.2142859375 0.6534390625000001 0.20932499999999998 0.6461640625 0.20238125 0.646825 0.1919640625 0.6388890625 0.18650781249999998 0.6335984375 0.1860125 0.6329359375 0.19246093749999998 0.6263234375 0.196925 0.6256609375 0.20486093749999998 0.630290625 0.20783749999999998 0.6421953125 0.2103171875 0.6554234375 0.220734375 0.6547625 0.22420625 0.6494703125 0.226190625 0.6481484375 0.230159375
0 0.5588625 0.1478171875 0.5509265625 0.15079375 0.5674609375 0.15575468750000002 0.579365625 0.15625 0.5892859374999999 0.15575468750000002 0.59920625 0.1517859375 0.5932546875 0.1463296875 0.5767203125 0.1458328125 0.5588625 0.1478171875
0 0.634615625 0.1732421875 0.6472249999999999 0.1745234375 0.6491484375 0.169875 0.6463703125 0.1666671875 0.6394796875 0.1673375 0.6388906249999999 0.17083593749999998 0.6348296875 0.1711578125 0.634615625 0.1732421875
0 0.615740625 0.15972187499999999 0.62169375 0.15972187499999999 0.62169375 0.1592265625 0.6236765625 0.1592265625 0.6236765625 0.1587296875 0.6243390625 0.1587296875 0.6236765625 0.1577375 0.6230156250000001 0.1577375 0.6230156250000001 0.15724218750000002 0.6223546875 0.15724218750000002 0.6223546875 0.15674531249999998 0.62169375 0.15674531249999998 0.62169375 0.15625 0.6210312499999999 0.15625 0.6210312499999999 0.15575468750000002 0.6203703125 0.15575468750000002 0.6203703125 0.15525781249999998 0.6183859375 0.15525781249999998 0.6183859375 0.1547625 0.617725 0.1547625 0.617725 0.15525781249999998 0.6170640625 0.15525781249999998 0.6170640625 0.15625 0.615740625 0.15674531249999998 0.615740625 0.15724218750000002 0.6150796875 0.15724218750000002 0.61441875 0.1592265625 0.615740625 0.1592265625 0.615740625 0.15972187499999999
0 0.7691796875 0.294146875 0.788359375 0.290675 0.7876984375 0.2842265625 0.7711640625 0.2827375 0.759259375 0.277778125 0.755953125 0.2748015625 0.7585984375 0.268353125 0.7506609375 0.2633921875 0.7453703125 0.262896875 0.7380953124999999 0.2703375 0.7374343750000001 0.2807546875 0.7288359375 0.2827375 0.7308203125 0.28819374999999997 0.7374343750000001 0.290675 0.744709375 0.290675 0.7486765625 0.287203125 0.7546296875 0.287203125 0.7691796875 0.294146875
0 0.7486765625 0.375 0.755953125 0.3774796875 0.7658734375 0.37599218749999996 0.7671953125 0.3725203125 0.76058125 0.366071875 0.744709375 0.3630953125 0.7414015625 0.3685515625 0.7486765625 0.375
0 0.7989421875 0.4588296875 0.79761875 0.45386875 0.8015874999999999 0.45089218750000004 0.7969578125 0.4479171875 0.7910046875 0.4474203125 0.789021875 0.44940468750000007 0.7910046875 0.45386875 0.789021875 0.4548609375 0.7731484375 0.44890937500000005 0.7691796875 0.4499015625 0.7731484375 0.4623015625 0.7910046875 0.46428593749999997 0.7923281249999999 0.459821875 0.7989421875 0.4588296875
0 0.9656078125 0.43204374999999995 0.9457671875000001 0.4290671875 0.939153125 0.43204374999999995 0.9457671875000001 0.43849218749999996 0.9477515625 0.4454359375 0.972221875 0.4499015625 0.9768515624999999 0.4499015625 0.9788359375000001 0.446428125 0.9847890625 0.446428125 0.9814812500000001 0.4399796875 0.9656078125 0.43204374999999995
0 0.8082015625000001 0.1974203125 0.8082015625000001 0.20287656250000002 0.8445765625 0.2162703125 0.86375625 0.2137890625 0.8822749999999999 0.2142859375 0.8902109375 0.2103171875 0.906084375 0.2068453125 0.9054234375 0.1994046875 0.8895500000000001 0.19097187499999999 0.8756609375 0.18948437499999998 0.8644187499999999 0.1919640625 0.8591265625 0.1979171875 0.847221875 0.1984125 0.8459 0.20039687499999997 0.8485453125 0.20386875 0.8373015625000001 0.20287656250000002 0.825396875 0.196925 0.8154765625 0.1954359375 0.8082015625000001 0.1974203125
0 0.8022484375 0.16021875000000002 0.8313484375 0.1641859375 0.8498671874999999 0.16319375 0.853175 0.16121093749999998 0.8505296875000001 0.1537703125 0.843915625 0.1498015625 0.8300265625 0.1458328125 0.8181218749999999 0.1453375 0.7857140625000001 0.1354171875 0.773809375 0.1349203125 0.7705031250000001 0.1374015625 0.7705031250000001 0.1408734375 0.773809375 0.143353125 0.8002640624999999 0.143353125 0.8055562500000001 0.1463296875 0.80489375 0.14930625 0.795634375 0.15128906250000002 0.799603125 0.1592265625 0.8022484375 0.16021875000000002
0 0.597221875 0.102678125 0.5952375 0.10515937500000001 0.6078046875 0.11011875 0.638228125 0.10615156249999999 0.625 0.0987109375 0.619709375 0.0982140625 0.611771875 0.10168593749999999 0.597221875 0.102678125
0 0.7182546875 0.0942453125 0.6845234375 0.0942453125 0.6686515625 0.0907734375 0.660053125 0.08432500000000001 0.6441796875 0.08333281249999999 0.6408734375 0.0887890625 0.6421953125 0.09622968750000001 0.6666671875 0.09622968750000001 0.6699734375 0.099703125 0.6699734375 0.10416718750000001 0.693121875 0.1056546875 0.7030421875 0.10019843749999999 0.7195765625 0.09573437500000001 0.7182546875 0.0942453125
0 0.48743437500000003 0.060515624999999997 0.4841265625 0.0629953125 0.4914015625 0.06646875 0.47222187499999996 0.068453125 0.47222187499999996 0.07192499999999999 0.476190625 0.07490156249999999 0.4914015625 0.075396875 0.5178578125 0.0704359375 0.5079359375 0.06349218749999999 0.48743437500000003 0.060515624999999997
0 0.3816140625 0.1483140625 0.391534375 0.1458328125 0.40145468749999996 0.1408734375 0.398809375 0.136409375 0.4001328125 0.1294640625 0.42592656250000005 0.1240078125 0.428571875 0.112103125 0.421296875 0.108134375 0.41137499999999994 0.108134375 0.40277812500000004 0.11011875 0.40079374999999995 0.11458281249999999 0.3908734375 0.11954374999999999 0.36045 0.1235125 0.369709375 0.1314484375 0.36441875 0.1374015625 0.369046875 0.141865625 0.37103125000000003 0.1483140625 0.3816140625 0.1483140625
0 0.1183859375 0.1850203125 0.1421953125 0.18253906250000002 0.14417968750000001 0.180059375 0.141534375 0.1750984375 0.146825 0.1736109375 0.152115625 0.17410781250000001 0.15674531249999998 0.1775796875 0.160053125 0.17410781250000001 0.1646828125 0.178075 0.1917984375 0.1755953125 0.18849218750000002 0.1686515625 0.18386249999999998 0.1666671875 0.1574078125 0.1681546875 0.1554234375 0.170634375 0.141534375 0.165675 0.11045 0.1666671875 0.0959 0.1646828125 0.08465625 0.1666671875 0.0839953125 0.1686515625 0.0892859375 0.1765875 0.0952375 0.1765875 0.093915625 0.1795640625 0.097221875 0.1845234375 0.112434375 0.18551562500000002 0.1130953125 0.18353124999999998 0.1183859375 0.1850203125
0 0.1607140625 0.15674531249999998 0.1660046875 0.1592265625 0.19113750000000002 0.15724218750000002 0.1917984375 0.1498015625 0.18849218750000002 0.1453375 0.17394218749999998 0.1443453125 0.15806875 0.148809375 0.1607140625 0.15674531249999998
0 0.058026562500000003 0.1234328125 0.05211249999999999 0.12483437500000001 0.0466140625 0.127246875 0.043917187499999996 0.129503125 0.046096874999999995 0.1306703125 0.05086875 0.130515625 0.056159375 0.1302046875 0.060515624999999997 0.1292703125 0.06508125000000001 0.12825781249999998 0.06788125 0.1267796875 0.06798593750000001 0.12475624999999999 0.0654953125 0.1232 0.058026562500000003 0.1234328125
0 0.12120468749999999 0.13028125 0.1138390625 0.130515625 0.10823750000000001 0.1309828125 0.10585156250000001 0.1318390625 0.0970328125 0.13471875 0.0984859375 0.1365078125 0.102946875 0.1372078125 0.11342343749999999 0.1365859375 0.114565625 0.135184375 0.11995937500000001 0.1339390625 0.124525 0.13362812500000001 0.12473125 0.13269375 0.12390156249999999 0.1311375 0.12120468749999999 0.13028125
0 0.075246875 0.157359375 0.07251250000000001 0.1583765625 0.07255 0.16031562500000002 0.074521875 0.1607046875 0.0784640625 0.160628125 0.08033124999999999 0.1601609375 0.0817828125 0.15875937499999998 0.0846875 0.157903125 0.0834421875 0.1568921875 0.07929375 0.1566578125 0.075246875 0.157359375
0 0.1375953125 0.1228171875 0.1375953125 0.1247625 0.1408109375 0.125075 0.1416421875 0.1228171875 0.1443390625 0.12102656249999999 0.14465 0.1185375 0.1470359375 0.1170578125 0.14952656250000002 0.1144125 0.1501484375 0.11176562500000001 0.14973281249999998 0.10896406249999999 0.1484890625 0.106240625 0.1464140625 0.10577343749999998 0.14475312499999998 0.1042171875 0.14413125 0.1033609375 0.13894375 0.103515625 0.138840625 0.1073296875 0.1363515625 0.10748593749999999 0.13375781250000002 0.110053125 0.1323046875 0.11262187500000001 0.1332390625 0.11433437500000002 0.1369734375 0.11573437499999999 0.1364546875 0.11775781249999999 0.13510625 0.11845937499999999 0.1364546875 0.1205609375 0.1375953125 0.1228171875
0 0.18095937499999998 0.10912031250000001 0.185109375 0.108496875 0.1838640625 0.1056953125 0.1838640625 0.1042171875 0.1816859375 0.1022703125 0.1790921875 0.1020375 0.178884375 0.099703125 0.176809375 0.0977578125 0.168896875 0.09769375 0.16840625 0.10071406249999999 0.16923749999999999 0.10359375 0.1649828125 0.10429375 0.16487968749999998 0.107640625 0.16664375 0.10834218749999999 0.1675765625 0.10982031249999999 0.17151875 0.11044218750000001 0.17629062499999998 0.110365625 0.18095937499999998 0.10912031250000001
0 0.16851093749999999 0.13549687500000002 0.1743203125 0.1355734375 0.1754609375 0.13440625 0.179921875 0.1339390625 0.17981875 0.131915625 0.1675765625 0.13215 0.1659171875 0.134328125 0.16851093749999999 0.13549687500000002
0 0.0826125 0.111221875 0.084584375 0.11215468749999999 0.08842187500000001 0.1123890625 0.0895640625 0.11137656250000001 0.0896671875 0.1096640625 0.0890453125 0.10834218749999999 0.0846875 0.10810781249999998 0.0826265625 0.10962187500000001 0.0826125 0.111221875
0 0.2129859375 0.1154609375 0.206075 0.11589218750000001 0.2052234375 0.1184046875 0.20645937499999997 0.1202140625 0.210490625 0.12064531249999999 0.2181703125 0.12050156249999999 0.21970625 0.1184859375 0.2239296875 0.11805312500000001 0.22412187499999997 0.11704531250000001 0.21874687499999998 0.11704531250000001 0.21874687499999998 0.11589218750000001 0.2129859375 0.1154609375
0 0.2383296875 0.11776562500000001 0.24370468750000002 0.11704531250000001 0.23993906250000002 0.11432500000000001 0.23640937499999998 0.11603749999999999 0.2383296875 0.11776562500000001
0 0.22412187499999997 0.140515625 0.222009375 0.1364828125 0.215621875 0.134121875 0.21433125 0.1382109375 0.20972343750000003 0.139075 0.212603125 0.14137968750000002 0.22412187499999997 0.140515625
0 0.2358328125 0.15189375 0.2310328125 0.15218125 0.22988124999999998 0.1539109375 0.2321859375 0.1540546875 0.2335296875 0.1546296875 0.23721874999999998 0.15463906249999998 0.2379453125 0.1523265625 0.2358328125 0.15189375
0 0.1691625 0.166834375 0.17257499999999998 0.1662984375 0.1730515625 0.16480937499999998 0.17154375 0.1629046875 0.16813125 0.16236875 0.166225 0.1642734375 0.166621875 0.1662984375 0.1691625 0.166834375
0 0.247665625 0.155296875 0.2439046875 0.15476406250000002 0.239534375 0.15598281249999998 0.23811093749999998 0.1582703125 0.23658593749999998 0.160634375 0.235875 0.1635328125 0.23861875000000002 0.164446875 0.24563281250000002 0.1637609375 0.246546875 0.161703125 0.24858125000000003 0.15895781250000002 0.2512234375 0.15743281250000002 0.247665625 0.155296875
0 0.273890625 0.15598281249999998 0.2755171875 0.15400156250000002 0.27531249999999996 0.1516375 0.27175625000000003 0.1517890625 0.26789375 0.1517890625 0.2659625 0.1516375 0.2649453125 0.1507984375 0.2619984375 0.149959375 0.2580328125 0.1501875 0.2544765625 0.151103125 0.2525453125 0.15400156250000002 0.2525453125 0.15590781250000002 0.256 0.156975 0.26077812499999997 0.1577375 0.26270937499999997 0.159109375 0.266571875 0.1582703125 0.26535156249999997 0.156975 0.266165625 0.156440625 0.2694171875 0.15628906250000002 0.273890625 0.15598281249999998
0 0.222259375 0.16641250000000002 0.2179296875 0.1657015625 0.215225 0.1645859375 0.2137375 0.163265625 0.20764999999999997 0.163265625 0.2016984375 0.16509218750000001 0.2008859375 0.170978125 0.2027796875 0.173515625 0.20575625 0.1747328125 0.20995 0.17422500000000002 0.21563125 0.173515625 0.21887656249999998 0.17199375 0.218065625 0.17036875 0.22009375000000003 0.1693546875 0.22280000000000003 0.1681375 0.222259375 0.16641250000000002