1 0.1509515625 0.6500828125 0.706840625 0.87190625 0.927225 0.525125 0.5782203124999999 0.4394453125 0.1509515625 0.6500828125
1 0 0.5906374999999999 0.137065625 0.6485546875 0.573121875 0.43703593749999997 0.3009828125 0.368515625 0 0.445753125 0 0.5906374999999999
1 0 0.442521875 0.2978453125 0.36745 0.0761484375 0.31268125 0 0.32315312500000004 0 0.442521875
1 0.00015781250000000002 0.293034375 0 0.323975 0.068590625 0.311228125 0.00015781250000000002 0.293034375
1 0.2027421875 0.23800781249999997 0.0009453125 0.2564203125 0 0.28994375 0.0729984375 0.3116625 0.350121875 0.268696875 0.2027421875 0.23800781249999997
1 0.5422703125 0.307171875 0.349778125 0.27008125 0.0862109375 0.3118375 0.3041671875 0.36686406250000003 0.5422703125 0.307171875
1 0.30339375 0.3674421875 0.5793781250000001 0.4340890625 0.7501890625 0.34880625 0.5353140625 0.3060125 0.30339375 0.3674421875
1 0.928803125 0.5223140625 1 0.4006125 0.7530890625 0.35025625 0.57783125 0.43770312499999997 0.928803125 0.5223140625
1 0 0.25613437499999997 0.19972499999999999 0.23719218749999998 0.0612515625 0.20820937499999997 0 0.214034375 0 0.25613437499999997
1 0.0010046875 0.1957546875 0 0.21403750000000002 0.062009375 0.208353125 0.0010046875 0.1957546875
1 1 0.40278125 0.9992359375 0.32818437500000003 0.8473593749999999 0.301090625 0.7532609375 0.3483 1 0.40278125
1 0.7547109375 0.3483 0.8463937500000001 0.2996859375 0.6715546875 0.269984375 0.5467500000000001 0.304715625 0.7547109375 0.3483
1 0.3552453125 0.27035156250000003 0.5392375 0.3056625 0.669259375 0.2707203125 0.52275 0.24392343749999998 0.3552453125 0.27035156250000003
1 0.35769843749999997 0.269984375 0.5210828125 0.24423750000000002 0.37982499999999997 0.2190796875 0.20461562500000002 0.23835156249999997 0.35769843749999997 0.269984375
1 0.201996875 0.23645468749999998 0.3815734375 0.21806406250000002 0.26430937499999996 0.1959953125 0.0700515625 0.2084984375 0.201996875 0.23645468749999998
1 0 0.19673125 0.064615625 0.20886875 0.25596718749999997 0.19673125 0.1436609375 0.17583437500000001 0 0.1812828125 0 0.19673125
0 0.3638890625 0.271875 0.34305625 0.271875 0.2333328125 0.2927078125 0.23055625000000002 0.34375 0.24305625000000003 0.3479171875 0.3625 0.3510421875 0.509721875 0.3145828125 0.51805625 0.309375 0.5125 0.303125 0.44166718749999995 0.2864578125 0.3638890625 0.271875
0 0.46428437499999997 0.40416718749999997 0.519840625 0.409375 0.5587296875 0.40833281250000003 0.601784375 0.415625 0.6712296875 0.3895828125 0.7406734375 0.3541671875 0.739284375 0.35 0.7253953125 0.3458328125 0.5906734375 0.3197921875 0.5419484375 0.308465625 0.5156734375 0.315625 0.3337296875 0.3604171875 0.32261875 0.3677078125 0.344840625 0.3739578125 0.414284375 0.36875 0.4212296875 0.3760421875 0.4115078125 0.3833328125 0.4115078125 0.3895828125 0.43372968749999996 0.396875 0.46428437499999997 0.40416718749999997
0 0.23194374999999998 0.2875 0.34444375 0.26875 0.20232031250000002 0.23825156249999999 0.18611093750000002 0.2395828125 0.1638890625 0.240625 0.15555625 0.2447921875 0.15694375 0.2510421875 0.18888906249999998 0.253125 0.19027812500000002 0.2645828125 0.1763890625 0.271875 0.1638890625 0.271875 0.16805625 0.2770828125 0.23194374999999998 0.2875
0 0.247221875 0.559375 0.24444375 0.5677078125 0.225 0.58125 0.22638906250000002 0.5885421875 0.25694374999999997 0.584375 0.3013890625 0.5541671874999999 0.297221875 0.5479171875 0.275 0.5458328125 0.247221875 0.559375
0 0.0388890625 0.47604218749999994 0.01805625 0.48125 0.0166671875 0.4947921875 0.022221875 0.5 0.051389062500000006 0.49895781250000004 0.075 0.484375 0.0666671875 0.46979218749999996 0.05 0.46875 0.0388890625 0.47604218749999994
0 0.4486109375 0.4791671875 0.4513890625 0.48125 0.46527812500000004 0.48020781250000005 0.47777812500000005 0.4739578125 0.48333281250000004 0.46875 0.4861109375 0.46875 0.497221875 0.46041718749999994 0.5 0.45520781250000003 0.5083328125000001 0.453125 0.51805625 0.446875 0.5486109375 0.440625 0.552778125 0.4375 0.547221875 0.4322921875 0.534721875 0.43020781250000006 0.5208328125 0.440625 0.5041671875 0.44479218749999994 0.49166718749999994 0.45208281250000004 0.48194375 0.45520781250000003 0.46527812500000004 0.45520781250000003 0.45416718749999996 0.4625 0.4513890625 0.4625 0.44583281250000006 0.47083281250000003 0.4486109375 0.4791671875
0 0.46944375000000005 0.42604218749999995 0.46944375000000005 0.4270828125 0.475 0.4270828125 0.475 0.428125 0.48055624999999996 0.428125 0.48055624999999996 0.42916718749999994 0.48194375 0.42916718749999994 0.48194375 0.428125 0.5013890625 0.4270828125 0.5013890625 0.42604218749999995 0.5041671875 0.42604218749999995 0.5041671875 0.425 0.5055562499999999 0.425 0.5055562499999999 0.41979218749999997 0.5027781250000001 0.41979218749999997 0.5027781250000001 0.41875 0.5 0.41875 0.5 0.41770781250000005 0.497221875 0.41770781250000005 0.497221875 0.4166671875 0.49305625 0.4166671875 0.49305625 0.415625 0.490278125 0.415625 0.490278125 0.41458281250000006 0.48472187499999997 0.41458281250000006 0.48472187499999997 0.41354218749999994 0.48055624999999996 0.41354218749999994 0.48055624999999996 0.4125 0.4763890625 0.4125 0.4763890625 0.4114578125 0.47083281250000003 0.4114578125 0.47083281250000003 0.41041718749999995 0.4611109375 0.41041718749999995 0.4611109375 0.41354218749999994 0.4625 0.41354218749999994 0.4625 0.421875 0.4638890625 0.421875 0.4638890625 0.42291718749999996 0.46527812500000004 0.42291718749999996 0.46527812500000004 0.425 0.46666718749999997 0.425 0.46666718749999997 0.42604218749999995 0.46944375000000005 0.42604218749999995
0 0.39444375 0.40729218749999996 0.39305625 0.40729218749999996 0.39305625 0.40833281250000003 0.3916671875 0.40833281250000003 0.3916671875 0.409375 0.39305625 0.409375 0.39305625 0.4114578125 0.3986109375 0.4114578125 0.3986109375 0.4125 0.40694375000000005 0.4125 0.40694375000000005 0.4114578125 0.4125 0.4114578125 0.4125 0.41041718749999995 0.41527812500000005 0.41041718749999995 0.4166671875 0.40833281250000003 0.41944375 0.40833281250000003 0.41944375 0.40729218749999996 0.42222187499999997 0.40729218749999996 0.42222187499999997 0.40625 0.4236109375 0.40625 0.4236109375 0.40416718749999997 0.42083281250000004 0.403125 0.42083281250000004 0.40208281250000005 0.41944375 0.40208281250000005 0.41944375 0.4010421875 0.41805624999999996 0.4010421875 0.41805624999999996 0.4 0.4166671875 0.4 0.4166671875 0.3989578125 0.40833281250000003 0.3989578125 0.40694375000000005 0.4010421875 0.40555624999999995 0.4010421875 0.40555624999999995 0.40208281250000005 0.40416718749999997 0.40208281250000005 0.40416718749999997 0.403125 0.3986109375 0.40416718749999997 0.3986109375 0.40520781250000004 0.3958328125 0.40520781250000004 0.39444375 0.40729218749999996
0 0.1763890625 0.378125 0.1708328125 0.3791671875 0.1708328125 0.3802078125 0.16805625 0.3802078125 0.16805625 0.38125 0.165278125 0.38125 0.165278125 0.3822921875 0.1625 0.3822921875 0.1611109375 0.3864578125 0.15972187499999999 0.3864578125 0.15972187499999999 0.390625 0.1625 0.3916671875 0.1625 0.3927078125 0.1638890625 0.3927078125 0.1638890625 0.39375 0.1666671875 0.39375 0.1666671875 0.3947921875 0.1763890625 0.3947921875 0.1763890625 0.39375 0.18055625 0.39375 0.18055625 0.3927078125 0.18472187499999998 0.3927078125 0.18472187499999998 0.3916671875 0.1875 0.3916671875 0.1875 0.390625 0.1916671875 0.390625 0.19305624999999998 0.3885421875 0.19444375 0.3885421875 0.19444375 0.3875 0.1958328125 0.3875 0.197221875 0.3833328125 0.1986109375 0.3833328125 0.1986109375 0.38125 0.2 0.38125 0.2 0.3739578125 0.1986109375 0.3739578125 0.1986109375 0.371875 0.197221875 0.371875 0.197221875 0.3708328125 0.1916671875 0.3708328125 0.1916671875 0.371875 0.1875 0.371875 0.1875 0.3729171875 0.18472187499999998 0.3729171875 0.1833328125 0.375 0.18055625 0.375 0.18055625 0.3760421875 0.177778125 0.3760421875 0.1763890625 0.378125
0 0.7625 0.40625 0.7625 0.4125 0.7388890625 0.43125 0.75 0.43958281250000003 0.7763890625000001 0.4375 0.8 0.4270828125 0.8541671875000001 0.425 0.8722218749999999 0.428125 0.8833328125 0.43333281250000005 0.8833328125 0.440625 0.8680562500000001 0.46145781250000006 0.8708328125 0.490625 0.8666671875 0.5 0.9416671875 0.5 0.95 0.478125 0.9958328125 0.40416718749999997 0.93194375 0.3875 0.7513890625 0.353125 0.7138890625000001 0.36875 0.6375 0.415625 0.6263890625 0.428125 0.647221875 0.43333281250000005 0.6708328125 0.43333281250000005 0.709721875 0.41770781250000005 0.734721875 0.41354218749999994 0.75 0.40625 0.7625 0.40625
0 0.5916671874999999 0.803125 0.59305625 0.8083328125 0.6166671874999999 0.8177078124999999 0.6222218749999999 0.8177078124999999 0.6513890625000001 0.7614578125 0.6819437500000001 0.7260421874999999 0.6833328125 0.7166671874999999 0.66805625 0.715625 0.5916671874999999 0.803125
0 0.659721875 0.6708328125 0.65694375 0.6708328125 0.6486109375 0.6770828125 0.64305625 0.6854171874999999 0.6277781250000001 0.69375 0.6291671875 0.6979171875 0.63194375 0.6979171875 0.6333328125000001 0.7 0.6416671875 0.7 0.64305625 0.6979171875 0.6458328125 0.6979171875 0.6458328125 0.6958328125000001 0.6513890625000001 0.6927078125 0.65694375 0.684375 0.6638890625 0.6791671874999999 0.6638890625 0.6770828125 0.66805625 0.675 0.66805625 0.6729171875 0.675 0.6677078125 0.6819437500000001 0.665625 0.6888890625 0.6572921875 0.6958328125000001 0.653125 0.697221875 0.646875 0.7041671875 0.6395828125 0.70555625 0.6354171875 0.7013890625 0.6333328125000001 0.697221875 0.6354171875 0.6958328125000001 0.6395828125 0.6888890625 0.6447921875 0.6861109375 0.6510421875 0.6763890625 0.6583328125000001 0.6763890625 0.6604171875 0.6666671875 0.6666671875 0.6638890625 0.6666671875 0.659721875 0.6708328125
0 0.8763890625 0.3416671875 0.865278125 0.3416671875 0.8458328125 0.3520828125 0.8361109375 0.3520828125 0.83194375 0.35 0.83194375 0.346875 0.8375 0.3354171875 0.8375 0.3291671875 0.8361109375 0.3270828125 0.8236109375 0.3270828125 0.8055562500000001 0.334375 0.7888890625 0.3385421875 0.7763890625000001 0.3479171875 0.775 0.3520828125 0.825 0.3635421875 0.8722218749999999 0.3697921875 0.8777781250000001 0.3625 0.88055625 0.34375 0.8763890625 0.3416671875
0 0.7625 0.3416671875 0.76805625 0.3375 0.76805625 0.3354171875 0.759721875 0.3302078125 0.73194375 0.3322921875 0.7236109374999999 0.3291671875 0.7166671874999999 0.3104171875 0.7111109375 0.3041671875 0.70694375 0.3041671875 0.672221875 0.315625 0.6388890625 0.3145828125 0.634721875 0.3166671875 0.634721875 0.3208328125 0.64305625 0.3260421875 0.6583328125000001 0.3302078125 0.734721875 0.3447921875 0.75 0.3458328125 0.7625 0.3416671875
0 0.5611109375 0.3052078125 0.5597218749999999 0.3052078125 0.5597218749999999 0.30625 0.5625 0.30625 0.5638890625 0.3083328125 0.5652781250000001 0.3083328125 0.5652781250000001 0.309375 0.5680562499999999 0.309375 0.5680562499999999 0.3104171875 0.58194375 0.3104171875 0.58194375 0.309375 0.584721875 0.309375 0.584721875 0.3083328125 0.5861109375 0.3083328125 0.584721875 0.3041671875 0.58194375 0.303125 0.58194375 0.3010421875 0.5791671875 0.3 0.5791671875 0.2989578125 0.572221875 0.2989578125 0.572221875 0.3 0.5680562499999999 0.3 0.5680562499999999 0.3010421875 0.5652781250000001 0.3010421875 0.5638890625 0.303125 0.5625 0.303125 0.5625 0.3041671875 0.5611109375 0.3041671875 0.5611109375 0.3052078125
0 0.44583281250000006 0.2760421875 0.440278125 0.2760421875 0.440278125 0.2770828125 0.434721875 0.2770828125 0.434721875 0.278125 0.42916718749999994 0.278125 0.42916718749999994 0.2791671875 0.4236109375 0.2802078125 0.4236109375 0.2822921875 0.425 0.2833328125 0.43194375 0.2833328125 0.43194375 0.284375 0.43888906250000004 0.284375 0.43888906250000004 0.2854171875 0.45 0.2875 0.45 0.2885421875 0.45555625 0.2885421875 0.45555625 0.2895828125 0.46666718749999997 0.2895828125 0.46944375000000005 0.2916671875 0.48055624999999996 0.2916671875 0.48472187499999997 0.2875 0.4888890625 0.2875 0.490278125 0.2854171875 0.49444375 0.2854171875 0.49444375 0.284375 0.5 0.284375 0.5 0.2833328125 0.50694375 0.28125 0.50694375 0.2791671875 0.5 0.278125 0.5 0.2791671875 0.49305625 0.2791671875 0.49305625 0.2802078125 0.4888890625 0.2802078125 0.4888890625 0.28125 0.48472187499999997 0.28125 0.48472187499999997 0.2822921875 0.47777812500000005 0.2822921875 0.47777812500000005 0.2833328125 0.47222187499999996 0.2822921875 0.47083281250000003 0.2802078125 0.4736109375 0.278125 0.4791671875 0.2770828125 0.48333281250000004 0.2739578125 0.4875 0.2739578125 0.49166718749999994 0.2708328125 0.49166718749999994 0.26875 0.48472187499999997 0.26875 0.48472187499999997 0.2697921875 0.4791671875 0.2697921875 0.4791671875 0.2708328125 0.46805624999999995 0.2708328125 0.46805624999999995 0.271875 0.45277812500000003 0.2739578125 0.45277812500000003 0.275 0.44583281250000006 0.275 0.44583281250000006 0.2760421875
0 0.38055625000000004 0.275 0.390278125 0.275 0.390278125 0.2729171875 0.3888890625 0.2729171875 0.3888890625 0.2697921875 0.3861109375 0.26875 0.3861109375 0.2677078125 0.365278125 0.2677078125 0.365278125 0.26875 0.3638890625 0.26875 0.3638890625 0.271875 0.365278125 0.271875 0.365278125 0.2729171875 0.37222187500000004 0.2729171875 0.37222187500000004 0.2739578125 0.38055625000000004 0.2739578125 0.38055625000000004 0.275
0 0.2833328125 0.2541671875 0.290278125 0.2541671875 0.290278125 0.253125 0.29305625 0.253125 0.29305625 0.2520828125 0.29444375 0.2520828125 0.29444375 0.2479171875 0.29305625 0.2479171875 0.29305625 0.246875 0.2791671875 0.246875 0.2791671875 0.2479171875 0.275 0.2479171875 0.275 0.2510421875 0.2763890625 0.2510421875 0.2763890625 0.2520828125 0.2791671875 0.2520828125 0.2791671875 0.253125 0.2833328125 0.253125 0.2833328125 0.2541671875
0 0.03055625 0.2552078125 0.00694375 0.2541671875 0 0.25625 0.0013890625 0.2677078125 0.034721875 0.265625 0.03055625 0.2552078125
0 0.040278125 0.4010421875 0.025 0.4010421875 0.019443750000000003 0.40833281250000003 0.026389062499999998 0.4125 0.043056250000000004 0.40729218749999996 0.040278125 0.4010421875
0 0 0.340625 0.022221875 0.3364578125 0.0236109375 0.3291671875 0.033332812499999996 0.3239578125 0.0736109375 0.3208328125 0.084721875 0.3239578125 0.09444375 0.3197921875 0.08333281249999999 0.3135421875 0.06944375 0.3135421875 0 0.3229171875 0 0.340625