1 0.1389046875 0.994540625 0.89194375 1 0.53651875 0.3544921875 0.07140625 0.5697140625 0.1389046875 0.994540625
1 1 0.26928593749999996 0.906753125 0.1687453125 0.543634375 0.3530125 0.5432578125 0.35260625 0.8991718750000001 0.9996 1 0.9980609375 1 0.26928593749999996
0 0.6497890625 1 0.6666671875 0.98501875 0.67510625 0.9662921875 0.6687765625 0.9288390625 0.5189874999999999 0.602996875 0.483121875 0.50561875 0.49156093749999996 0.48314531250000003 0.4873421875 0.4456921875 0.46835468750000003 0.4232203125 0.44936718750000004 0.43820156250000003 0.4451484375 0.47565468749999995 0.4514765625 0.49438125 0.4261609375 0.513109375 0.43670937500000007 0.5992515625 0.4092828125 0.6067421875 0.3902953125 0.5692890625 0.37341718749999997 0.5880156249999999 0.40084375000000005 0.7153562499999999 0.41983125 0.722846875 0.459915625 0.700375 0.478903125 0.737828125 0.49156093749999996 0.7790265625 0.48523281249999994 0.8164796875 0.5126578125 0.9063671875000001 0.5063296875 0.947565625 0.5168781250000001 1 0.6497890625 1
1 1 0.1253640625 0.9154921874999999 0.16846875 1 0.26305625 1 0.1253640625
1 1 0.11988281249999999 0.9994984375 0 0.74623125 0.0016468750000000001 0.9060453125000001 0.166578125 1 0.11988281249999999
1 0.5374453124999999 0.3453453125 0.899765625 0.16757187499999998 0.7411984375 0.00114375 0.3494546875 0 0.5333249999999999 0.3357953125 0.5374453124999999 0.3453453125
1 0.00037343749999999996 0.1454203125 0.067175 0.5641328125 0.5289843750000001 0.3490890625 0.34439375 0 0.0378234375 0.00114375 0.0007109375 0.013715625 0.00037343749999999996 0.1454203125
0 0.3080171875 0.292134375 0.3059078125 0.292134375 0.3059078125 0.2958796875 0.3080171875 0.2958796875 0.3080171875 0.307115625 0.3122359375 0.307115625 0.3122359375 0.3108609375 0.318565625 0.3108609375 0.318565625 0.31460625000000003 0.3270046875 0.31460625000000003 0.3270046875 0.3183515625 0.3333328125 0.3183515625 0.3333328125 0.31460625000000003 0.341771875 0.31460625000000003 0.34388125 0.307115625 0.3459921875 0.307115625 0.3459921875 0.3033703125 0.3481015625 0.3033703125 0.3481015625 0.2958796875 0.3502109375 0.2958796875 0.3502109375 0.2734078125 0.3481015625 0.2734078125 0.3481015625 0.26591718750000004 0.34388125 0.262171875 0.34388125 0.2584265625 0.3312234375 0.2584265625 0.3312234375 0.262171875 0.322784375 0.262171875 0.322784375 0.26591718750000004 0.318565625 0.26591718750000004 0.31645625 0.2734078125 0.3122359375 0.2734078125 0.3122359375 0.277153125 0.3101265625 0.277153125 0.3080171875 0.292134375
0 0.2468359375 0.38951250000000004 0.244725 0.38951250000000004 0.244725 0.3932578125 0.242615625 0.3932578125 0.242615625 0.40449375 0.24050625 0.40449375 0.24050625 0.4232203125 0.242615625 0.4232203125 0.242615625 0.43820156250000003 0.244725 0.43820156250000003 0.244725 0.4456921875 0.2489453125 0.4494375 0.2489453125 0.4531828125 0.25105468750000004 0.4531828125 0.25105468750000004 0.456928125 0.2679328125 0.456928125 0.2679328125 0.4531828125 0.276371875 0.4531828125 0.276371875 0.4494375 0.2827 0.4494375 0.2827 0.4456921875 0.2869203125 0.4456921875 0.2869203125 0.441946875 0.2890296875 0.441946875 0.2890296875 0.43445625000000004 0.2911390625 0.43445625000000004 0.2911390625 0.411984375 0.2890296875 0.411984375 0.2890296875 0.4007484375 0.2869203125 0.4007484375 0.2869203125 0.3932578125 0.2827 0.38951250000000004 0.2827 0.3857671875 0.280590625 0.3857671875 0.280590625 0.382021875 0.2721515625 0.3782765625 0.2700421875 0.3707859375 0.2679328125 0.3707859375 0.2679328125 0.367040625 0.25949374999999997 0.367040625 0.25949374999999997 0.3707859375 0.25527500000000003 0.3707859375 0.2531640625 0.3782765625 0.25105468750000004 0.3782765625 0.25105468750000004 0.382021875 0.2489453125 0.382021875 0.2489453125 0.3857671875 0.2468359375 0.3857671875 0.2468359375 0.38951250000000004
0 0.2489453125 0.0636703125 0.25105468750000004 0.0636703125 0.25105468750000004 0.067415625 0.2531640625 0.067415625 0.2531640625 0.0711609375 0.261603125 0.07490625 0.261603125 0.07865156250000001 0.2679328125 0.07865156250000001 0.2679328125 0.07490625 0.2700421875 0.07490625 0.2700421875 0.0561796875 0.2679328125 0.0561796875 0.2679328125 0.0337078125 0.2637125 0.029962499999999996 0.2637125 0.0262171875 0.261603125 0.0262171875 0.261603125 0.022471875 0.25105468750000004 0.022471875 0.25105468750000004 0.0262171875 0.242615625 0.0262171875 0.242615625 0.029962499999999996 0.238396875 0.029962499999999996 0.238396875 0.041198437500000004 0.242615625 0.041198437500000004 0.244725 0.0561796875 0.2468359375 0.0561796875 0.2489453125 0.0636703125
0 0.18354375 0 0.1856546875 0.0112359375 0.1729953125 0.0262171875 0.1729953125 0.04494375 0.17721562500000002 0.052434375 0.17721562500000002 0.05992499999999999 0.18143437499999998 0.0636703125 0.18143437499999998 0.0711609375 0.1856546875 0.07490625 0.1856546875 0.0861421875 0.1729953125 0.1011234375 0.1687765625 0.1011234375 0.16455625000000002 0.112359375 0.15611875 0.1161046875 0.1540078125 0.1235953125 0.13713124999999998 0.13483125 0.135021875 0.1460671875 0.143459375 0.1498125 0.143459375 0.1535578125 0.1518984375 0.1535578125 0.158228125 0.1460671875 0.1666671875 0.1460671875 0.1729953125 0.16479375000000002 0.1729953125 0.1760296875 0.17721562500000002 0.1835203125 0.2299578125 0.1910109375 0.24050625 0.1760296875 0.24050625 0.16479375000000002 0.238396875 0.16479375000000002 0.238396875 0.1460671875 0.2341765625 0.142321875 0.2341765625 0.13483125 0.2299578125 0.13483125 0.2299578125 0.127340625 0.22573906250000003 0.127340625 0.22573906250000003 0.11984999999999998 0.22151875 0.1161046875 0.2278484375 0.09737812500000001 0.2299578125 0.0636703125 0.22151875 0.048689062500000005 0.223628125 0.0337078125 0.219409375 0.0262171875 0.219409375 0.0112359375 0.2173 0.0112359375 0.219409375 0 0.18354375 0
0 0.45358593750000004 0 0.45780624999999997 0.0187265625 0.459915625 0.0187265625 0.459915625 0.0262171875 0.462025 0.0262171875 0.462025 0.0337078125 0.4662453125 0.037453125 0.46835468750000003 0.052434375 0.47468281250000005 0.0636703125 0.47468281250000005 0.07865156250000001 0.478903125 0.0861421875 0.478903125 0.0936328125 0.4810125 0.0936328125 0.4810125 0.10861406250000001 0.483121875 0.10861406250000001 0.483121875 0.1161046875 0.4725734375 0.1310859375 0.47046406249999995 0.172284375 0.4725734375 0.172284375 0.4725734375 0.179775 0.47679375 0.187265625 0.4810125 0.187265625 0.4810125 0.1835203125 0.49367031250000004 0.1835203125 0.49367031250000004 0.179775 0.5084390625 0.1760296875 0.5126578125 0.1685390625 0.5168781250000001 0.1685390625 0.52320625 0.1535578125 0.5126578125 0.1385765625 0.5147671875000001 0.10486875 0.5126578125 0.10486875 0.5126578125 0.0936328125 0.5105484375 0.0936328125 0.5105484375 0.08239687500000001 0.5084390625 0.08239687500000001 0.5084390625 0.0711609375 0.5042187499999999 0.0636703125 0.5042187499999999 0.0561796875 0.497890625 0.04494375 0.49367031250000004 0.04494375 0.49367031250000004 0.037453125 0.48945156250000005 0.0337078125 0.4873421875 0.0187265625 0.483121875 0.0112359375 0.483121875 0 0.45358593750000004 0
0 0.455696875 0 0.455696875 0.0112359375 0.45780624999999997 0.0112359375 0.45780624999999997 0.0187265625 0.459915625 0.0187265625 0.462025 0.0262171875 0.46835468750000003 0.0262171875 0.46835468750000003 0.022471875 0.47046406249999995 0.022471875 0.47046406249999995 0.0187265625 0.47468281250000005 0.014981249999999998 0.47468281250000005 0.007490624999999999 0.47679375 0.007490624999999999 0.47679375 0 0.455696875 0
0 0.7932484375 0.2059921875 0.795359375 0.2059921875 0.795359375 0.19475625000000002 0.7911390625 0.19475625000000002 0.7911390625 0.1910109375 0.7742609375 0.1910109375 0.7742609375 0.19475625000000002 0.7700421875 0.19475625000000002 0.7700421875 0.21348281249999998 0.7721515625 0.21348281249999998 0.7721515625 0.21722812500000002 0.7890296875 0.21348281249999998 0.7890296875 0.2097375 0.7932484375 0.2097375 0.7932484375 0.2059921875
0 0.616034375 0.2734078125 0.61814375 0.2734078125 0.61814375 0.277153125 0.624471875 0.277153125 0.624471875 0.28464375 0.6308015625000001 0.28464375 0.6308015625000001 0.277153125 0.635021875 0.277153125 0.635021875 0.2696625 0.63713125 0.2696625 0.63713125 0.262171875 0.639240625 0.262171875 0.639240625 0.2584265625 0.63713125 0.2584265625 0.63713125 0.2509359375 0.635021875 0.2509359375 0.635021875 0.247190625 0.6223625 0.247190625 0.6223625 0.2509359375 0.616034375 0.2509359375 0.616034375 0.25468125 0.6139234375 0.25468125 0.6139234375 0.262171875 0.6118140624999999 0.262171875 0.6118140624999999 0.26591718750000004 0.616034375 0.2696625 0.616034375 0.2734078125
0 0.58016875 0.1835203125 0.582278125 0.1835203125 0.582278125 0.187265625 0.5907171875 0.187265625 0.5907171875 0.1835203125 0.5949359375000001 0.1835203125 0.5949359375000001 0.179775 0.597046875 0.179775 0.597046875 0.172284375 0.5949359375000001 0.172284375 0.5949359375000001 0.16479375000000002 0.5928265625 0.16479375000000002 0.5928265625 0.15730312500000002 0.5907171875 0.15730312500000002 0.5907171875 0.1498125 0.5886078125 0.1498125 0.5886078125 0.1460671875 0.5843875 0.1460671875 0.582278125 0.1385765625 0.578059375 0.1385765625 0.578059375 0.13483125 0.5738390625 0.13483125 0.5738390625 0.1385765625 0.5717296875 0.1385765625 0.5717296875 0.1610484375 0.5738390625 0.1610484375 0.5738390625 0.1685390625 0.57595 0.1685390625 0.57595 0.1760296875 0.58016875 0.179775 0.58016875 0.1835203125
0 0.4873421875 0.0898875 0.48945156250000005 0.0898875 0.48945156250000005 0.0936328125 0.49156093749999996 0.0936328125 0.49367031250000004 0.1161046875 0.49156093749999996 0.1161046875 0.49156093749999996 0.1310859375 0.4873421875 0.13483125 0.4873421875 0.1385765625 0.48523281249999994 0.1385765625 0.48523281249999994 0.142321875 0.483121875 0.142321875 0.483121875 0.1535578125 0.4873421875 0.15730312500000002 0.4873421875 0.1610484375 0.49367031250000004 0.1610484375 0.49367031250000004 0.16479375000000002 0.5105484375 0.16479375000000002 0.5126578125 0.15730312500000002 0.5147671875000001 0.15730312500000002 0.5147671875000001 0.1460671875 0.5105484375 0.142321875 0.5105484375 0.1385765625 0.5084390625 0.1385765625 0.5084390625 0.13483125 0.5063296875 0.13483125 0.5063296875 0.1235953125 0.5042187499999999 0.1235953125 0.5063296875 0.0711609375 0.5021093750000001 0.067415625 0.5021093750000001 0.0636703125 0.4873421875 0.0636703125 0.4873421875 0.05992499999999999 0.483121875 0.05992499999999999 0.483121875 0.0636703125 0.478903125 0.0636703125 0.478903125 0.067415625 0.4810125 0.067415625 0.4810125 0.07490625 0.483121875 0.07490625 0.483121875 0.08239687500000001 0.4873421875 0.0861421875 0.4873421875 0.0898875
0 0.635021875 0 0.635021875 0.0112359375 0.6455703125000001 0.014981249999999998 0.6455703125000001 0.022471875 0.6476796874999999 0.022471875 0.6476796874999999 0.04494375 0.6455703125000001 0.04494375 0.6455703125000001 0.052434375 0.6434593750000001 0.052434375 0.64135 0.07490625 0.6286921875 0.0936328125 0.6265828124999999 0.10861406250000001 0.624471875 0.10861406250000001 0.624471875 0.1460671875 0.6223625 0.1460671875 0.6223625 0.16479375000000002 0.6265828124999999 0.16479375000000002 0.6265828124999999 0.1685390625 0.63713125 0.1685390625 0.63713125 0.16479375000000002 0.6497890625 0.15730312500000002 0.6497890625 0.1535578125 0.6540078125 0.1535578125 0.65611875 0.1460671875 0.658228125 0.1460671875 0.65611875 0.13483125 0.6540078125 0.13483125 0.6518984375 0.1161046875 0.6497890625 0.1161046875 0.6497890625 0.0898875 0.6540078125 0.0861421875 0.6540078125 0.08239687500000001 0.658228125 0.08239687500000001 0.658228125 0.07865156250000001 0.662446875 0.07865156250000001 0.662446875 0.07490625 0.6666671875 0.07490625 0.6666671875 0.067415625 0.6687765625 0.067415625 0.6687765625 0.0337078125 0.681434375 0.029962499999999996 0.681434375 0.0187265625 0.67510625 0.014981249999999998 0.67510625 0.0112359375 0.6708859375 0.0112359375 0.6666671875 0 0.635021875 0
0 0.8987343750000001 0.067415625 0.896625 0.067415625 0.896625 0.0561796875 0.8924046875 0.052434375 0.8924046875 0.048689062500000005 0.8881859375 0.048689062500000005 0.8881859375 0.052434375 0.879746875 0.052434375 0.879746875 0.0636703125 0.8839656250000001 0.067415625 0.8839656250000001 0.0711609375 0.8881859375 0.0711609375 0.8881859375 0.07490625 0.8987343750000001 0.07490625 0.8987343750000001 0.067415625
0 0.79746875 0 0.79746875 0.0037453124999999995 0.8016875000000001 0.0037453124999999995 0.8016875000000001 0.007490624999999999 0.8059078124999999 0.007490624999999999 0.8101265625 0.014981249999999998 0.8143453125000001 0.014981249999999998 0.8143453125000001 0.0187265625 0.8270046875 0.0187265625 0.8270046875 0.022471875 0.8354437499999999 0.022471875 0.8354437499999999 0.0262171875 0.8502109375 0.029962499999999996 0.8502109375 0.0337078125 0.875528125 0.0337078125 0.875528125 0.037453125 0.8839656250000001 0.037453125 0.8881859375 0.04494375 0.902953125 0.041198437500000004 0.9050640624999999 0.0337078125 0.9113921875000001 0.029962499999999996 0.9113921875000001 0.014981249999999998 0.91983125 0.007490624999999999 0.91983125 0 0.79746875 0