1 0.5048828125 0.890625 0.5224609375 0.8984375 0.6123046875 0.890625 0.6240234375 0.8880203124999999 0.6318359375 0.8776046875000001 0.6494140625 0.8854171875000001 0.7216796875 0.8802078124999999 0.7490234375 0.875 0.7568359375 0.8645828124999999 0.7724609375 0.8723953124999999 0.8486328125 0.8671875 0.8681640625 0.8619796875000001 0.873046875 0.84765625 0.841796875 0.7643234375 0.8203125 0.73828125 0.822265625 0.7200515625 0.796875 0.6575515625 0.78125 0.6393234375 0.78125 0.6158859375 0.744140625 0.5481765625 0.74609375 0.5377609375 0.724609375 0.48828125 0.71484375 0.48046875 0.716796875 0.4674484375 0.69140625 0.4205734375 0.69140625 0.4075515625 0.669921875 0.3684890625 0.6484375 0.30078125 0.6123046875 0.2213546875 0.6025390625 0.2161453125 0.2744140625 0.2213546875 0.26171875 0.2330734375 0.2578125 0.24609375 0.2421875 0.3294265625 0.216796875 0.42578125 0.216796875 0.44140625 0.205078125 0.4778640625 0.203125 0.5091140625 0.197265625 0.5143234375 0.1875 0.5533859375 0.1875 0.5846359375 0.173828125 0.6106765625 0.1640625 0.6549484375 0.166015625 0.67578125 0.15625 0.6940109375 0.140625 0.7565109375 0.138671875 0.80078125 0.126953125 0.81640625 0.10546875 0.9153640624999999 0.1123046875 0.9375 0.146484375 0.9361984375000001 0.2177734375 0.9296875 0.2373046875 0.9140625 0.2529296875 0.9244796875000001 0.2900390625 0.9244796875000001 0.3583984375 0.9166671875000001 0.3740234375 0.9010421875000001 0.3896484375 0.9114578124999999 0.4169921875 0.9114578124999999 0.4931640625 0.9010421875000001 0.5048828125 0.890625
0 0.51953125 0.83984375 0.517578125 0.7955734375 0.5078125 0.77734375 0.5078125 0.7643234375 0.4931640625 0.7552078125 0.478515625 0.7747390625 0.48046875 0.8190109375000001 0.4853515625 0.828125 0.513671875 0.8424484375000001 0.51953125 0.83984375
0 0.4580078125 0.7447921875 0.4423828125 0.7526046875 0.4375 0.76171875 0.44140625 0.7981765625 0.453125 0.8033859375000001 0.46875 0.7903640625 0.466796875 0.7591140625 0.4580078125 0.7447921875
0 0.4580078125 0.8359375 0.453125 0.8424484375000001 0.453125 0.8528640624999999 0.4716796875 0.8697921875000001 0.486328125 0.8684890624999999 0.4921875 0.8606765624999999 0.4736328125 0.8359375 0.4580078125 0.8359375
0 0.29296875 0.88671875 0.2880859375 0.8802078124999999 0.2587890625 0.8802078124999999 0.25 0.8919265624999999 0.25 0.91015625 0.2607421875 0.9296875 0.267578125 0.9283859375000001 0.2890625 0.9153640624999999 0.29296875 0.88671875
0 0.56640625 0.75390625 0.5712890625 0.7682296875 0.578125 0.7669265625 0.58984375 0.7408859375 0.5849609375 0.7265625 0.572265625 0.7356765625 0.56640625 0.75390625
0 0.7783203125 0.7005203125 0.7734375 0.70703125 0.771484375 0.7174484375 0.7822265625 0.7395828125 0.806640625 0.7434890625 0.8125 0.7330734375 0.7919921875 0.703125 0.7783203125 0.7005203125
0 0.8232421875 0.8411453124999999 0.8095703125 0.8411453124999999 0.806640625 0.8528640624999999 0.810546875 0.86328125 0.82421875 0.8684890624999999 0.8369140625 0.8645828124999999 0.837890625 0.8528640624999999 0.8232421875 0.8411453124999999
0 0.654296875 0.5533859375 0.6728515625 0.5755203125 0.697265625 0.57421875 0.69921875 0.5690109375 0.6884765625 0.5546875 0.6630859375 0.546875 0.654296875 0.5533859375
0 0.4794921875 0.6979171875 0.474609375 0.7044265625 0.470703125 0.71484375 0.4736328125 0.7291671875 0.5078125 0.73828125 0.509765625 0.7174484375 0.5009765625 0.703125 0.4794921875 0.6979171875
0 0.353515625 0.7408859375 0.341796875 0.74609375 0.345703125 0.7721359375 0.357421875 0.7721359375 0.359375 0.7434890625 0.37109375 0.7330734375 0.361328125 0.7174484375 0.373046875 0.6940109375 0.3701171875 0.6744796875 0.357421875 0.69140625 0.3515625 0.71484375 0.337890625 0.7278640625 0.3388671875 0.7395828125 0.353515625 0.7408859375
0 0.4267578125 0.3984375 0.423828125 0.41015625 0.43359375 0.41796875 0.44140625 0.4049484375 0.4267578125 0.3984375
0 0.572265625 0.2669265625 0.5712890625 0.2447921875 0.5634765625 0.2447921875 0.5546875 0.2565109375 0.5595703125 0.2682296875 0.572265625 0.2669265625
0 0.3662109375 0.5 0.3525390625 0.5026046875 0.3505859375 0.5104171875 0.34375 0.51171875 0.33984375 0.5325515625 0.33984375 0.5481765625 0.34375 0.55078125 0.373046875 0.52734375 0.3662109375 0.5
0 0.361328125 0.46484375 0.3583984375 0.4557296875 0.3427734375 0.4453125 0.333984375 0.4544265625 0.3427734375 0.4661453125 0.361328125 0.46484375
1 0.9995625 0.25218281249999996 0.95609375 0.2090421875 0.9564734375 0.20843906250000002 0.6444124999999999 0.21568125 0.926496875 0.84654375 0.9949375 0.84654375 0.9995625 0.25218281249999996
1 0.912109375 0.1705734375 0.7470703125 0.0104171875 0.5517578125 0.0104171875 0.546875 0.0169265625 0.59765625 0.1263015625 0.615234375 0.18359375 0.6484375 0.18359375 0.9111328125 0.1770828125 0.912109375 0.1705734375
0 0.9140625 0.7981765625 0.9208984375 0.8098953124999999 0.927734375 0.80859375 0.93359375 0.79296875 0.9306640625 0.7760421875 0.9248046875 0.7760421875 0.9140625 0.7981765625
0 0.8818359375 0.4973953125 0.876953125 0.5091140625 0.88671875 0.5143234375 0.890625 0.50390625 0.8818359375 0.4973953125
0 0.9426890625000001 0.673446875 0.9262765625 0.674321875 0.9092062500000001 0.6909453125 0.8960750000000001 0.7058203125 0.8947625 0.7241953125 0.9072359375 0.7381953125 0.9078921875000001 0.7416953125 0.9197109375 0.7644453125 0.93875 0.7810703125 0.9623859375 0.7801953125 0.9755171875 0.7688203125 0.9742031250000001 0.7425703125 0.9669812500000001 0.7180703125 0.9623859375 0.6961953125 0.9426890625000001 0.673446875
1 0.5255484375 0.0088875 0.31742499999999996 0.0097625 0.3161109375 0.0097625 0.27540624999999996 0.184759375 0.5951421875 0.179509375 0.5255484375 0.0088875
0 0.5846578124999999 0.173490625 0.5825140625 0.15873593749999998 0.2993078125 0.15635625 0.33073593749999997 0.17872656250000002 0.47395624999999997 0.1730140625 0.5846578124999999 0.173490625