1 0.29396093749999996 0 0.09801093749999999 0.5606046874999999 0.5558453125 0.6451015625000001 1 0.3009453125 1 0.0612375 0.8670937500000001 0 0.29396093749999996 0
1 0.553596875 0.6467875000000001 0.09063750000000001 0.560803125 0.013740625000000001 0.78391875 0.3356015625 0.825503125 0.553596875 0.6467875000000001
1 0 0.8914406250000001 0.2122421875 0.9173453125 0.32661250000000003 0.8271890624999999 0.014226562500000001 0.7850390625 0 0.8244640625 0 0.8914406250000001
1 0.324365625 0.8238171875000001 0.211996875 0.9165468750000001 0.433215625 0.9342 0.5985453125 0.860909375 0.324365625 0.8238171875000001
1 0.591803125 0.8625953125000001 0.42325 0.9384640624999999 0.6111187499999999 0.960884375 0.8232828124999999 0.8929421874999999 0.591803125 0.8625953125000001
1 1 0.7477078125000001 0.9199203125000001 0.7294015625 0.9221671875 0.72434375 0.596296875 0.860909375 0.8187875 0.8963156250000001 1 0.8399281249999999 1 0.7477078125000001
1 0.3311078125 0.8271890624999999 0.59405 0.860909375 0.9064359375000001 0.7226578124999999 0.549321875 0.6533 0.3311078125 0.8271890624999999
1 1 0.68488125 0.9201078125000001 0.726334375 1 0.7443609375 1 0.68488125
1 1 0.2995890625 0.5693296875 0.650159375 0.9176718749999999 0.727715625 1 0.6833625 1 0.2995890625
0 0.43970000000000004 0.30834843749999996 0.43745312500000005 0.31340625 0.43970000000000004 0.32520937499999997 0.4621734375 0.33195312499999996 0.45093750000000005 0.335325 0.4352046875 0.34206875000000003 0.41947343750000005 0.3488125 0.41497968749999997 0.3606140625 0.41722656249999995 0.3724171875 0.43071093749999995 0.3757890625 0.45318437500000003 0.3724171875 0.511615625 0.37073125 0.5048734375 0.377475 0.4936375 0.394334375 0.4936375 0.401078125 0.4936375 0.4280546875 0.495884375 0.43648437500000004 0.5161109374999999 0.4466 0.5183578125 0.46345937499999995 0.5138640624999999 0.47694843750000004 0.5093687499999999 0.4836921875 0.47116406250000004 0.5258421875 0.468915625 0.52415625 0.468915625 0.5089812499999999 0.4599265625 0.485378125 0.41048437499999996 0.485378125 0.394753125 0.49380781249999994 0.39025781249999997 0.5072953124999999 0.397 0.5224703125 0.39025781249999997 0.5443875 0.3767734375 0.5646203125 0.356546875 0.600025 0.55206875 0.6337453125 0.554315625 0.632059375 0.56330625 0.6286875000000001 0.5678 0.6202578125 0.5745421875 0.6017109375 0.5790375 0.5730500000000001 0.581284375 0.527528125 0.5992640625 0.5056093749999999 0.6217374999999999 0.47526250000000003 0.63746875 0.4466 0.6532015624999999 0.42299687500000005 0.6689328125 0.40782187499999994 0.6824171875 0.38421875 0.7251171875 0.352184375 0.74534375 0.3370109375 0.7520859375 0.316778125 0.7610750000000001 0.2982328125 0.7857953125 0.2527109375 0.7857953125 0.23079375 0.78804375 0.2105609375 0.7857953125 0.1802140625 0.774559375 0.15998125000000002 0.7610750000000001 0.13974999999999999 0.7386015625 0.12288906250000001 0.6981484375 0.114459375 0.6824171875 0.10771562500000001 0.666684375 0.09085625 0.650953125 0.0672515625 0.6262328125 0.0689375 0.6149953125 0.079053125 0.5970171875 0.087484375 0.5835328125 0.0992859375 0.5857796875 0.11783125000000001 0.5857796875 0.1346921875 0.581284375 0.1532375 0.56330625 0.16335312500000002 0.5295953124999999 0.1717828125 0.484646875 0.1819 0.46666875 0.18358593750000002 0.43071093749999995 0.1903296875 0.41273125000000005 0.1953875 0.44419531250000005 0.21730468749999998 0.45767968750000004 0.22405 0.469890625 0.24082499999999998 0.43970000000000004 0.30834843749999996
0 0.3917859375 0.11064218750000002 0.4052703125 0.1022125 0.4052703125 0.0870390625 0.37605468750000004 0.08198125 0.3445921875 0.08029531250000001 0.3333546875 0.085353125 0.3311078125 0.0971546875 0.34234375 0.10389843750000001 0.371559375 0.11401406249999999 0.3917859375 0.11064218750000002
0 0.24570625000000001 0.20337187499999998 0.2524484375 0.22697656249999998 0.25694374999999997 0.22697656249999998 0.270428125 0.218546875 0.2749234375 0.21180156249999998 0.272675 0.2050578125 0.2553140625 0.2024578125 0.24570625000000001 0.20337187499999998
0 0.26368593749999997 0.36185625 0.26818125 0.34668125 0.2502015625 0.3348796875 0.2322234375 0.3348796875 0.216490625 0.3382515625 0.21424375 0.36185625 0.24345937499999998 0.371971875 0.26368593749999997 0.36185625
0 0.337490625 0.3601703125 0.337490625 0.3483671875 0.3307484375 0.3416234375 0.306028125 0.34330937499999997 0.290296875 0.3517390625 0.290296875 0.36185625 0.29254375 0.365228125 0.306028125 0.371971875 0.32175937499999996 0.371971875 0.337490625 0.3601703125
0 0.9536312499999999 0.3213921875 0.9558781249999999 0.31970624999999997 0.9738562500000001 0.30621718750000004 0.9850937500000001 0.29610156249999997 0.9850937500000001 0.287671875 0.9828468750000001 0.27418437500000004 0.9603718750000001 0.252265625 0.9423937499999999 0.2539515625 0.9289093749999999 0.259009375 0.9266625 0.2623828125 0.9401453125 0.2843 0.9407062500000001 0.31903125 0.9536312499999999 0.3213921875
0 0.25753750000000003 0.6467875000000001 0.2665265625 0.650159375 0.3092265625 0.650159375 0.3227109375 0.643415625 0.3227109375 0.6248703124999999 0.3227109375 0.6214984375 0.31372187500000004 0.6147546875 0.28450625 0.606325 0.2800109375 0.606325 0.2671421875 0.613975 0.248546875 0.636671875 0.25753750000000003 0.6467875000000001
0 0.200090625 0.739715625 0.1875640625 0.7344953125 0.179259375 0.7331609375 0.1679875 0.731825 0.16205468750000002 0.7313796875 0.15849531249999999 0.73583125 0.1697671875 0.7438421875000001 0.18815781250000002 0.7527421875 0.1964625 0.760753125 0.1982421875 0.76386875 0.1994296875 0.7749953125 0.1982421875 0.7852328125 0.1952765625 0.7914625 0.1958703125 0.79991875 0.20061562500000002 0.8057046874999999 0.22137968749999998 0.8106 0.2284984375 0.8097109375 0.24629531249999997 0.8106 0.2581609375 0.8092656249999999 0.2735859375 0.8065953125 0.282484375 0.7959140625 0.290196875 0.7798921875 0.29138281250000003 0.775440625 0.29197656250000004 0.762534375 0.290196875 0.7531875 0.2836703125 0.7465124999999999 0.278925 0.7438421875000001 0.27061875 0.7465124999999999 0.2646875 0.7469578125 0.26349999999999996 0.734940625 0.2664671875 0.73405 0.2688390625 0.7282640625 0.2694328125 0.7251484375 0.2611265625 0.71669375 0.2492625 0.7162484375 0.2397703125 0.7131328124999999 0.2284984375 0.713578125 0.22256562500000002 0.7162484375 0.21129375 0.7171375 0.20061562500000002 0.71891875 0.18934375 0.7251484375 0.1952765625 0.7331609375 0.1988359375 0.7389453125000001 0.200090625 0.739715625
0 0.3317234375 0.6766375 0.34655468749999996 0.681978125 0.356046875 0.691325 0.3655390625 0.6962203125 0.3774046875 0.691325 0.3768109375 0.684203125 0.38096406250000003 0.6770828125 0.375625 0.6681812500000001 0.3655390625 0.666846875 0.3578265625 0.6655109375 0.3471484375 0.6641765625 0.3441828125 0.665065625 0.34240312500000003 0.6699625 0.334690625 0.6730765625 0.3317234375 0.6766375
0 0.3815578125 0.7367203124999999 0.3815578125 0.7420609375 0.385709375 0.7491828125 0.392828125 0.7509625 0.4029140625 0.7487375000000001 0.40706718750000004 0.7469578125 0.4183390625 0.7407265625 0.4218984375 0.737165625 0.42723750000000005 0.730934375 0.4331703125 0.71891875 0.43850937500000003 0.713578125 0.44384843749999997 0.7077921875000001 0.4474078125 0.7042312500000001 0.44978125 0.7002265624999999 0.4539328125 0.6980000000000001 0.45808593750000004 0.6971109375 0.460459375 0.6939953125 0.4663921875 0.6891 0.47113750000000004 0.688209375 0.47529062499999997 0.6891 0.4924953125 0.6868734375 0.49368125 0.6815328125 0.494275 0.675303125 0.48774843749999997 0.6739671875 0.47825625 0.6708515625 0.4652046875 0.6686265625 0.4474078125 0.6717421875 0.44206874999999995 0.6744125000000001 0.4367296875 0.6793078125 0.4361359375 0.685984375 0.43495 0.6917703125 0.42723750000000005 0.6971109375 0.42545781250000003 0.69755625 0.413 0.6971109375 0.4100328125 0.696665625 0.4058796875 0.698890625 0.39935468749999997 0.7037859375 0.3952015625 0.7086812499999999 0.3946078125 0.713578125 0.3963890625 0.72114375 0.3963890625 0.7229234375 0.3946078125 0.7251484375 0.3906 0.727475 0.3845234375 0.7336046875 0.3815578125 0.7367203124999999
0 0.1662078125 0.6467984375 0.16739375 0.6445734375 0.1697671875 0.639678125 0.17451250000000001 0.6365624999999999 0.1774796875 0.6347828125 0.18341093749999998 0.6361171875 0.1840046875 0.6427937499999999 0.18934375 0.6476890625 0.1958703125 0.6508046875 0.20239531249999998 0.6508046875 0.21426093750000003 0.6503593750000001 0.2207859375 0.6463546874999999 0.22256562500000002 0.6392328125 0.2101078125 0.6325578125 0.20061562500000002 0.6307765625 0.1982421875 0.6272171875 0.20002187500000002 0.62143125 0.20061562500000002 0.616090625 0.1875640625 0.6067437499999999 0.1703609375 0.6031828124999999 0.1590890625 0.6147546875 0.15849531249999999 0.6187609375 0.15315625 0.6209859375 0.1359515625 0.6232109375 0.1258671875 0.6276609375 0.1211203125 0.6370078125 0.119934375 0.644128125 0.1246796875 0.6503593750000001 0.134171875 0.654365625 0.1430703125 0.6552546875 0.1549359375 0.6557000000000001 0.1549359375 0.6552546875 0.163834375 0.6539203125 0.1662078125 0.6467984375
0 0.10984843749999999 0.8070203125000001 0.10332343749999999 0.8074656250000001 0.0950171875 0.8132515625 0.09264375 0.8190375 0.0956109375 0.824378125 0.10095000000000001 0.8279375 0.10747500000000001 0.83194375 0.1175609375 0.8355046875 0.13001875000000002 0.838175 0.1329859375 0.8368390625 0.13773125 0.8350593749999999 0.14484999999999998 0.8377296875000001 0.142478125 0.843515625 0.1371375 0.8528609375 0.149003125 0.856421875 0.15968125 0.8599828125 0.1697671875 0.8604265625 0.178071875 0.8595375000000001 0.1875640625 0.8550859375 0.18934375 0.8488562500000001 0.185784375 0.842625 0.1804453125 0.8399546875 0.1810390625 0.8350593749999999 0.192903125 0.8310531250000001 0.21366718750000002 0.8279375 0.21426093750000003 0.8266031249999999 0.20832812500000003 0.824378125 0.20358281250000002 0.8230421874999999 0.18815781250000002 0.8208171875 0.17154687500000002 0.8208171875 0.15612187500000002 0.8274921875000001 0.156715625 0.8252671875 0.1436640625 0.8257125000000001 0.141884375 0.824378125 0.1365453125 0.8185921875 0.12645937499999998 0.8145859375000001 0.112221875 0.8123609374999999 0.10984843749999999 0.8070203125000001
0 0.04874375 0.86576875 0.0428109375 0.8675484375 0.0404390625 0.8719984375 0.041031250000000005 0.87645 0.0439984375 0.8791203124999999 0.05111718750000001 0.8813453125 0.06298125 0.8822359375 0.067728125 0.8808999999999999 0.0695078125 0.8724437500000001 0.061201562499999994 0.8684390625 0.04815 0.8675484375 0.04874375 0.86576875
0 0.1501890625 0.87466875 0.1436640625 0.8751140625 0.138325 0.8751140625 0.1329859375 0.8777843750000001 0.1288328125 0.8826796874999999 0.1282390625 0.8889109375 0.1288328125 0.8920265625000001 0.1359515625 0.9018171875000001 0.1442578125 0.903153125 0.1579015625 0.9044874999999999 0.16086875 0.9044874999999999 0.1774796875 0.905378125 0.185784375 0.8982578125 0.1840046875 0.8906906250000001 0.1804453125 0.8889109375 0.1721390625 0.8889109375 0.16739375 0.8889109375 0.16086875 0.8906906250000001 0.1579015625 0.8906906250000001 0.1513765625 0.8835703125000001 0.1507828125 0.8773390624999999 0.1501890625 0.87466875
0 0.11044218750000001 0.8728890625 0.1151875 0.8719984375 0.12171406250000001 0.8697734374999999 0.12290000000000001 0.8688828125000001 0.1211203125 0.8662124999999999 0.118746875 0.8653234375000001 0.112221875 0.8622078125 0.10154375 0.8595375000000001 0.09383125 0.8595375000000001 0.09205156249999999 0.8662124999999999 0.0932375 0.8671031250000001 0.107346875 0.8716968749999999 0.11044218750000001 0.8728890625
0 0.3957953125 0.847965625 0.386303125 0.843515625 0.377996875 0.8421796875 0.36909843750000004 0.843515625 0.36909843750000004 0.8452953125 0.3667265625 0.8515265624999999 0.3649453125 0.8590921874999999 0.363759375 0.8630968749999999 0.3619796875 0.8679937499999999 0.3619796875 0.8760046875 0.36613281249999996 0.878675 0.371471875 0.880009375 0.38096406250000003 0.8808999999999999 0.3880828125 0.8804546875 0.3963890625 0.8826796874999999 0.39698125 0.8844609374999999 0.401728125 0.8906906250000001 0.41122031249999996 0.8920265625000001 0.419525 0.8906906250000001 0.42783125 0.888465625 0.4367296875 0.8862406249999999 0.44028906250000005 0.8835703125000001 0.43969531249999994 0.8760046875 0.43495 0.8737796875000001 0.423084375 0.8706640625000001 0.41359218750000004 0.8688828125000001 0.41359218750000004 0.8653234375000001 0.41715156249999996 0.8533062499999999 0.41359218750000004 0.85108125 0.41062656249999996 0.8506359375000001 0.3946078125 0.847965625 0.3957953125 0.847965625
0 0.610090625 0.888465625 0.60475 0.8920265625000001 0.6041578125 0.894696875 0.6041578125 0.9009281250000001 0.6059375 0.903153125 0.61365 0.9071578125 0.6146046875 0.9093843749999999 0.6267015625 0.91071875 0.638565625 0.9156140625000001 0.6415328125 0.920065625 0.6474640625 0.92540625 0.6599234375 0.9245156250000001 0.6646687499999999 0.9227359375 0.669415625 0.920065625 0.6717875 0.914725 0.675940625 0.909828125 0.6795 0.9093843749999999 0.6937375 0.9102734375000001 0.697890625 0.9138343750000001 0.6972984375 0.918284375 0.70145 0.9258515624999999 0.7186546875000001 0.9231812500000001 0.7222140625 0.9222906249999999 0.7417921875 0.9165046875 0.7483171875 0.9133890625 0.758403125 0.91071875 0.7690812499999999 0.9058234374999999 0.7714546875 0.9009281250000001 0.7601828125 0.9027078124999999 0.738128125 0.903153125 0.720303125 0.9022625 0.71674375 0.9004828125 0.7060640625 0.896921875 0.6995390625 0.8942515625 0.6953859375 0.8929171874999999 0.6853015625000001 0.8929171874999999 0.6710625 0.8978125 0.6669109375 0.9013734375 0.6621640625 0.9058234374999999 0.6550453125 0.9058234374999999 0.6479265625 0.903153125 0.64851875 0.9004828125 0.6425875 0.8920265625000001 0.6366546875 0.8911359375 0.630721875 0.8902468750000001 0.615890625 0.8898015625 0.610090625 0.888465625
0 0.50211875 0.9440984374999999 0.5145765625000001 0.9454328125 0.53178125 0.9454328125 0.54601875 0.9472140625 0.5608500000000001 0.9472140625 0.5632234375 0.9449890625 0.5596640625 0.943653125 0.554325 0.9414281250000001 0.5430531249999999 0.9378671875 0.53059375 0.9320812500000001 0.512203125 0.9280765625 0.50093125 0.9240703124999999 0.4890671875 0.9240703124999999 0.4813546875 0.92540625 0.4772015625 0.9280765625 0.4772015625 0.9338625 0.4837828125 0.9410281250000001 0.50211875 0.9440984374999999
0 0.48016875 0.771415625 0.4694890625 0.7843218750000001 0.4671171875 0.7869921875 0.46652343749999997 0.790553125 0.4558453125 0.796784375 0.44160625 0.80435 0.426775 0.8128062500000001 0.42024999999999996 0.8168109375 0.40541875000000005 0.8208171875 0.3994859375 0.820371875 0.387621875 0.8230421874999999 0.38406093750000003 0.8274921875000001 0.4042328125 0.8306078125 0.42974218750000004 0.83194375 0.4582171875 0.837284375 0.4932203125 0.841734375 0.5116109375 0.8448499999999999 0.5216953125 0.842625 0.5335609375 0.838175 0.53949375 0.8306078125 0.53949375 0.8283828124999999 0.53830625 0.8248218749999999 0.523475 0.822596875 0.5092375 0.818146875 0.5068640624999999 0.8168109375 0.5110171875 0.8119156249999999 0.5252546875 0.7976734375000001 0.5412734375 0.7883281249999999 0.5472046875000001 0.7834328125 0.5555109375 0.77675625 0.5584765625 0.77230625 0.5608500000000001 0.765184375 0.5596640625 0.760734375 0.5525453125 0.7459546875 0.5412734375 0.7326953125 0.5371203125 0.72490625 0.5222890625 0.72156875 0.50211875 0.7153375 0.49855937499999997 0.7153375 0.4872875 0.7180078125 0.4813546875 0.7211234375 0.48016875 0.726909375 0.48254062500000006 0.735365625 0.4932203125 0.7447125 0.4991515625 0.7487171874999999 0.5000953124999999 0.7582484375 0.483728125 0.7687453125 0.48016875 0.771415625
0 0.5839875 0.7447125 0.5893265624999999 0.752278125 0.5934796875 0.752278125 0.601190625 0.748271875 0.6053437500000001 0.746046875 0.6071234375000001 0.7380359375000001 0.6094968749999999 0.7295796875 0.610090625 0.71934375 0.608903125 0.709553125 0.6083109375 0.705546875 0.6041578125 0.701096875 0.594665625 0.697090625 0.5887328125 0.697090625 0.586359375 0.7042109375 0.586359375 0.7099968750000001 0.5875468749999999 0.7188984375 0.5875468749999999 0.7251296875000001 0.5875468749999999 0.7260203125 0.586953125 0.728690625 0.5851734375000001 0.7358109374999999 0.5839875 0.7447125
0 0.6439046875 0.7696359375 0.65043125 0.771415625 0.6516171875000001 0.7754203125 0.6510234374999999 0.7829875000000001 0.646278125 0.7838765624999999 0.6379734375 0.786546875 0.6326328125 0.790553125 0.6290734375 0.7941140625 0.6255140625 0.80034375 0.6332265625 0.8070203125000001 0.63500625 0.8092453125000001 0.6415328125 0.8128062500000001 0.6480578125 0.8114703125 0.6563640625 0.8079109375 0.661109375 0.80034375 0.6628890625 0.7958937500000001 0.6747546875 0.7847671875 0.6812796875 0.7878828125 0.6878062500000001 0.7883281249999999 0.699078125 0.786103125 0.6984843749999999 0.7816515625 0.6919578125 0.7731953125000001 0.6848390625 0.77230625 0.6824671875 0.7665203125 0.6795 0.754503125 0.6777203125 0.7433765625000001 0.6747546875 0.7335859375 0.6717875 0.726909375 0.6658546875 0.716228125 0.6646687499999999 0.7122234375 0.661109375 0.7051015625 0.6539906249999999 0.6966453125000001 0.6510234374999999 0.6899703125000001 0.6474640625 0.6846296875 0.6373796875 0.681959375 0.6213609375 0.6792890625 0.6183953125 0.68329375 0.6172093750000001 0.6881890625 0.6189890625000001 0.69798125 0.623734375 0.7086625 0.6332265625 0.7188984375 0.6326328125 0.72156875 0.6302609375 0.7282453125 0.630853125 0.7335859375 0.6361921875000001 0.7411515625 0.6355999999999999 0.7456015625 0.6344125 0.7456015625 0.6267015625 0.7456015625 0.6225484375 0.7464921875 0.6172093750000001 0.750053125 0.6219546874999999 0.75539375 0.62729375 0.75761875 0.6439046875 0.7696359375
0 0.5916984375000001 0.8577562500000001 0.59763125 0.8568671875 0.6005984375 0.8559765625000001 0.6029703125 0.847075 0.59763125 0.8412890624999999 0.5911062499999999 0.83861875 0.572121875 0.8377296875000001 0.5650031249999999 0.841734375 0.559415625 0.85130625 0.5916984375000001 0.8577562500000001
0 0.7722234375 0.8659890625 0.7835328125000001 0.8710796875 0.7920140625000001 0.8732 0.8010609375 0.8732 0.8101078125000001 0.868534375 0.8157625 0.8655640625000001 0.8298984375 0.861321875 0.840075 0.85665625 0.8485578125 0.8528390625 0.85308125 0.8528390625 0.8638234375 0.8490203125000001 0.8689125000000001 0.8469 0.8677828125 0.842234375 0.8643890624999999 0.8379921875 0.8576046875 0.835446875 0.851384375 0.83375 0.842903125 0.8341734375 0.834421875 0.835021875 0.821415625 0.835446875 0.8123687500000001 0.8375671875 0.80501875 0.8401125 0.8027562500000001 0.8426578125 0.7965375 0.8456265625 0.7925796875 0.8477484375 0.786359375 0.8490203125000001 0.7739203125 0.85708125 0.7722234375 0.8659890625
0 0.8479921875 0.8078734375 0.8576046875 0.8061765624999999 0.8734359375 0.8066015625 0.8887031249999999 0.8078734375 0.8949234374999999 0.808721875 0.9028390625 0.8061765624999999 0.909059375 0.8027843750000001 0.9181062499999999 0.7998140625 0.9226296875 0.7947234375 0.9209328125 0.7904828125 0.915278125 0.789209375 0.9084937500000001 0.7875125 0.899446875 0.78454375 0.8898343750000001 0.7819984375 0.8706093750000001 0.7849671875 0.8632593749999999 0.7828468749999999 0.860996875 0.7803015624999999 0.8468609375 0.7786046875 0.844034375 0.7803015624999999 0.8310281249999999 0.78454375 0.825375 0.7887859374999999 0.8197203125 0.7921796875 0.8157625 0.7951484375 0.8101078125000001 0.8015109375 0.8095421875 0.8061765624999999 0.825375 0.808721875 0.8231125 0.8082984375000001 0.840075 0.809146875 0.8479921875 0.8078734375
0 0.9618249999999999 0.565659375 0.9699203125 0.5669609375 0.9768593750000001 0.563490625 0.9820640624999999 0.561321875 0.989003125 0.5552484375 0.9861109375 0.55134375 0.9832203125 0.5504765625 0.9757031250000001 0.5478734375000001 0.9687640625 0.5457046875 0.9641375 0.5452703125 0.9589328125 0.5465718749999999 0.9537296874999999 0.548740625 0.9525734375000001 0.5500421875 0.9526015624999999 0.555515625 0.9566203124999999 0.5621890625 0.9618249999999999 0.565659375
0 0.7519171874999999 0.6324671875 0.75423125 0.633334375 0.7634828125 0.6329 0.768109375 0.6311656250000001 0.7698437499999999 0.628996875 0.769265625 0.6229234375 0.76753125 0.6203203125 0.7646390625 0.6203203125 0.7605921875 0.6194531249999999 0.755965625 0.6211875 0.753075 0.6229234375 0.7524953125 0.624225 0.7519171874999999 0.6272609375 0.7519171874999999 0.6250921875000001 0.7490265625 0.630296875 0.7519171874999999 0.6324671875
0 0.7999125 0.5530796875 0.8056953124999999 0.549175 0.8080093749999999 0.5452703125 0.8004906249999999 0.534859375 0.7918171875 0.5326906250000001 0.7825656249999999 0.5335578125 0.7767828125 0.53529375 0.7750484375 0.537028125 0.7796734375 0.5418000000000001 0.7912390625 0.5522125 0.7999125 0.5530796875
0 0.9438984375 0.6819203125 0.9514156249999999 0.6814875 0.960090625 0.678884375 0.964715625 0.676715625 0.9728109375 0.6706421875 0.9681859375 0.6650031249999999 0.96066875 0.66023125 0.9514156249999999 0.656759375 0.93869375 0.659796875 0.93869375 0.6637015625 0.93869375 0.6650031249999999 0.938115625 0.6676046875 0.9392734375 0.676715625 0.9438984375 0.6819203125