1 0.15903125 0.529896875 0.3953875 1 0.5311859375 0.9962390624999999 0.8119921874999999 0.6811453125 0.5979359375 0.40601562500000005 0.15903125 0.529896875
1 0.373521875 1 0.1514078125 0.5351281250000001 0 0.578553125 0 1 0.373521875 1
1 0 0.575090625 0.1502578125 0.5305156249999999 0 0.21875781249999998 0 0.575090625
1 0 0 0 0.1647015625 0.4276109375 0.1969796875 0.3125265625 0.02329375 0.222321875 0 0 0
1 0 0.201590625 0.1560125 0.5228312500000001 0.59535625 0.3992953125 0.4414203125 0.1954421875 0 0.1662390625 0 0.201590625
1 0.314828125 0.02329375 0.4414203125 0.198515625 0.64396875 0.2062015625 0.5330234375 0.0753515625 0.314828125 0.02329375
1 0.6462703125 0.20466406250000002 0.44027031250000004 0.19083125 0.596784375 0.39986875 0.773721875 0.3519203125 0.6462703125 0.20466406250000002
1 0.7717125 0.3537578125 0.6013875 0.407553125 0.8154453125 0.6719234375 0.9385843749999999 0.532053125 0.7717125 0.3537578125
1 0.6497234375 0.20773906250000002 0.7602046875 0.20927500000000002 0.6711140624999999 0.111203125 0.5380921875 0.0801640625 0.6497234375 0.20773906250000002
1 0.76250625 0.21081249999999999 0.64396875 0.2062015625 0.7794765625 0.3532015625 0.8729875 0.326090625 0.76250625 0.21081249999999999
1 0.8741375 0.324553125 0.78091875 0.3599046875 0.937703125 0.5286171875 0.997278125 0.46135000000000004 0.8741375 0.324553125
0 0.0770234375 0.8415874999999999 0.1016125 0.8078593749999999 0.12354375 0.7856687499999999 0.112246875 0.7705796874999999 0.08366875 0.7617046875 0.052434375 0.7679171874999999 0.02585 0.77856875 0.004340625 0.788834375 0 0.7945453125 0.002590625 0.8309374999999999 0.006578125 0.835375 0.017210937500000002 0.8433624999999999 0.0231921875 0.8540140624999999 0.0418 0.861115625 0.04778125 0.8407 0.062403125000000004 0.835375 0.0770234375 0.8415874999999999
0 0 0.4901375 0.005912499999999999 0.4972390625 0.0378125 0.4830375 0.053762500000000005 0.47327343749999995 0.0617375 0.47593593749999996 0.07569375 0.465284375 0.08765625 0.45729687500000005 0.081675 0.4448703125 0.07303593750000001 0.42356718750000005 0.06639062500000001 0.410253125 0.05974375 0.3871765625 0.051768749999999995 0.37563749999999996 0.03980625 0.380075 0.024521875000000002 0.37741250000000004 0.020534375 0.3685359375 0.008571875 0.3632109375 0 0.3649859375 0 0.4901375
0 0.09829062499999999 0.17160781249999998 0.11158125 0.17071875 0.1328484375 0.16628125 0.13351249999999998 0.15119218750000002 0.12354375 0.1494171875 0.1056 0.15030468749999998 0.090315625 0.1520796875 0.08519062499999999 0.163296875 0.09829062499999999 0.17160781249999998
0 0.1893375 0.306521875 0.1707296875 0.308296875 0.1505359375 0.3193125 0.15943125 0.3429140625 0.1733875 0.356228125 0.182028125 0.3659921875 0.20728125 0.363328125 0.2225671875 0.357115625 0.22123750000000003 0.3375890625 0.2125984375 0.3180609375 0.201965625 0.3127359375 0.1893375 0.306521875
0 0.1428171875 0.192909375 0.13151875 0.185809375 0.1188921875 0.1831453125 0.11091718749999999 0.19024687499999998 0.112246875 0.20356093749999998 0.12088593750000001 0.196459375 0.136171875 0.20444843750000002 0.1388296875 0.2177625 0.14148750000000002 0.22930156249999997 0.15943125 0.22752656249999997 0.1747171875 0.22574999999999998 0.1906671875 0.22397499999999998 0.19531875 0.22131249999999997 0.1694 0.20533593749999998 0.1527859375 0.20089843749999997 0.1428171875 0.192909375
0 0.2524734375 0.4343375 0.237853125 0.42812343750000004 0.23386562500000002 0.44055 0.23386562500000002 0.45918906249999997 0.24184062499999998 0.46806562500000004 0.244678125 0.478284375 0.2504796875 0.48848125 0.259784375 0.48137968750000004 0.271746875 0.4804921875 0.28370937500000004 0.47871718750000003 0.28370937500000004 0.46806562500000004 0.28105 0.4538640625 0.2724109375 0.4538640625 0.25911875 0.4467625 0.2524734375 0.4343375
0 0.3880484375 0.3100734375 0.3880484375 0.301196875 0.379409375 0.2932078125 0.36877499999999996 0.28877031249999996 0.3641234375 0.28788281250000003 0.361465625 0.27723125 0.36279374999999997 0.2674671875 0.359471875 0.25770468750000003 0.3501671875 0.2550421875 0.3382046875 0.2612546875 0.34219218749999997 0.27368125 0.3371578125 0.2838203125 0.335546875 0.29054531250000004 0.335546875 0.2923203125 0.33621093750000003 0.295871875 0.339534375 0.298534375 0.352825 0.30474687500000003 0.36279374999999997 0.308296875 0.36877499999999996 0.31451093750000003 0.37675000000000003 0.31451093750000003 0.3880484375 0.3100734375
0 0.2724109375 0.56288125 0.28304375 0.5495671875 0.2863671875 0.5398031249999999 0.28370937500000004 0.529153125 0.27506875000000003 0.5247140625 0.2604484375 0.5211640625 0.2564609375 0.5220515625 0.2425046875 0.538915625 0.245828125 0.5460171875000001 0.251809375 0.5540046875 0.2531375 0.55933125 0.2524734375 0.5690953125 0.247446875 0.56923125 0.23718750000000002 0.5753078125 0.231871875 0.5930593749999999 0.23918124999999998 0.6019359375 0.2524734375 0.6081484374999999 0.263771875 0.6081484374999999 0.27374062499999996 0.5974984375 0.27506875000000003 0.5859593750000001 0.2684234375 0.5753078125 0.26709375 0.56731875 0.2724109375 0.56288125
0 0.45051874999999997 0.812296875 0.44055 0.808746875 0.42925312499999996 0.8220609375000001 0.431246875 0.8336 0.42991718749999996 0.8486890624999999 0.43456875000000006 0.8557890625000001 0.44254375 0.867328125 0.4525125 0.8602281250000001 0.457165625 0.8531265625 0.45915937500000004 0.8433624999999999 0.45915937500000004 0.8336 0.45915937500000004 0.8220609375000001 0.45051874999999997 0.812296875
0 0.41064375000000003 0.6365515625 0.40732187499999994 0.6294515625 0.41596093749999996 0.620575 0.42925312499999996 0.6321140625 0.44055 0.648090625 0.45849375 0.6418781250000001 0.467134375 0.6409906249999999 0.47976093750000004 0.6321140625 0.48507812499999997 0.6045984375 0.4857421875 0.5992734375000001 0.49438125 0.5859593750000001 0.5003625 0.5859593750000001 0.5083375 0.5859593750000001 0.520965625 0.5806328125 0.522959375 0.56643125 0.5242875 0.5486796875 0.509003125 0.5353656250000001 0.48840000000000006 0.530928125 0.4897296875 0.538915625 0.48507812499999997 0.5477921875 0.4844125 0.55933125 0.47045624999999996 0.5779703125 0.455171875 0.5788578125 0.43456875000000006 0.5753078125 0.41396718750000006 0.5806328125 0.41197343750000004 0.594834375 0.40665625 0.6063734375000001 0.3960234375 0.6143625 0.3887125 0.6143625 0.379409375 0.6099249999999999 0.37076875 0.6001609375 0.3661171875 0.583296875 0.357478125 0.5779703125 0.34352187500000003 0.5912843750000001 0.3382046875 0.6143625 0.35083125000000004 0.6312265625 0.3647875 0.648090625 0.3647875 0.645428125 0.37675000000000003 0.6294515625 0.38406093750000003 0.6356640625 0.3920359375 0.648978125 0.400675 0.6569671875 0.4059921875 0.6569671875 0.4099796875 0.647203125 0.41064375000000003 0.6365515625
0 0.5894171874999999 0.699571875 0.584765625 0.6924718750000001 0.5714734375 0.696021875 0.560175 0.6969093749999999 0.5568531250000001 0.7066734375 0.562834375 0.7155484375000001 0.5714734375 0.7253125 0.576125 0.7306375 0.576790625 0.7421765625 0.574796875 0.751053125 0.578784375 0.754603125 0.592740625 0.7688046875000001 0.60603125 0.77501875 0.61400625 0.77945625 0.6193234375000001 0.77945625 0.6272984375 0.7696921875 0.626634375 0.7572656249999999 0.63394375 0.7421765625 0.64191875 0.7341890624999999 0.650559375 0.727975 0.658534375 0.72265 0.67381875 0.7128859375000001 0.6778062499999999 0.7084484375 0.6671734375 0.698684375 0.6552109374999999 0.697796875 0.644578125 0.6853703125 0.6399250000000001 0.6791578125 0.6292921875 0.6791578125 0.624640625 0.6729437500000001 0.622646875 0.6640671874999999 0.6193234375000001 0.6534171875 0.61799375 0.6321140625 0.6106843750000001 0.617025 0.602709375 0.5983859375 0.588753125 0.5983859375 0.5827718749999999 0.6099249999999999 0.58210625 0.6276765625 0.5841000000000001 0.6392156250000001 0.5854296875 0.6409906249999999 0.5914109375 0.6534171875 0.59008125 0.6631796875 0.5914109375 0.67738125 0.592740625 0.6871453125 0.5953984375 0.699571875 0.594734375 0.7111109375 0.5894171874999999 0.699571875
0 0.6851171875000001 0.736003125 0.680465625 0.7466546875 0.6685015625 0.76351875 0.6545468750000001 0.7839328125 0.6532171875 0.7954718749999999 0.6472359375 0.8212125 0.6525531250000001 0.8354140624999999 0.6678375 0.8238749999999999 0.676478125 0.8052359375 0.7057187500000001 0.7786078125 0.719675 0.76529375 0.7396125 0.737778125 0.7449296875 0.7324531249999999 0.7608796875 0.7173640625 0.76951875 0.7102625 0.7907859375 0.6800843750000001 0.7848046875 0.6720953125 0.7788234375 0.65523125 0.768190625 0.6472421875000001 0.7622078125 0.633928125 0.7462578125 0.6197265625 0.7316374999999999 0.6064125 0.7190109375 0.5939875 0.71369375 0.5922109375 0.7063828125 0.5975374999999999 0.6930921875 0.6002 0.68578125 0.5993125 0.676478125 0.5913234375 0.66584375 0.5877734375 0.64989375 0.5904359375 0.6452421875 0.6010875 0.6545468750000001 0.620615625 0.6631859375 0.6259406249999999 0.6782828125 0.631340625 0.6778062499999999 0.6374796875000001 0.6778062499999999 0.6392546875 0.6784703125 0.6481296875 0.680465625 0.6658828125 0.6837875 0.678309375 0.6871109375 0.6907359375000001 0.6884406249999999 0.7049375 0.6891046875 0.7200265625 0.6851171875000001 0.736003125
0 0.4199484375 0.14671406250000002 0.42725937500000005 0.14582656249999998 0.4339046875 0.1396140625 0.421278125 0.12985 0.411309375 0.1289625 0.40399843750000003 0.128075 0.4059921875 0.1378390625 0.41861875 0.154703125 0.41911718750000004 0.1477703125 0.4199484375 0.14671406250000002
0 0.5687921874999999 0.23703593750000002 0.5629875 0.23186874999999998 0.5571843750000001 0.227346875 0.5494453125 0.2215328125 0.543640625 0.2170109375 0.539771875 0.21378124999999998 0.5344515624999999 0.20732187500000002 0.527196875 0.20796718749999998 0.525075 0.2108640625 0.531065625 0.2241171875 0.5388046875 0.22928437499999998 0.5417062500000001 0.2299296875 0.5470265624999999 0.23703593750000002 0.5513796875 0.2441421875 0.55283125 0.246725 0.5571843750000001 0.24995625000000002 0.5644390625 0.2525390625 0.57169375 0.2441421875 0.5687921874999999 0.23703593750000002
0 0.711475 0.3294109375 0.72018125 0.33199531250000003 0.7250171875 0.3313484375 0.738559375 0.3313484375 0.7414625 0.32811875 0.732271875 0.314553125 0.7250171875 0.30615625 0.719696875 0.29969531250000003 0.712925 0.2932359375 0.7056703125 0.28290000000000004 0.698415625 0.27450312499999996 0.6950296875 0.26804375 0.6882578125000001 0.262875 0.683421875 0.26158281250000004 0.6805203125 0.260290625 0.6718140625 0.259 0.6693953125000001 0.262875 0.6669765625 0.2641671875 0.6626234375 0.2641671875 0.6553687499999999 0.2641671875 0.6587546875 0.2725640625 0.6539171875 0.2809625 0.659721875 0.2906515625 0.6621406249999999 0.2906515625 0.6732640625 0.3009875 0.678584375 0.3068015625 0.6839046875 0.3113234375 0.6940625 0.31713749999999996 0.7051875 0.3177828125 0.711475 0.3294109375
0 0.72163125 0.44692187499999997 0.72646875 0.443690625 0.7269515625 0.4359390625 0.7274359375 0.4275421875 0.728403125 0.41720625 0.7255015625000001 0.412684375 0.715828125 0.40622499999999995 0.713409375 0.4081625 0.7066375 0.41074687499999996 0.69793125 0.4068703125 0.69164375 0.4029953125 0.6868078125 0.399765625 0.6805203125 0.39524375 0.6747156249999999 0.3933046875 0.6674609375 0.3920125 0.6553687499999999 0.394596875 0.6461796875 0.40041093749999995 0.6394078125 0.4042875 0.647146875 0.4139765625 0.6529499999999999 0.41914375000000004 0.6592374999999999 0.4243125 0.666009375 0.43012656250000003 0.67665 0.4320640625 0.6839046875 0.4424 0.6930953125 0.4456296875 0.704703125 0.4482125 0.7124421875 0.44756718749999996 0.72163125 0.44692187499999997
0 0.8256203125000001 0.6458828125 0.8328749999999999 0.635546875 0.8377125 0.6277953125 0.848353125 0.6187515625 0.85899375 0.6129374999999999 0.8604453124999999 0.6103531249999999 0.8560921875 0.6032484375 0.852221875 0.5987265625 0.84641875 0.592265625 0.8362609375 0.5851609375 0.8338421874999999 0.583221875 0.8224765625 0.574178125 0.8173984375 0.5715953125000001 0.8144953125000001 0.56965625 0.8096593750000001 0.5606125 0.8014374999999999 0.5560906250000001 0.7888609375 0.543171875 0.777253125 0.545109375 0.78015625 0.5554453125000001 0.7893453125 0.570303125 0.792246875 0.5754703125 0.7970843750000001 0.5909734375 0.8033718750000001 0.5987265625 0.8086921874999999 0.6045390625 0.809175 0.60776875 0.804821875 0.6129374999999999 0.8024046874999999 0.6103531249999999 0.79901875 0.6071234375000001 0.7941812500000001 0.60195625 0.78644375 0.5987265625 0.7767703125 0.5987265625 0.777253125 0.60776875 0.7806390624999999 0.6168125 0.7869265624999999 0.62391875 0.78905625 0.63598125 0.7893453125 0.6413609375 0.7912796875 0.644590625 0.7932140624999999 0.6471734375 0.7980515625 0.6549265625 0.8062734375 0.66396875 0.8096593750000001 0.66396875 0.8169140625000001 0.6555718749999999 0.8188484375 0.6523421875000001 0.8256203125000001 0.6458828125
0 0.845934375 0.5218546875000001 0.8406140625 0.5205625 0.8294890625000001 0.5205625 0.8232015625000001 0.52573125 0.8261046875 0.5321906249999999 0.82900625 0.5373578125 0.8354046875 0.5455765625 0.8391624999999999 0.5560906250000001 0.84013125 0.5599671875000001 0.8493203125000001 0.5573828125 0.8556078125000001 0.552215625 0.8556078125000001 0.5438171875 0.854640625 0.5399421875 0.8502875 0.5347734375 0.84641875 0.5289609375000001 0.845934375 0.5218546875000001
0 0.7032515625 0.1582265625 0.698415625 0.1537046875 0.6955140625 0.15112187500000002 0.6947484375 0.15005625 0.689225 0.1627484375 0.6945453125000001 0.1685625 0.700834375 0.17566874999999998 0.70421875 0.1769609375 0.7143765625 0.180190625 0.7182453125 0.180190625 0.72018125 0.180190625 0.71534375 0.171146875 0.7090562499999999 0.1653328125 0.7032515625 0.1582265625
0 0.6900390625 0.2161265625 0.6842625 0.21748906250000002 0.688 0.22702031250000002 0.6924187500000001 0.2333734375 0.6975156250000001 0.2347359375 0.7039718749999999 0.23428125 0.709409375 0.2333734375 0.714846875 0.2274734375 0.7155265625 0.2211203125 0.71076875 0.21885 0.69071875 0.2161265625 0.6900390625 0.2161265625
0 0.7654796875 0.26015156250000004 0.7664984375 0.25425156250000003 0.768878125 0.251528125 0.7783921874999999 0.2583359375 0.780771875 0.26514375 0.7824703125 0.2683203125 0.7919859375 0.275128125 0.80048125 0.274675 0.8062578125 0.2719515625 0.8086359375000001 0.27104374999999997 0.8045578125 0.263328125 0.7957234375 0.2565203125 0.7879078125000001 0.24835156249999998 0.78043125 0.2406359375 0.7770328125 0.23700468749999998 0.7698968749999999 0.23110468750000002 0.764459375 0.228834375 0.7624203125 0.2274734375 0.75834375 0.224296875 0.7563046875 0.22202656250000002 0.754265625 0.220665625 0.749846875 0.218396875 0.75120625 0.21930468749999998 0.747809375 0.2261125 0.7481484375 0.22792812499999998 0.74916875 0.23564218750000002 0.7481484375 0.2392734375 0.7454296874999999 0.2447203125 0.7464500000000001 0.256065625 0.74916875 0.2619671875 0.755284375 0.2683203125 0.76038125 0.268775 0.7654796875 0.26015156250000004
0 0.7614015625 0.3341296875 0.764459375 0.33730625000000003 0.770915625 0.3386671875 0.7760140625 0.3341296875 0.7787328125 0.32822968750000003 0.7814515625 0.320059375 0.7814515625 0.31370624999999996 0.780771875 0.310075 0.772615625 0.3055359375 0.766159375 0.300090625 0.758003125 0.29782031249999996 0.75834375 0.2991828125 0.7505265624999999 0.2969140625 0.743390625 0.2969140625 0.737275 0.30054375 0.7352359374999999 0.305990625 0.73829375 0.31234375000000003 0.7467890625 0.32096718750000003 0.7573234375 0.330953125 0.7614015625 0.3341296875
0 0.9472156249999999 0.50798125 0.9465359375 0.498903125 0.9455171874999999 0.49391093750000004 0.9373609374999999 0.48755781249999997 0.927846875 0.48982656249999995 0.9241078125 0.49255000000000004 0.917675 0.49787187499999996 0.9166328125 0.50208125 0.9190109375000001 0.5061656250000001 0.9254671875 0.5111578125 0.9315843750000001 0.520234375 0.9356625 0.5229578125 0.93838125 0.521596875 0.9410984375 0.51615 0.9434781250000001 0.5129734375 0.9472156249999999 0.50798125
0 0.928865625 0.395425 0.928865625 0.39315625 0.9244484375 0.389978125 0.913234375 0.3822625 0.902359375 0.3672859375 0.8785718749999999 0.35185468750000004 0.877553125 0.3418703125 0.8676984375 0.3396 0.8513875000000001 0.34504687500000003 0.8496874999999999 0.34640781249999997 0.8476484375 0.35049375 0.8568234374999999 0.36229374999999997 0.8659984375 0.36819375 0.8731359375000001 0.3691015625 0.880271875 0.37409375 0.884009375 0.38044687499999996 0.8955640624999999 0.3881625 0.9016796875 0.389525 0.90915625 0.399509375 0.9122140625 0.4040484375 0.928865625 0.395425