1 0.7659609374999999 1 0.6163703125 0.7921515625 0.089175 0.9172421875 0.10024843750000001 0.9972390624999999 0.7659609374999999 1
4 0.089175 1 0.0746515625 0.926771875 0 0.947025 0 1 0.089175 1
4 1 1 0.9997859375000001 0.6932703124999999 0.624253125 0.7878375 0.792103125 1 1 1
4 0 0.9422593750000001 0.079009375 0.9220078125000001 0.015106249999999998 0.4502390625 0 0.452396875 0 0.9422593750000001
1 0.1748625 0.13572656249999998 0 0.1512140625 0.00464375 0.258875 0.2402171875 0.2405640625 0.1748625 0.13572656249999998
1 0.6120140625 0.788578125 0.35495156250000004 0.4097328125 0.028846875 0.44942031250000003 0.0920796875 0.914859375 0.6120140625 0.788578125
0 0 0.2560515625 0.0296296875 0.4514296875 0.3555953125 0.40773906249999997 0.2416703125 0.239371875 0 0.2560515625
1 1 0.662296875 0.6396078125 0.37280156249999996 0.3607609375 0.4085421875 0.624253125 0.782875 1 0.6944625 1 0.662296875
1 0.3607609375 0.4085953125 0.6425125 0.370471875 0.45951875 0.21798125000000002 0.24910000000000002 0.23604843749999999 0.3607609375 0.4085953125
1 0.2416703125 0.238234375 0.45951875 0.22036406249999999 0.35350000000000004 0.1322046875 0.17648906250000002 0.138790625 0.2416703125 0.238234375
1 0.3541796875 0.1351296875 0.4616515625 0.2232890625 0.6620734374999999 0.20899375 0.5165015625 0.127028125 0.3541796875 0.1351296875
1 0.65413125 0.20606718750000003 0.460971875 0.22036406249999999 0.63815625 0.3740453125 0.888071875 0.340253125 0.65413125 0.20606718750000003
1 1 0.4085953125 0.88795625 0.339496875 0.6425125 0.3728546875 0.9983328124999999 0.6599671875 1 0.4085953125
1 0.5074468750000001 0.123971875 0.6584890624999999 0.207365625 0.831315625 0.1906859375 0.666609375 0.115965625 0.5074468750000001 0.123971875
1 0.6647062499999999 0.11738437500000001 0.8310296875000001 0.19089375 0.9873156249999999 0.1761921875 0.7968031250000001 0.10672187500000001 0.6647062499999999 0.11738437500000001
1 0.7973343749999999 0.1050359375 0.999503125 0.1797203125 1 0.12502968750000001 0.9258359374999999 0.09839375 0.7973343749999999 0.1050359375
1 1 0.092515625 0.9256624999999999 0.0991546875 1 0.12620625000000002 1 0.092515625
1 1 0.1761921875 0.8332421875 0.190003125 1 0.26910781250000004 1 0.1761921875
1 1 0.2644046875 0.8288781249999999 0.18971875 0.65251875 0.20559687499999998 0.8858109375 0.33795000000000003 1 0.324975 1 0.2644046875
1 1 0.3243875 0.8905328125 0.3414421875 1 0.40359531249999997 1 0.3243875
0 0.29850468750000003 0.5431015625 0.3106921875 0.56191875 0.3157109375 0.5678 0.325746875 0.57426875 0.33506718750000003 0.5789734375 0.34151875 0.5666234375 0.3400859375 0.5513343749999999 0.3386515625 0.538984375 0.3321984375 0.5189890625 0.32718125 0.5031125000000001 0.32144531249999997 0.49135 0.31714375 0.4860578125 0.311409375 0.4772359375 0.3071078125 0.4678265625 0.3042390625 0.46077031249999995 0.3006546875 0.4537140625 0.28273281250000004 0.4484203125 0.2726953125 0.4484203125 0.25620625 0.4478328125 0.2468875 0.4543015625 0.2289640625 0.462534375 0.21749374999999999 0.47253125 0.21964375 0.4831171875 0.23183125000000002 0.493703125 0.24832031250000003 0.49487812499999995 0.2619421875 0.49781875 0.2798640625 0.5054640625 0.29205156250000003 0.5189890625 0.29348593749999996 0.5307515625 0.29850468750000003 0.5431015625
0 0.1644421875 0.643584375 0.16874375 0.651228125 0.172328125 0.6553453124999999 0.1751953125 0.6547578125 0.179496875 0.6465234375 0.18093125000000002 0.64181875 0.179496875 0.634175 0.1866671875 0.6353500000000001 0.19526875 0.6412312499999999 0.20315468750000001 0.637703125 0.2081734375 0.6306453125 0.20745624999999998 0.6218250000000001 0.1866671875 0.6135921875 0.170178125 0.6135921875 0.157990625 0.6271171875 0.157990625 0.62770625 0.1644421875 0.643584375
0 0.29061875000000004 0.8499984375 0.29276875 0.8505859375 0.3106921875 0.848234375 0.32861406249999997 0.8470578124999999 0.3365 0.8388249999999999 0.3580078125 0.8364734374999999 0.3924203125 0.8311796875 0.391703125 0.8270640625000001 0.38596718750000003 0.8217703125 0.381665625 0.80706875 0.376646875 0.7888390625 0.374496875 0.7800171875 0.3709125 0.765903125 0.37019531250000004 0.7541421875000001 0.374496875 0.7529656250000001 0.37808125000000004 0.7588468749999999 0.38811874999999996 0.7764890624999999 0.3931359375 0.7876624999999999 0.413209375 0.8205953125000001 0.42396406249999996 0.8147140625 0.428265625 0.816478125 0.430415625 0.8176546874999999 0.44260312500000004 0.815890625 0.45765781250000004 0.8111859375 0.4691296875 0.8088328125 0.46769531249999996 0.8017765625 0.46769531249999996 0.8000125 0.4684125 0.787075 0.46769531249999996 0.785309375 0.45837500000000003 0.78178125 0.45550781249999994 0.7723718749999999 0.4569421875 0.76943125 0.461959375 0.7670796875 0.47056250000000005 0.762375 0.47056250000000005 0.75590625 0.46482812500000004 0.746496875 0.45837500000000003 0.7412046875 0.449771875 0.7541421875000001 0.44403750000000003 0.7535546875 0.4411703125 0.740615625 0.44188593750000005 0.7317953125 0.44332031250000004 0.720034375 0.44332031250000004 0.7094484375000001 0.4361515625 0.6970984375 0.43686875000000003 0.6853374999999999 0.42969843750000003 0.6782796875 0.4167953125 0.6865125 0.4153609375 0.694746875 0.41392656250000004 0.7106250000000001 0.41177656249999994 0.7153296874999999 0.4017390625 0.7035671875 0.38811874999999996 0.7000390624999999 0.37306249999999996 0.701215625 0.3709125 0.7070953125 0.3580078125 0.714740625 0.342953125 0.7165046875 0.33578437499999997 0.7223859375 0.3178609375 0.7323828125 0.3020890625 0.7282671875 0.2970703125 0.7141531249999999 0.2999375 0.70533125 0.2956375 0.69180625 0.3006546875 0.682396875 0.3006546875 0.6706359375 0.3006546875 0.6553453124999999 0.2812984375 0.651228125 0.2655265625 0.6524046875 0.2519046875 0.6518171875000001 0.24043437499999998 0.6647546875 0.243303125 0.6753390625 0.24903749999999997 0.6847484374999999 0.2583578125 0.694746875 0.261225 0.7029796875 0.261225 0.726503125 0.252621875 0.740615625 0.25405625 0.75649375 0.2569234375 0.765315625 0.26839375 0.7876624999999999 0.271978125 0.8029531249999999 0.2734125 0.8111859375 0.274846875 0.816478125 0.2798640625 0.829415625 0.29061875000000004 0.8499984375
0 0.38525 0.4877953125 0.3874015625 0.49661718749999995 0.3945703125 0.5066140625 0.40030625000000003 0.514259375 0.41177656249999994 0.527196875 0.4167953125 0.5401343749999999 0.4225296875 0.5524843749999999 0.43185 0.5683625 0.4411703125 0.5807109374999999 0.4469046875 0.5954140625 0.45765781250000004 0.6142328125 0.46984531250000006 0.62599375 0.47701562500000005 0.6336390625 0.48561718750000005 0.6448125 0.49852187499999995 0.673628125 0.5042578125 0.6748046875 0.525765625 0.680096875 0.5221796875 0.6583375 0.5114265625 0.6459875 0.501390625 0.6306984375 0.48848593749999997 0.6112921874999999 0.3558578125 0.41193437499999996 0.337934375 0.4136984375 0.3200109375 0.41605 0.2884671875 0.41957812499999997 0.294203125 0.42663593750000006 0.29850468750000003 0.4295765625 0.3128421875 0.43428125 0.3336328125 0.4295765625 0.342953125 0.4289875 0.360875 0.441925 0.3737796875 0.45545156249999996 0.37808125000000004 0.469565625 0.38094843749999996 0.47838593749999997 0.38525 0.4877953125
0 0.7401203125 1 0.7465734375 0.9980890625000001 0.7329515625 0.9827999999999999 0.6963890625 0.93869375 0.6899375 0.9298718750000001 0.679184375 0.916346875 0.6755984374999999 0.910465625 0.67273125 0.9045859374999999 0.6648453125 0.8945874999999999 0.6440546875 0.8651843749999999 0.6433375 0.8563625 0.6297171875 0.831075 0.6246984375 0.8251953125 0.6175296875 0.81755 0.613228125 0.81049375 0.6074921875 0.8063765625 0.6017578125 0.8051999999999999 0.5902875 0.8063765625 0.5859859375 0.808728125 0.58025 0.808728125 0.5773828125 0.8069640625 0.5781 0.8057890625 0.5737984375 0.8034359375 0.5702140625000001 0.8063765625 0.5687796875 0.8063765625 0.5580265625 0.8134328125 0.5554625 0.8170624999999999 0.5687796875 0.8228421875 0.5745140625 0.831075 0.5809671875 0.839896875 0.5859859375 0.845778125 0.5917203125 0.8540109375 0.596021875 0.859303125 0.604625 0.8669484375 0.613228125 0.8769453125 0.6175296875 0.8869421875000001 0.625415625 0.8922359375 0.63115 0.9004687499999999 0.6512249999999999 0.9116421875 0.6526578125 0.9239921875 0.6662796875 0.935753125 0.6755984374999999 0.948690625 0.6942390625 0.9633921875 0.702125 0.9810343749999999 0.70929375 0.9910328125 0.7164625 0.9969125 0.7186140625 0.9975015624999999 0.7257828125 1 0.7401203125 1
0 0.14651875 0.4289875 0.167309375 0.4272234375 0.1759125 0.42134375 0.1680265625 0.4101703125 0.165159375 0.40252499999999997 0.15942343750000001 0.3948796875 0.15225468749999999 0.3848828125 0.14580312499999998 0.374884375 0.1544046875 0.36900468750000004 0.16014062499999998 0.3601828125 0.152971875 0.3572421875 0.1415015625 0.355478125 0.1278796875 0.354890625 0.11497500000000001 0.35783125 0.094184375 0.3595953125 0.08845 0.36135937500000004 0.08343125 0.36429999999999996 0.0784125 0.373709375 0.0784125 0.3825296875 0.0784125 0.3878234375 0.0741109375 0.40781718749999996 0.0791296875 0.4178140625 0.08773281250000001 0.4336921875 0.0913171875 0.437221875 0.0999203125 0.43898593750000003 0.1035046875 0.438396875 0.10708906250000001 0.43251718749999996 0.10565625000000001 0.41840312500000004 0.10207031250000001 0.40958125 0.10924062500000001 0.40193593749999995 0.112825 0.3978203125 0.116409375 0.41134531250000006 0.118559375 0.41957812499999997 0.1250125 0.42781250000000004 0.1314640625 0.4301640625 0.1415015625 0.43251718749999996 0.14651875 0.4289875
0 0.10995625 0.3078703125 0.118559375 0.3049296875 0.13003125 0.300225 0.14436875 0.29669687499999997 0.1450859375 0.2919921875 0.13863281249999998 0.28140624999999997 0.1192765625 0.276703125 0.10708906250000001 0.27435 0.092034375 0.27023281250000003 0.062640625 0.2637640625 0.04185 0.2655296875 0.0375484375 0.270821875 0.034681250000000004 0.28140624999999997 0.033964062499999996 0.2867 0.060490625 0.2919921875 0.0719609375 0.296109375 0.079846875 0.30551875 0.08128125 0.31139843749999996 0.08128125 0.322571875 0.09346875 0.327865625 0.1006375 0.327865625 0.11497500000000001 0.321984375 0.1142578125 0.3149265625 0.10995625 0.3078703125
0 0.28058125 0.3231609375 0.2812984375 0.3178671875 0.2798640625 0.31022343750000003 0.2619421875 0.303165625 0.2375671875 0.2996375 0.21534218749999998 0.3014015625 0.2002875 0.3072828125 0.191684375 0.312575 0.189534375 0.3149265625 0.1866671875 0.315515625 0.2060234375 0.32668906249999996 0.208890625 0.33139375000000004 0.21319218750000002 0.33668593750000003 0.218928125 0.33903906250000004 0.23900156250000001 0.3337453125 0.243303125 0.327865625 0.2468875 0.3243359375 0.25620625 0.3231609375 0.2734125 0.32374843750000004 0.28058125 0.3231609375
0 0.20458906250000003 0.2719984375 0.1938359375 0.2690578125 0.1866671875 0.27258593750000004 0.177346875 0.2737625 0.170178125 0.27787812500000003 0.16874375 0.2825828125 0.1730453125 0.2861109375 0.1744796875 0.2861109375 0.18595 0.283759375 0.1909671875 0.283759375 0.20243906250000002 0.27964218750000003 0.20530624999999997 0.27552656249999996 0.20458906250000003 0.2719984375
0 0.0984859375 0.15205625 0.092034375 0.15264375 0.087015625 0.1532328125 0.0883140625 0.1601203125 0.094184375 0.16264218749999998 0.10565625000000001 0.168521875 0.11497500000000001 0.17146250000000002 0.1278796875 0.1761671875 0.1350484375 0.17734375 0.133615625 0.1667578125 0.1264453125 0.162053125 0.1242953125 0.1597015625 0.1192765625 0.15205625 0.0984859375 0.15205625
0 0.24903749999999997 0.2197109375 0.2519046875 0.2138296875 0.2511890625 0.210890625 0.24832031250000003 0.20795 0.24115156249999997 0.2061859375 0.2347 0.2085375 0.23685 0.21794687499999998 0.24043437499999998 0.2226515625 0.245453125 0.2208875 0.24903749999999997 0.2197109375
0 0.3702765625 0.183634375 0.384534375 0.18383906249999998 0.3945703125 0.1826625 0.40030625000000003 0.179721875 0.3995890625 0.173840625 0.38596718750000003 0.173840625 0.37808125000000004 0.173840625 0.367328125 0.172665625 0.364459375 0.179134375 0.364459375 0.1826625 0.3702765625 0.183634375
0 0.32144531249999997 0.3114515625 0.3300484375 0.3085109375 0.33721718749999996 0.30674687500000003 0.3400859375 0.2985140625 0.3321984375 0.2973375 0.32646406250000004 0.297925 0.320728125 0.300865625 0.3192953125 0.30321875 0.31714375 0.3049828125 0.31714375 0.307334375 0.32144531249999997 0.3114515625
0 0.4225296875 0.3432078125 0.4225296875 0.34026718749999996 0.41249375 0.3337984375 0.4031734375 0.3314453125 0.396721875 0.32909375 0.3952875 0.3285046875 0.3909859375 0.3314453125 0.38811874999999996 0.338503125 0.38596718750000003 0.3467359375 0.38596718750000003 0.34791249999999996 0.3874015625 0.3508515625 0.388834375 0.352028125 0.3931359375 0.3532046875 0.3995890625 0.3532046875 0.4017390625 0.3490875 0.4067578125 0.34791249999999996 0.416078125 0.34614687499999997 0.4225296875 0.3432078125
0 0.4590921875 0.2573484375 0.4626765625 0.256171875 0.4684125 0.2538203125 0.47558125 0.2597 0.49350468750000004 0.268521875 0.50210625 0.2773421875 0.507125 0.2826359375 0.513578125 0.28616406250000004 0.5193125000000001 0.287928125 0.52935 0.29145625000000003 0.527915625 0.285575 0.522896875 0.27851875000000004 0.5128609375 0.269109375 0.5056921875 0.26558125 0.49852187499999995 0.2614640625 0.4942203125 0.2597 0.48776875000000003 0.2549953125 0.4806 0.2485265625 0.4762984375 0.24617499999999998 0.47056250000000005 0.242646875 0.4684125 0.24029375000000003 0.46697812499999997 0.23794218749999999 0.46554375 0.237353125 0.4641109375 0.2314734375 0.459809375 0.2285328125 0.45479062499999995 0.22676875000000002 0.440453125 0.224415625 0.4311328125 0.224415625 0.42754843749999993 0.23088437499999998 0.43686875000000003 0.2361765625 0.44475468749999997 0.2414703125 0.447621875 0.243821875 0.447621875 0.2467625 0.43686875000000003 0.24793906250000003 0.434 0.2485265625 0.42969843750000003 0.2579359375 0.4361515625 0.262640625 0.449771875 0.262053125 0.4590921875 0.2573484375
0 0.5271984375 0.6000921875 0.5099921875 0.5677484374999999 0.49565468749999997 0.5424609375 0.47056250000000005 0.5177609375000001 0.4289828125 0.44836875000000004 0.4332828125 0.4536609375 0.44403750000000003 0.4654234375 0.44905625000000005 0.47189218750000006 0.45192343749999997 0.477771875 0.46554375 0.4942390625 0.47701562500000005 0.509528125 0.48346718749999995 0.5189375 0.4970890625 0.53716875 0.5042578125 0.547165625 0.525765625 0.5712765625 0.5358015625 0.5830375 0.553725 0.6024437500000001 0.5630437500000001 0.61420625 0.5752312500000001 0.6230265625 0.5910031250000001 0.6330250000000001 0.6067765625 0.6283203125 0.6103609375 0.6253796875 0.60964375 0.6112656249999999 0.601040625 0.598328125 0.5967390625 0.5948 0.588853125 0.58950625 0.5737984375 0.5777453125 0.5580265625 0.5689234375 0.5515734375 0.559515625 0.5436875 0.5401078125 0.530065625 0.52540625 0.5128609375 0.5142328125 0.49995625 0.4948265625 0.496371875 0.4877703125 0.4849015625 0.47483125 0.4684125 0.46189375000000005 0.45407343750000007 0.45425000000000004 0.447621875 0.44601562499999997 0.43830156249999996 0.431903125 0.430415625 0.42131718749999997 0.4210953125 0.414259375 0.4153609375 0.4083796875 0.4031734375 0.4060265625 0.3952875 0.4060265625 0.38811874999999996 0.407203125 0.37306249999999996 0.4095546875 0.5372359375 0.6471375 0.540103125 0.65243125 0.5501406249999999 0.6636046875 0.5680625 0.6594875 0.5659125 0.6536078125 0.5616109375 0.6471375 0.552290625 0.630671875 0.5444046874999999 0.6159703125 0.5271984375 0.6000921875
0 0.6232640625 0.4507203125 0.6318671874999999 0.4601296875 0.6368859375 0.4601296875 0.6476390624999999 0.464246875 0.651940625 0.47012656249999996 0.6576765625000001 0.47718437500000005 0.6655625 0.4807125 0.6720140625 0.48247656250000004 0.6820515625 0.4789484375 0.6820515625 0.477771875 0.6928046875 0.477771875 0.704275 0.477771875 0.722915625 0.4883578125 0.72865 0.49129843749999996 0.7343859375 0.49953125 0.7379703125 0.5030593750000001 0.7573265625000001 0.5201140625 0.7687968749999999 0.5271703125 0.77525 0.534815625 0.78456875 0.5424609375 0.8010578125000001 0.5559859375 0.8146796875 0.5653953125 0.8254328125000001 0.5706890625 0.839771875 0.5871546875 0.8598453125000001 0.5959749999999999 0.8770515624999999 0.6036203125 0.9057265624999999 0.611853125 0.9157640625000001 0.6089140625 0.9143296875000001 0.60185625 0.9071609374999999 0.5959749999999999 0.759478125 0.4730671875 0.74370625 0.4695390625 0.7343859375 0.4660109375 0.7085765625 0.4536609375 0.6842015625 0.439546875 0.6799000000000001 0.43543125 0.6662796875 0.4271984375 0.661978125 0.4254328125 0.6598265624999999 0.42366875000000004 0.6512249999999999 0.4189640625 0.643875 0.416821875 0.6368859375 0.414259375 0.6318671874999999 0.4095546875 0.6261328125000001 0.41249531250000004 0.6261328125000001 0.41719999999999996 0.6261328125000001 0.4219046875 0.627565625 0.42778593750000005 0.63115 0.43249062499999996 0.627565625 0.4401359375 0.62685 0.445428125 0.6232640625 0.4507203125
0 0.67273125 0.327890625 0.6784671875 0.3390640625 0.686353125 0.346709375 0.6928046875 0.3514140625 0.7014078125000001 0.35553124999999997 0.7107281249999999 0.3584703125 0.7264999999999999 0.35670625 0.7358203125 0.35553124999999997 0.7365359375 0.35553124999999997 0.750875 0.34965 0.756609375 0.3455328125 0.7573265625000001 0.34024062499999996 0.7408375 0.3320078125 0.7250656249999999 0.32377500000000003 0.7085765625 0.314365625 0.703559375 0.30848437500000003 0.695671875 0.30083906250000003 0.6920875 0.299075 0.6820515625 0.2902546875 0.674165625 0.2843734375 0.6655625 0.28143281249999996 0.6411875 0.2732 0.63401875 0.270259375 0.613228125 0.2626140625 0.5988890625 0.25438125 0.583834375 0.251440625 0.5702140625000001 0.26084999999999997 0.5651953125 0.263790625 0.5601765624999999 0.270259375 0.5501406249999999 0.2779046875 0.5444046874999999 0.2808453125 0.540103125 0.28555 0.557309375 0.2914296875 0.5601765624999999 0.286725 0.5759484375 0.2861375 0.5902875 0.2931953125 0.5953046875 0.301428125 0.59960625 0.3073078125 0.6175296875 0.314365625 0.62685 0.31789375 0.6469234375 0.3243625 0.6548093749999999 0.3190703125 0.669146875 0.320246875 0.67273125 0.327890625
0 0.58741875 0.23967968750000002 0.5931546875 0.243796875 0.608209375 0.2526171875 0.6196796875 0.256734375 0.6261328125000001 0.257909375 0.639753125 0.263203125 0.6454890625 0.26849531249999997 0.656959375 0.2720234375 0.6540921875000001 0.2614390625 0.651940625 0.259675 0.642621875 0.25379375 0.642621875 0.2467359375 0.6419046875000001 0.23850312499999998 0.6368859375 0.231446875 0.6196796875 0.226153125 0.6089265625 0.21733281249999997 0.6089265625 0.2149796875 0.620396875 0.2079234375 0.6175296875 0.20321875 0.606059375 0.20321875 0.58741875 0.2049828125 0.5788156250000001 0.20321875 0.5702140625000001 0.200278125 0.56089375 0.1973375 0.553725 0.19675 0.5408203125 0.200278125 0.5458390625 0.2091 0.5515734375 0.21145156250000002 0.5580265625 0.21439218750000003 0.5630437500000001 0.2167453125 0.5687796875 0.21909687500000002 0.5687796875 0.225565625 0.566628125 0.2302703125 0.5687796875 0.2361515625 0.5781 0.24026718749999998 0.58741875 0.23967968750000002
0 0.8297343749999999 0.371409375 0.8340359375 0.3667046875 0.83116875 0.3625875 0.8232828124999999 0.362 0.8118124999999999 0.362 0.7981906249999999 0.3643515625 0.7895875 0.3678796875 0.7802687500000001 0.3702328125 0.78456875 0.38081875 0.79460625 0.387875 0.7960406250000001 0.38846250000000004 0.80464375 0.39375625 0.8161140625 0.397284375 0.82113125 0.39434375 0.827584375 0.38846250000000004 0.8247171874999999 0.3831703125 0.8261499999999999 0.375525 0.8297343749999999 0.371409375
0 0.9210046875 0.4658421875 0.9116843749999999 0.46231406249999996 0.9045156249999999 0.45937343750000004 0.897346875 0.457609375 0.892328125 0.4611375 0.8901765625 0.4693703125 0.892328125 0.47231093749999997 0.9007453125 0.47511875000000003 0.9102499999999999 0.47819218750000003 0.9152687500000001 0.47819218750000003 0.9245890625 0.47995625000000003 0.9331921875000001 0.48172031249999997 0.9425109375 0.482309375 0.9468125000000001 0.47760468749999996 0.9396437499999999 0.46878281250000003 0.9339078125 0.46760624999999995 0.9210046875 0.4658421875
0 0.983375 0.495834375 0.9790734375 0.501715625 0.9819421875 0.50524375 0.9855265624999999 0.5093609375 0.9948453125000001 0.5128890625 0.9977140625 0.5064203125 0.9991468749999999 0.502890625 0.9998640625 0.4940703125 0.9977140625 0.49171718750000004 0.9876765625000001 0.49289375 0.983375 0.495834375
0 0.8206359375 0.2389234375 0.8084484375000001 0.23774687499999997 0.7955453125 0.24245156250000002 0.788375 0.24539218749999997 0.7819234374999999 0.2489203125 0.7740375 0.257153125 0.7783390625 0.2653875 0.7819234374999999 0.269503125 0.7890921875 0.27773593750000003 0.8012796874999999 0.27773593750000003 0.8027140625 0.2712671875 0.80343125 0.2671515625 0.8270890625 0.2765609375 0.8378421875000001 0.2742078125 0.8672359374999999 0.26832656250000003 0.872971875 0.2653875 0.8744046875 0.255978125 0.8636515625 0.250096875 0.8457281249999999 0.24656875 0.8206359375 0.2389234375
0 0.9052328125000001 0.307728125 0.8930453125 0.31184531249999997 0.8951953125 0.3253703125 0.9037984375000001 0.32889843750000003 0.9088171875000001 0.333015625 0.9167031250000001 0.3347796875 0.9231546875 0.33242812499999996 0.9432281250000001 0.3253703125 0.9489640625 0.3212546875 0.93749375 0.31713749999999996 0.9296078124999999 0.31419687500000004 0.9224375 0.30949218749999996 0.9052328125000001 0.307728125
0 0.8858750000000001 0.275384375 0.90093125 0.27949999999999997 0.9167031250000001 0.28714531249999997 0.9396437499999999 0.2989078125 0.953265625 0.308315625 0.9683203125000001 0.31419687500000004 0.9769234375 0.317725 0.9955624999999999 0.320078125 0.99054375 0.31066875 0.9934125 0.2989078125 0.9955624999999999 0.2894984375 0.9912609375000001 0.2836171875 0.9769234375 0.27597187500000003 0.9640187499999999 0.2642109375 0.9389265625000001 0.2512734375 0.9037984375000001 0.23539531249999998 0.8736875 0.2259859375 0.8571984374999999 0.21951718750000002 0.8543312500000001 0.2148125 0.8600671875 0.20893125 0.843578125 0.20363906250000002 0.838559375 0.20363906250000002 0.8356921875 0.2071671875 0.8270890625 0.217753125 0.8201 0.223315625 0.8213531250000001 0.23010156249999997 0.8235046875 0.23069062499999998 0.8536140624999999 0.23951093750000002 0.8615 0.24245156250000002 0.870103125 0.24539218749999997 0.8808578125000001 0.256565625 0.8787062499999999 0.2618578125 0.8765562499999999 0.2712671875 0.8858750000000001 0.275384375
0 0.9719046875 0.23951093750000002 0.9769234375 0.2406875 0.9819421875 0.2406875 0.984809375 0.23186718750000002 0.986959375 0.2265734375 0.99054375 0.22069375 0.9876765625000001 0.21187187500000002 0.9790734375 0.20305 0.9690375 0.2006984375 0.9597171875000001 0.19952187500000002 0.95398125 0.198934375 0.947340625 0.200290625 0.9331921875000001 0.19952187500000002 0.928890625 0.2012859375 0.923871875 0.20893125 0.9353421875000001 0.21245937499999998 0.9489640625 0.2165765625 0.95398125 0.22128125 0.9561328124999999 0.2271625 0.9611515624999999 0.23480625000000002 0.9668859375000001 0.23833593749999998 0.9719046875 0.23951093750000002
0 1 0.1942296875 0.9984296875 0.185996875 0.987365625 0.182165625 0.984809375 0.18364375 0.9805078125 0.18305625 0.9740546875 0.18305625 0.9683203125000001 0.18305625 0.9625843749999999 0.18717187500000002 0.9611515624999999 0.19187656250000001 0.9640187499999999 0.19481718750000002 0.9697546875 0.19599375000000002 0.983375 0.19658124999999999 0.9912609375000001 0.198934375 1 0.2001109375 1 0.1942296875