1 0.317403125 0.188240625 0.128409375 0.1808953125 0.0025703125 0.320640625 0 0.431790625 0.1456765625 0.44323281249999996 0.317403125 0.188240625
1 0.14692031249999998 0.4448671875 0 0.43505937499999997 0.0013265625 0.6589953125 0.14692031249999998 0.4448671875
1 0.1298484375 0.1804765625 0.3165875 0.1885453125 0.413028125 0.040889062500000004 0.26352031249999996 0.042917187499999995 0.1298484375 0.1804765625
1 0.3208875 0.18935156250000001 0.521753125 0.1917734375 0.574725 0.038212499999999996 0.4160984375 0.039275 0.3208875 0.18935156250000001
1 0.31965781249999997 0.187703125 0.1495046875 0.44589999999999996 0.42372812499999996 0.45965156250000005 0.520525 0.1901234375 0.31965781249999997 0.187703125
1 0.22506093749999997 1 0.42101249999999996 0.4586671875 0.1556484375 0.44656406249999997 0.000940625 0.6767562500000001 0 1 0.22506093749999997 1
1 0.2336609375 0.9999046875 0.7072625 1 0.7263046875 0.474034375 0.4298703125 0.45897812499999996 0.2336609375 0.9999046875
1 0.4296125 0.45636875000000005 0.725690625 0.47250625 0.7367484375 0.192521875 0.5245625 0.1881015625 0.4296125 0.45636875000000005
1 0.7373624999999999 0.1917515625 0.7453484375 0.03521875 0.576259375 0.038212499999999996 0.5254390625 0.1909453125 0.7373624999999999 0.1917515625
1 0.977059375 0.19013750000000001 0.926075 0.02715 0.7508765625 0.0336046875 0.7441187499999999 0.19013750000000001 0.977059375 0.19013750000000001
1 1 0.2780859375 0.9739875 0.1885234375 0.7436359375 0.1917515625 0.733653125 0.47511093750000005 1 0.4886796875 1 0.2780859375
1 1 0.4909921875 0.7338078125 0.4756609375 0.719321875 0.9993890625 1 1 1 0.4909921875
1 1 0.0287640625 0.9317390624999999 0.0301453125 0.98013125 0.1909453125 1 0.1917515625 1 0.0287640625
1 0.9997875 0.2546875 1 0.19013750000000001 0.981359375 0.1917515625 0.9997875 0.2546875
0 0.24266875 0.1583421875 0.24571874999999999 0.15367031250000002 0.25156093749999997 0.1466625 0.2533390625 0.1426578125 0.2566421875 0.138653125 0.2602 0.1349828125 0.26451875 0.130978125 0.2693453125 0.13064375 0.26909218749999997 0.133646875 0.267821875 0.1349828125 0.261215625 0.14299062499999998 0.2558796875 0.15 0.25079843749999997 0.1556734375 0.24571874999999999 0.162346875 0.23606406249999998 0.1746953125 0.23199843750000002 0.1823703125 0.23403125 0.18303750000000002 0.2375875 0.1807015625 0.24165312499999997 0.1773640625 0.24546406250000002 0.170021875 0.251053125 0.1630140625 0.2563890625 0.156340625 0.260453125 0.14833125 0.2657890625 0.14332499999999998 0.27061562499999997 0.13831875 0.27544375 0.1329796875 0.2795078125 0.12396875 0.2782375 0.1346484375 0.2726484375 0.1456609375 0.2673125 0.15500468750000002 0.26756718749999997 0.1603453125 0.267059375 0.1650171875 0.26375625 0.1710234375 0.261215625 0.1746953125 0.258675 0.17803125 0.2574046875 0.1837046875 0.261215625 0.18504062500000001 0.2650265625 0.1823703125 0.267059375 0.1810359375 0.27137812499999997 0.17703125 0.2744265625 0.17269218749999998 0.275696875 0.1693546875 0.277475 0.16535 0.280525 0.160678125 0.281540625 0.156340625 0.2853515625 0.147996875 0.2878921875 0.14499375 0.290940625 0.1413234375 0.2939890625 0.1376515625 0.296784375 0.1333140625 0.2998328125 0.1283078125 0.3031359375 0.12063281249999999 0.29957968749999997 0.1152921875 0.29500625 0.1122890625 0.28814687499999997 0.1079515625 0.2891625 0.103278125 0.29271875 0.0996078125 0.29805468749999997 0.097271875 0.30186562499999997 0.0936015625 0.3059296875 0.0899296875 0.3107578125 0.0855921875 0.314821875 0.08158750000000001 0.3191421875 0.0792515625 0.32320625000000003 0.0759140625 0.324984375 0.0749125 0.327271875 0.0739109375 0.32854218749999997 0.0729109375 0.32930468749999997 0.0695734375 0.3287953125 0.0679046875 0.3320984375 0.0659015625 0.3343859375 0.0649015625 0.3336234375 0.0598953125 0.3295578125 0.0612296875 0.32473125 0.0618984375 0.31863281250000003 0.063565625 0.312790625 0.064234375 0.30796250000000003 0.0675703125 0.30186562499999997 0.0755796875 0.2962765625 0.08192031250000001 0.277984375 0.1036125 0.2762046875 0.10461406250000001 0.27468125 0.10661562499999999 0.27239375 0.1079515625 0.2696 0.1092859375 0.26680468749999997 0.1092859375 0.26248593750000004 0.1089515625 0.2599453125 0.10861875000000001 0.2574046875 0.10828437500000002 0.25537187499999997 0.10961875000000001 0.25537187499999997 0.1152921875 0.2566421875 0.1172953125 0.2591828125 0.1179625 0.2599453125 0.1199640625 0.26299375 0.12196718749999999 0.261215625 0.12497031249999999 0.25537187499999997 0.13064375 0.24470156250000002 0.1443265625 0.2375875 0.15367031250000002 0.23453906249999998 0.1646828125 0.2386046875 0.162346875 0.24266875 0.1583421875
0 0.2665515625 0.0595609375 0.2685828125 0.055890625000000006 0.26985312499999997 0.055556249999999995 0.26985312499999997 0.057559375 0.27137812499999997 0.060896874999999996 0.2736640625 0.062565625 0.2782375 0.0618984375 0.28281093749999997 0.059228125 0.28662187499999997 0.053554687499999996 0.290178125 0.04955 0.2922109375 0.049215625 0.296021875 0.0505515625 0.30262812499999997 0.0528875 0.306184375 0.0528875 0.3094875 0.050884375 0.311265625 0.0485484375 0.3117734375 0.0438765625 0.2665515625 0.042207812500000004 0.2566421875 0.052553125 0.24647968750000002 0.0632328125 0.25232343749999997 0.0618984375 0.2563890625 0.0618984375 0.2607078125 0.0618984375 0.26401093750000004 0.060896874999999996 0.2665515625 0.0595609375
0 0.3244765625 0.114625 0.322953125 0.119296875 0.3211734375 0.12296875 0.3173625 0.1313109375 0.3110109375 0.14365937499999998 0.306946875 0.1486640625 0.3038984375 0.15367031250000002 0.30110312499999997 0.159009375 0.29729218749999997 0.16601875 0.29348125 0.173359375 0.2894171875 0.18470625000000002 0.291703125 0.18470625000000002 0.296784375 0.18504062500000001 0.30364375 0.1840390625 0.30415156250000003 0.1827046875 0.30364375 0.180034375 0.30085 0.1773640625 0.30110312499999997 0.17402656249999998 0.30262812499999997 0.170021875 0.3082171875 0.1610125 0.31380625 0.151334375 0.314821875 0.1466625 0.3211734375 0.13898749999999999 0.3234609375 0.1329796875 0.3267640625 0.12630468749999998 0.3282875 0.124303125 0.330065625 0.12196718749999999 0.33260625 0.1169609375 0.3318453125 0.1139578125 0.33387656250000003 0.11028750000000001 0.337434375 0.10461406250000001 0.342515625 0.0959375 0.3473421875 0.09026406249999999 0.35293125000000003 0.08092031250000001 0.3549640625 0.0772484375 0.35724999999999996 0.0755796875 0.3600453125 0.071575 0.36461875 0.0649015625 0.365634375 0.0628984375 0.3641109375 0.056557812500000006 0.3600453125 0.054889062499999995 0.3564890625 0.054221874999999996 0.3559796875 0.0522203125 0.3600453125 0.04955 0.36284062499999997 0.0438765625 0.3364171875 0.043209375 0.33463906250000003 0.044878125000000005 0.3303203125 0.04955 0.33159062499999997 0.0528875 0.336671875 0.059228125 0.3379421875 0.0602296875 0.339975 0.06223125 0.3420078125 0.063565625 0.34505625 0.0649015625 0.346071875 0.065234375 0.3509640625 0.0647328125 0.3524234375 0.068571875 0.351153125 0.071575 0.34785 0.075246875 0.3448015625 0.08058593750000001 0.341753125 0.0869265625 0.33768750000000003 0.0919328125 0.33260625 0.099275 0.32905 0.10661562499999999 0.3244765625 0.114625
0 0.446171875 0.17201093750000002 0.4438859375 0.17034218750000002 0.438296875 0.167671875 0.4339765625 0.16800625 0.4288953125 0.17234375 0.42838750000000003 0.17735 0.430165625 0.17901875 0.4339765625 0.1826890625 0.4355015625 0.1860265625 0.4370265625 0.186359375 0.440328125 0.1856921875 0.44439375 0.185359375 0.447696875 0.1846921875 0.44998281249999994 0.182021875 0.45099999999999996 0.178684375 0.44922031249999994 0.1750140625 0.446171875 0.17201093750000002
0 0.407046875 0.15031875 0.407809375 0.1539890625 0.41009531250000003 0.15365625 0.4118734375 0.1523203125 0.41314375 0.15031875 0.4126359375 0.1459796875 0.412128125 0.14431093749999999 0.41085781250000003 0.14197500000000002 0.40806250000000005 0.14464531249999998 0.407046875 0.15031875
0 0.4362640625 0.038856249999999995 0.4339765625 0.0411921875 0.43219843750000003 0.04219375 0.431690625 0.04219375 0.42991250000000003 0.045196875 0.43143593750000003 0.0482 0.43270625 0.049201562500000004 0.436009375 0.0482 0.438296875 0.0461984375 0.441090625 0.04219375 0.44134531250000003 0.0415265625 0.440328125 0.0395234375 0.43956718749999996 0.037521874999999996 0.4370265625 0.0368546875 0.4362640625 0.038856249999999995
0 0.524884375 0.156871875 0.5239546875000001 0.1515796875 0.52085625 0.1475109375 0.5174484374999999 0.1430328125 0.5143500000000001 0.1426265625 0.5078421875 0.1430328125 0.5035046875 0.14344062500000002 0.49978749999999994 0.1462890625 0.49606874999999995 0.157278125 0.4988578125 0.1613484375 0.4988578125 0.16256874999999998 0.5016453125 0.168675 0.5041249999999999 0.1682671875 0.506603125 0.1662328125 0.5115609375 0.16216250000000001 0.5097015625 0.1666390625 0.5075328125 0.17192968749999998 0.51063125 0.17559375 0.5162093750000001 0.17559375 0.5186875 0.17559375 0.5211671875 0.17192968749999998 0.522715625 0.1678609375 0.5239546875000001 0.163790625 0.524884375 0.156871875
0 0.5444046874999999 0.1865828125 0.549053125 0.1853609375 0.552771875 0.1796640625 0.5564890625000001 0.17152343750000001 0.5626859375000001 0.170709375 0.5701234375 0.17844218750000002 0.5722921875 0.1837328125 0.577559375 0.18576874999999998 0.5787984374999999 0.18332656249999998 0.5809671875 0.1796640625 0.5831359375 0.17640781249999998 0.5815875 0.17274375 0.5849953125 0.1694890625 0.5865453125 0.165825 0.5884046875 0.16216250000000001 0.589953125 0.15890625 0.5908828125000001 0.1544296875 0.5918125 0.14832499999999998 0.5918125 0.146696875 0.5871640625000001 0.1414046875 0.5781796875 0.13896250000000002 0.57941875 0.13163750000000002 0.5849953125 0.1243109375 0.5905734375 0.1173921875 0.59398125 0.11413593749999999 0.5946015625000001 0.103146875 0.5918125 0.0986703125 0.5843765624999999 0.10070468749999999 0.579728125 0.103146875 0.576009375 0.1023328125 0.5707421874999999 0.1035546875 0.5701234375 0.11006562499999999 0.571671875 0.116171875 0.573909375 0.12098906250000001 0.5722921875 0.1287875 0.5722921875 0.13163750000000002 0.5682640625000001 0.1373359375 0.563615625 0.1418125 0.5605171875 0.14873125 0.55525 0.157278125 0.5521515625 0.1666390625 0.5462640624999999 0.17640781249999998 0.5444046874999999 0.1865828125
0 0.6058890625 0.10970781249999999 0.6048390625 0.11350156250000001 0.6043140625000001 0.1193640625 0.6022125 0.12660625 0.599325 0.1331578125 0.6011625 0.1390203125 0.6030015625 0.13660624999999998 0.6040515625 0.1341921875 0.6040515625 0.13108906250000002 0.6051015625 0.1283296875 0.6056265625 0.125571875 0.6072015625 0.12108749999999999 0.6085140625000001 0.1172953125 0.6106140625 0.112121875 0.6108765625 0.108328125 0.6129781249999999 0.104534375 0.6169156250000001 0.1007421875 0.617703125 0.0979828125 0.618753125 0.09556875000000001 0.620065625 0.09384375 0.621903125 0.0910859375 0.6247921875 0.089015625 0.6261046875 0.084878125 0.6276796874999999 0.0817734375 0.6295171875000001 0.0814296875 0.6313546875 0.076946875 0.63371875 0.07522187500000001 0.6329312500000001 0.073153125 0.6305671875 0.069359375 0.6287296875 0.068325 0.6245296875 0.06866875 0.621903125 0.07039375 0.619278125 0.071428125 0.616390625 0.073153125 0.613240625 0.078325 0.6150781249999999 0.08005 0.619075 0.0798203125 0.618228125 0.0834984375 0.617703125 0.0852234375 0.615603125 0.08763750000000001 0.6129781249999999 0.08970625 0.6103515625 0.091775 0.6111390625 0.09556875000000001 0.6100890625 0.1007421875 0.6082515625 0.10556874999999999 0.6058890625 0.10970781249999999
0 0.4930328125 0.3163875 0.4927703125 0.321559375 0.4938203125 0.3236296875 0.4961828125 0.327078125 0.501434375 0.329146875 0.505109375 0.333975 0.5072109375 0.33776875 0.5085234375 0.340871875 0.5103609375 0.34190624999999997 0.5132484374999999 0.34121718749999996 0.5145609375 0.33776875 0.5145609375 0.3356984375 0.5132484374999999 0.3336296875 0.5114109375 0.33156093750000004 0.5103609375 0.33018125 0.5074734375000001 0.3267328125 0.505896875 0.32431875 0.504059375 0.32259375 0.5027468749999999 0.3208703125 0.501696875 0.31845625 0.503009375 0.315696875 0.506159375 0.3122484375 0.506421875 0.309834375 0.505371875 0.3053515625 0.5048468749999999 0.3036265625 0.5066843750000001 0.30224843749999997 0.5114109375 0.297075 0.5127234374999999 0.290521875 0.5179750000000001 0.28741875 0.5213875 0.284659375 0.5287390624999999 0.27983125000000003 0.5342515624999999 0.2774171875 0.541603125 0.273625 0.5479046875 0.2694859375 0.5497421874999999 0.263278125 0.5518421874999999 0.2618984375 0.5534171875 0.261209375 0.55683125 0.2587953125 0.55709375 0.2543125 0.5536796875000001 0.2518984375 0.5489546875 0.2512078125 0.543440625 0.253278125 0.542653125 0.24982968749999998 0.539503125 0.2501734375 0.5326765625000001 0.25224375 0.5258499999999999 0.25465781249999997 0.5206000000000001 0.25810625 0.5171875 0.261209375 0.5111484374999999 0.2656921875 0.504059375 0.2705203125 0.49985937500000005 0.2743140625 0.499071875 0.27534843750000004 0.49802187499999995 0.276728125 0.499071875 0.278796875 0.501171875 0.2812109375 0.505109375 0.27983125000000003 0.500384375 0.282590625 0.49959687500000005 0.2860390625 0.49831562500000004 0.2883875 0.5006468749999999 0.2912125 0.501434375 0.2925921875 0.49802187499999995 0.29638437500000003 0.49697031249999996 0.2977640625 0.4964453125 0.3015578125 0.49487031249999996 0.3074203125 0.4956578125 0.310525 0.4938203125 0.3132828125 0.4932953125 0.31466249999999996 0.4930328125 0.3163875
0 1 0.6083875 0.9937781250000001 0.594771875 0.9929484375 0.5757078124999999 0.9875562499999999 0.563725 0.9829953124999999 0.558278125 0.9589375 0.5435734375 0.9423468749999999 0.54139375 0.9357109375 0.546840625 0.926171875 0.54520625 0.9153874999999999 0.5511984375 0.9104109375 0.55936875 0.910825 0.5664484375 0.9083375 0.5697171875 0.9095812499999999 0.580065625 0.9162171875 0.587690625 0.9220234375 0.590959375 0.9274156250000001 0.5904140625000001 0.9336375 0.5958609375 0.9390296875 0.59695 0.9440062499999999 0.602940625 0.9527171875 0.602940625 0.954375 0.6089328125 0.9626703125 0.6171031250000001 0.9639156249999999 0.6279953125 0.970965625 0.6356203125000001 0.970965625 0.643246875 0.9742843750000001 0.654684375 0.9817500000000001 0.662309375 0.9892156249999999 0.6988015625 0.99419375 0.706971875 0.9954375000000001 0.7205874999999999 1 0.7303921875 1 0.6083875
0 0.8320203125000001 0.7870375000000001 0.831190625 0.7941171875 0.8257984374999999 0.800653125 0.8270421875 0.8159046875 0.8295312499999999 0.813725 0.8336796874999999 0.7946625 0.8374124999999999 0.7886703125000001 0.8457078125 0.792484375 0.85234375 0.7990203124999999 0.856490625 0.7979296875 0.859809375 0.7941171875 0.859809375 0.7870375000000001 0.8494406250000001 0.7723312499999999 0.83865625 0.7712421875000001 0.8262124999999999 0.766340625 0.825384375 0.7685187499999999 0.823309375 0.7679734375 0.8224796874999999 0.7717859375 0.8224796874999999 0.7750546875000001 0.826628125 0.7805015625 0.8245546875 0.78758125 0.8282875000000001 0.789215625 0.830775 0.785403125 0.8320203125000001 0.7870375000000001
0 0.46287812500000003 1 0.46619687499999996 0.9820265625 0.46827031249999995 0.9558828125 0.478225 0.9215687499999999 0.48195781249999997 0.8779953125000001 0.4881796875 0.8333328124999999 0.49357187500000005 0.8011984375000001 0.49854843750000005 0.7881265625 0.5010375 0.773965625 0.5002078125 0.752178125 0.4981328125 0.7429187500000001 0.4944 0.752178125 0.4852765625 0.800653125 0.48403124999999997 0.81699375 0.4757359375 0.8583875000000001 0.4744921875 0.8818078125 0.4715890625 0.8992374999999999 0.44960625 1 0.46287812500000003 1
0 0.4898375 0.505990625 0.4923265625 0.5108937499999999 0.49315625 0.5332250000000001 0.49191250000000003 0.5403046875 0.48735 0.5511984375 0.477809375 0.5648140625 0.46909999999999996 0.6007625 0.46329374999999995 0.6356203125000001 0.45416875 0.65631875 0.45085 0.66013125 0.44711718749999996 0.673203125 0.43923750000000006 0.684640625 0.43467500000000003 0.699890625 0.4301125 0.7080609375 0.4288671875 0.71623125 0.4301125 0.7244015625 0.4321859375 0.7227671875 0.44172500000000003 0.699890625 0.44297031249999996 0.6933546875000001 0.4574859375 0.662309375 0.46827031249999995 0.65631875 0.47698124999999997 0.6574078125 0.4807140625 0.6535953125 0.5134796875000001 0.54085 0.5192859375000001 0.527778125 0.5288265625 0.5266890625 0.5288265625 0.54139375 0.5238484375 0.5718953124999999 0.5197015625 0.6405234375 0.5105765625 0.6857296875000001 0.5093328125000001 0.7118734375 0.5105765625 0.7140515625 0.526753125 0.6399781250000001 0.533803125 0.5571890625 0.5375359375000001 0.546840625 0.54334375 0.54085 0.5470765625 0.5049015625 0.54915 0.5 0.553296875 0.4961875 0.562421875 0.4950984375 0.5682296874999999 0.4972765625 0.571546875 0.4896515625 0.572790625 0.47875781249999994 0.562421875 0.4765796875 0.5495640625 0.4705875 0.5450015625 0.46623125 0.5450015625 0.453703125 0.5420984375 0.44880156250000003 0.5325593750000001 0.449346875 0.52053125 0.441721875 0.50684375 0.4466234375 0.49937812499999995 0.43137187499999996 0.49357187500000005 0.43028281249999994 0.4877640625 0.436275 0.48403124999999997 0.451525 0.4852765625 0.45860625 0.4923265625 0.4629625 0.4861046875 0.46895468749999997 0.4827875 0.46895468749999997 0.479884375 0.47603437499999995 0.482371875 0.505446875 0.4898375 0.505990625
0 0.62131875 0.2603484375 0.6113640625000001 0.296296875 0.6038984375 0.313725 0.6014109375000001 0.3257078125 0.59394375 0.337690625 0.5918703125 0.3513078125 0.5935296875 0.36274531250000003 0.588553125 0.3867109375 0.586478125 0.3888890625 0.5810859374999999 0.38834375 0.5773531249999999 0.39215625 0.5756953125 0.397059375 0.5632515625 0.4542484375 0.5636671875 0.45969531249999995 0.5678140625 0.45697187499999997 0.5756953125 0.4133984375 0.5827453125 0.405228125 0.588553125 0.4025046875 0.5922859375 0.4281046875 0.5877234375 0.4602390625 0.5935296875 0.46241875 0.6009953125 0.4613296875 0.598921875 0.40305 0.6022390625 0.393246875 0.608046875 0.38398750000000004 0.6113640625000001 0.3818078125 0.61675625 0.35893281250000003 0.6142671875 0.341503125 0.6113640625000001 0.3333328125 0.6250515625 0.263071875 0.6316875 0.23420468749999998 0.6337625 0.23039218749999998 0.6358359375 0.23039218749999998 0.6370796875 0.25708125000000004 0.6337625 0.27995625 0.6358359375 0.281590625 0.6416421875 0.2625265625 0.6420578124999999 0.23910625 0.6445453125 0.222221875 0.6511828125 0.21623125 0.651596875 0.19934687499999998 0.6470343749999999 0.1949890625 0.641228125 0.1949890625 0.636665625 0.1971671875 0.6287843750000001 0.20915 0.6180015625 0.2140515625 0.6113640625000001 0.229846875 0.60970625 0.2450984375 0.6192453125 0.23093750000000002 0.622978125 0.236928125 0.6233921875 0.2461875 0.62131875 0.2603484375
0 0.6947328125000001 0.46241875 0.6955625000000001 0.4656859375 0.700125 0.46623125 0.7026125000000001 0.46459687499999996 0.70136875 0.4428109375 0.7046875 0.3997828125 0.6992953125 0.38780000000000003 0.6955625000000001 0.3856203125 0.688925 0.3856203125 0.6839484375 0.3867109375 0.6810453125 0.389978125 0.67855625 0.408496875 0.6827046875 0.4095859375 0.6864375 0.4057734375 0.6851921875 0.395425 0.69224375 0.397059375 0.6968062500000001 0.42592656250000005 0.6947328125000001 0.46241875
0 0.7171296875000001 0.436275 0.71049375 0.4357296875 0.7084203125 0.43736406250000004 0.707590625 0.446078125 0.710078125 0.449890625 0.7109078125 0.45588281249999996 0.7158859375 0.4602390625 0.721278125 0.4580609375 0.725425 0.449890625 0.725425 0.44063125000000003 0.7171296875000001 0.436275
0 0.6644546874999999 0.1988015625 0.6702609374999999 0.2096953125 0.6735796875 0.20860625000000002 0.6798015625 0.19989062500000002 0.6781421875 0.1949890625 0.6735796875 0.19444375 0.6673578124999999 0.19553437499999998 0.6644546874999999 0.1988015625
0 0 0.879084375 0.0116140625 0.8676468749999999 0.025715625 0.8376906249999999 0.0501859375 0.7995640625 0.05806718749999999 0.7821343749999999 0.08087968749999999 0.747821875 0.088759375 0.7303921875 0.096225 0.7205874999999999 0.11115781250000001 0.692265625 0.11945312500000001 0.6802828125 0.1377015625 0.6399781250000001 0.1588546875 0.6034859375 0.167565625 0.5920484375 0.1800078125 0.5675375 0.1829109375 0.563725 0.19618437500000002 0.55555625 0.20779687500000002 0.5364921875 0.2177515625 0.5245093749999999 0.2219 0.5147062499999999 0.22231406250000002 0.5065359375 0.21733750000000002 0.49836562500000003 0.19618437500000002 0.49673125 0.17876406250000001 0.4994546875 0.16590625 0.5049015625 0.1609296875 0.509259375 0.1513890625 0.5305015625 0.14972968749999999 0.5457515625 0.145996875 0.5550109375 0.12235625000000001 0.5980390625 0.11157187500000001 0.6225484375 0.097884375 0.6399781250000001 0.0871015625 0.6672109374999999 0.077146875 0.6824625 0.0618 0.714596875 0.05267500000000001 0.7282140625 0.0410625 0.757625 0.0373296875 0.7598046875 0.0319375 0.7505453125 0.029862499999999997 0.75 0.01949375 0.7543578125 0.01036875 0.7538125 0.0037328124999999996 0.759259375 0 0.7598046875 0 0.879084375
0 0.16632031249999998 0.9123093750000001 0.164246875 0.9172109374999999 0.1654921875 0.923203125 0.1712984375 0.92538125 0.1758609375 0.9183 0.1845703125 0.9128546875 0.197428125 0.9128546875 0.20282031250000002 0.9035953125 0.2090421875 0.90305 0.21526406250000002 0.8965140625 0.223559375 0.8927015624999999 0.22936562500000002 0.88071875 0.23019531249999997 0.8741828125 0.23600156249999998 0.8676468749999999 0.2389046875 0.8583875000000001 0.23849062499999998 0.854575 0.230609375 0.8502171875 0.223559375 0.8507625000000001 0.21816718750000003 0.8594765625 0.2102859375 0.8605671875 0.20282031250000002 0.869825 0.191621875 0.879084375 0.1800078125 0.8943359375 0.17627500000000002 0.9035953125 0.17046875 0.90631875 0.16632031249999998 0.9123093750000001
0 0.4214015625 0.45969531249999995 0.4230609375 0.4564265625 0.4218171875 0.4504359375 0.4230609375 0.4477125 0.4197421875 0.441721875 0.4019078125 0.451525 0.401078125 0.4542484375 0.40356718750000004 0.4602390625 0.39236875000000004 0.4705875 0.39029375 0.47766875000000003 0.39693125 0.47875781249999994 0.41310624999999995 0.47222187499999996 0.4184984375 0.4602390625 0.4214015625 0.45969531249999995
0 0.40356718750000004 0.2053375 0.3927828125 0.2205875 0.39236875000000004 0.2265796875 0.39444218750000004 0.2287578125 0.40232343750000005 0.2249453125 0.40439687500000004 0.2211328125 0.40895937499999996 0.2211328125 0.4126921875 0.217865625 0.41020312499999995 0.2080609375 0.40356718750000004 0.2053375
0 1 0.313725 0.9954375000000001 0.311546875 0.9904609375 0.3028328125 0.9842390625 0.29792968750000004 0.9751140625 0.2973859375 0.9684781250000001 0.2995640625 0.9348812499999999 0.2995640625 0.9228531249999999 0.3033765625 0.9120703125 0.303921875 0.8751562500000001 0.30119843749999997 0.8693484375 0.3061 0.8494406250000001 0.3110015625 0.8481953125 0.3159046875 0.8498546875 0.356209375 0.8457078125 0.3649234375 0.841975 0.367103125 0.8212359375 0.3687359375 0.8133546875000001 0.3665578125 0.8009124999999999 0.37472812499999997 0.7938609375000001 0.37472812499999997 0.7888843750000001 0.3834421875 0.7901281250000001 0.4400875 0.7926171875 0.4509796875 0.7917875000000001 0.47113281249999994 0.7984234375 0.47004375 0.8034015625 0.4727671875 0.8274578125 0.4727671875 0.8324343750000001 0.47494531249999994 0.8382406250000001 0.4733109375 0.8365828125 0.46732031249999995 0.8336796874999999 0.42647031249999995 0.8349234375 0.40631874999999995 0.83865625 0.3997828125 0.8411453124999999 0.3997828125 0.8440484375 0.404684375 0.85234375 0.4428109375 0.85690625 0.4471671875 0.8664453125 0.47385625 0.868934375 0.47603437499999995 0.8739109375 0.47440156250000004 0.8668609375 0.45207031249999996 0.856490625 0.43300625000000004 0.8515140625000001 0.397603125 0.8486109374999999 0.38780000000000003 0.8486109374999999 0.38071875 0.8502703125 0.37854062499999996 0.8602234375 0.37690625 0.8631265625 0.3736390625 0.86146875 0.36928125 0.85690625 0.36601249999999996 0.858565625 0.34695 0.85690625 0.3366015625 0.85690625 0.319171875 0.85815 0.315359375 0.86146875 0.31318125 0.871421875 0.3110015625 0.9104109375 0.3120921875 0.9145578125 0.3159046875 0.915803125 0.3197171875 0.9216093750000001 0.3605671875 0.9236828125000001 0.36546875 0.9240984375 0.3894328125 0.926171875 0.401415625 0.9307343749999999 0.412309375 0.9328078124999999 0.4471671875 0.9357109375 0.451525 0.9365406249999999 0.47984687499999995 0.9448359375000001 0.47984687499999995 0.9464953125 0.47549062500000006 0.941103125 0.449346875 0.9373703125 0.42429218750000003 0.937784375 0.4183 0.9286609374999999 0.37690625 0.9290749999999999 0.36546875 0.9257562500000001 0.3513078125 0.9253421875000001 0.3404140625 0.9290749999999999 0.33823593750000003 0.9390296875 0.337690625 0.941103125 0.33986875 0.9477390625 0.367103125 0.9601828125 0.3965140625 0.9639156249999999 0.42374687499999997 0.9639156249999999 0.4400875 0.9705515625000001 0.47766875000000003 0.973040625 0.4809375 0.9796765625000001 0.4803921875 0.975528125 0.45479375 0.9767734375 0.4400875 0.9688921875000001 0.3943359375 0.9589375 0.37527187500000003 0.9493984375 0.3431375 0.9460796874999999 0.3371453125 0.946909375 0.33387812499999997 0.9527171875 0.330609375 0.9601828125 0.31808281250000003 0.9684781250000001 0.315359375 0.9854828124999999 0.31808281250000003 0.9912906250000001 0.32134999999999997 1 0.3371453125 1 0.313725
0 0.8000828125 0.244553125 0.80215625 0.2505453125 0.79966875 0.257625 0.799253125 0.2897609375 0.8166734375000001 0.296840625 0.8191625 0.29411718750000004 0.8257984374999999 0.29520625 0.8282875000000001 0.304465625 0.8282875000000001 0.311546875 0.8303609375000001 0.3159046875 0.8336796874999999 0.3120921875 0.8336796874999999 0.30936875 0.8299453124999999 0.2990203125 0.830775 0.2897609375 0.8278718749999999 0.2794125 0.8291171875 0.270153125 0.8407296875 0.2690625 0.8448781249999999 0.26470625000000003 0.846121875 0.2565359375 0.8486109374999999 0.25708125000000004 0.8498546875 0.2619828125 0.8556609375 0.26525 0.861053125 0.2619828125 0.861053125 0.257625 0.85690625 0.24891093749999998 0.842803125 0.24182968749999997 0.8282875000000001 0.23039218749999998 0.808378125 0.229303125 0.803815625 0.2265796875 0.798009375 0.22766875 0.7926171875 0.22385625 0.7735375 0.221678125 0.7635828124999999 0.229846875 0.7615093749999999 0.23529375 0.7747828125 0.248365625 0.7760265625 0.2549015625 0.7789296875 0.2510890625 0.781003125 0.2412859375 0.7847359375 0.236928125 0.7892984375000001 0.24182968749999997 0.8000828125 0.244553125
0 0.926171875 0.24291875 0.9236828125000001 0.24019531249999998 0.9133140624999999 0.2412859375 0.912484375 0.23638281249999998 0.9162171875 0.23420468749999998 0.9162171875 0.23148125 0.9137281249999999 0.226034375 0.9095812499999999 0.225490625 0.9079218750000001 0.23202656250000003 0.9104109375 0.23420468749999998 0.9120703125 0.2412859375 0.9041890625000001 0.24291875 0.9021156250000001 0.247821875 0.9058484375000001 0.2505453125 0.910825 0.2505453125 0.9236828125000001 0.24727656250000002 0.926171875 0.24291875
0 0.19120625 0.22712343750000002 0.1965984375 0.2211328125 0.19618437500000002 0.21840937500000002 0.1920359375 0.21840937500000002 0.187059375 0.2205875 0.1866453125 0.22712343750000002 0.19120625 0.22712343750000002
0 0.049771875 0.4003265625 0.0535046875 0.395425 0.055993749999999995 0.3894328125 0.053090625 0.38725468749999997 0.0431359375 0.3986921875 0.0431359375 0.40305 0.049771875 0.4003265625
0 0.05143125 0.3534859375 0.06428906250000001 0.3502171875 0.062215625 0.3458609375 0.054334375000000004 0.345315625 0.04686875 0.3496734375 0.044795312500000004 0.354575 0.0311078125 0.37091562499999997 0.02405625 0.3758171875 0.0215671875 0.38235312499999996 0.024471875 0.3818078125 0.031521875 0.3736390625 0.0365 0.37091562499999997 0.05143125 0.3534859375
0 0.395271875 0.2919390625 0.39568593750000003 0.2995640625 0.391953125 0.3022875 0.39236875000000004 0.3066453125 0.40232343750000005 0.3022875 0.40066406250000003 0.2990203125 0.40066406250000003 0.2903046875 0.3990046875 0.2897609375 0.395271875 0.2919390625
0 0.4027375 0.31699375 0.40605624999999995 0.31427031250000004 0.4048109375 0.30936875 0.40232343750000005 0.30936875 0.398175 0.311546875 0.3990046875 0.31699375 0.4027375 0.31699375
0 0.875984375 0.110021875 0.8793031250000001 0.110021875 0.8739109375 0.0817 0.8751562500000001 0.07407343749999999 0.871421875 0.0664484375 0.86851875 0.0648140625 0.8627125 0.055556249999999995 0.8631265625 0.048475000000000004 0.8544171875 0.045751562499999995 0.8452921874999999 0.0479296875 0.8415593749999999 0.050109375 0.8407296875 0.052832812500000007 0.861053125 0.0604578125 0.868934375 0.07244062500000001 0.8710078125 0.072984375 0.8710078125 0.0964046875 0.875984375 0.106753125 0.875984375 0.110021875
0 0.8452921874999999 0.166121875 0.8465359375 0.147603125 0.8498546875 0.1394328125 0.854003125 0.13779999999999998 0.8527578124999999 0.1356203125 0.8490249999999999 0.1350765625 0.8378265624999999 0.13834375000000002 0.8411453124999999 0.145425 0.8415593749999999 0.1666671875 0.8407296875 0.17320312499999999 0.8357531249999999 0.177015625 0.8349234375 0.18300624999999998 0.8390703125 0.18736406249999998 0.846121875 0.18736406249999998 0.8452921874999999 0.166121875
0 0.9767734375 0.1568625 0.9780171875000001 0.158496875 0.986728125 0.1574078125 0.9883859375 0.1541390625 0.9871421874999999 0.1481484375 0.9792609375 0.1443359375 0.9726250000000001 0.14596875 0.9767734375 0.1568625