1 0.0167765625 0.9048390625 0.454203125 0.893734375 0.4708671875 0.34778125000000004 0.23353593749999998 0.3453703125 0.0167765625 0.9048390625
1 0.47642187500000005 0.3459296875 0.46253593750000005 0.8955859374999999 0.8944078125000001 0.88448125 0.712703125 0.340740625 0.47642187500000005 0.3459296875
1 0 0.9048390625 0.0051171875 0.9066890624999999 0.22668750000000001 0.3486734375 0 0.3500640625 0 0.9048390625
1 0.698071875 0.3037921875 0.63585 0.11411562500000001 0.483421875 0.12238906249999999 0.479225 0.30855781250000003 0.698071875 0.3037921875
1 0.2501453125 0.3073109375 0.471853125 0.3054046875 0.476859375 0.11858906250000001 0.3211859375 0.12077500000000001 0.2501453125 0.3073109375
1 0.024842187499999998 0.3108625 0.24941093749999999 0.30895625 0.318784375 0.120234375 0.1636671875 0.121840625 0.024842187499999998 0.3108625
1 0 0.31181562500000004 0.01849375 0.3110515625 0.1612234375 0.122140625 0 0.125953125 0 0.31181562500000004
1 0 0.104765625 0.017671875 0.10565781249999999 0.12141093750000001 0.011109375000000001 0.0010046875 0.014726562500000002 0 0.104765625
1 0.125234375 0.0107328125 0.017965625 0.10677343749999998 0.17144375 0.10384062499999999 0.240846875 0.009353125 0.125234375 0.0107328125
1 0.2484578125 0.008534375 0.17914531250000001 0.10384062499999999 0.32547187499999997 0.102375 0.36133906250000003 0.00751875 0.2484578125 0.008534375
1 0.361971875 0.0094546875 0.328415625 0.10182968750000002 0.4763921875 0.09743125 0.4788046875 0.0066015625 0.361971875 0.0094546875
1 0.48189374999999995 0.00505625 0.47914375 0.098896875 0.62666875 0.09555 0.5963140625000001 0.001390625 0.48189374999999995 0.00505625
0 0.7197921875 0.725 0.7145828125 0.727778125 0.7083328125 0.7138890625000001 0.6979171875 0.65 0.6989578125 0.6125 0.6927078125 0.590278125 0.6864578125 0.5875 0.6854171874999999 0.5916671874999999 0.6885421875 0.7291671875 0.6864578125 0.734721875 0.6739578125000001 0.7361109375 0.640625 0.709721875 0.6052078125 0.7083328125 0.59375 0.584721875 0.5875 0.5569437500000001 0.5770828125 0.54305625 0.5354171875 0.5486109375 0.5322921875 0.5708328125000001 0.5364578125 0.602778125 0.546875 0.6236109375 0.578125 0.6277781250000001 0.5833328125 0.647221875 0.5854171874999999 0.6847218749999999 0.584375 0.7111109375 0.5729171875 0.7625 0.571875 0.79444375 0.5572921875 0.83194375 0.5510421875 0.83194375 0.5447921874999999 0.822221875 0.5322921875 0.7444437500000001 0.5166671875 0.74305625 0.509375 0.7555562499999999 0.5114578125 0.78055625 0.5197921875 0.7958328125 0.5291671874999999 0.83194375 0.5354171875 0.8388890625000001 0.5385421874999999 0.8708328125 0.5458328125 0.8763890625 0.6010421874999999 0.8763890625 0.60625 0.8708328125 0.6072921874999999 0.8041671875 0.5979171875 0.7375 0.603125 0.7291671875 0.6114578125000001 0.7291671875 0.646875 0.740278125 0.653125 0.759721875 0.6520828125 0.8055562500000001 0.6677078125 0.8736109375 0.6770828125 0.86944375 0.6760421875 0.784721875 0.6833328125 0.7763890625000001 0.7208328125000001 0.79305625 0.74375 0.8722218749999999 0.8041671875 0.8708328125 0.8072921875000001 0.865278125 0.8052078125 0.8486109374999999 0.809375 0.8416671875 0.8229171875000001 0.847221875 0.8291671875000001 0.8680562500000001 0.8416671875 0.8708328125 0.8458328125 0.8666671875 0.846875 0.825 0.8552078125 0.8125 0.853125 0.784721875 0.8395828125 0.7625 0.8322921875 0.7638890625 0.8239578125 0.7763890625000001 0.81875 0.7736109375 0.8177078124999999 0.740278125 0.83125 0.7444437500000001 0.8322921875 0.7263890625 0.809375 0.6888890625 0.809375 0.6791671874999999 0.803125 0.6708328125 0.7979171875 0.6333328125000001 0.7770828125 0.5625 0.76875 0.5458328125 0.746875 0.5458328125 0.7385421875 0.5361109374999999 0.725 0.47222187499999996 0.7041671875 0.40972187499999996 0.7020828125 0.3583328125 0.6729171875 0.3583328125 0.6833328125 0.43888906250000004 0.69375 0.48333281250000004 0.6947921874999999 0.527778125 0.7052078125000001 0.53194375 0.7114578125000001 0.54305625 0.7125 0.577778125 0.7208328125000001 0.6111109375 0.725 0.69444375 0.7197921875 0.725
0 0.5708328125000001 0.3916671875 0.5729171875 0.3916671875 0.5729171875 0.39444375 0.575 0.3958328125 0.575 0.397221875 0.5760421874999999 0.397221875 0.5760421874999999 0.4 0.578125 0.4 0.578125 0.4013890625 0.5875 0.4013890625 0.5875 0.4 0.5895828125 0.4 0.590625 0.397221875 0.5916671874999999 0.397221875 0.5916671874999999 0.3958328125 0.5927078125 0.3958328125 0.5927078125 0.37638906250000004 0.590625 0.375 0.590625 0.37361093749999996 0.5895828125 0.37361093749999996 0.5895828125 0.37222187500000004 0.5854171874999999 0.37222187500000004 0.5854171874999999 0.3708328125 0.5802078125000001 0.3708328125 0.5791671875 0.36805625000000003 0.578125 0.36805625000000003 0.578125 0.3666671875 0.5770828125 0.3666671875 0.5770828125 0.3638890625 0.575 0.3625 0.575 0.3611109375 0.5708328125000001 0.3611109375 0.5697921874999999 0.3638890625 0.56875 0.3638890625 0.56875 0.3708328125 0.5677078125 0.3708328125 0.5677078125 0.384721875 0.56875 0.384721875 0.56875 0.3888890625 0.5708328125000001 0.390278125 0.5708328125000001 0.3916671875
0 0.5166671875 0.43194375 0.5145828125 0.43888906250000004 0.5135421874999999 0.45694375000000004 0.5166671875 0.4625 0.521875 0.4625 0.525 0.44444375 0.5302078125 0.44444375 0.5322921875 0.447221875 0.5385421874999999 0.440278125 0.5385421874999999 0.43194375 0.534375 0.4236109375 0.53125 0.4013890625 0.5322921875 0.3875 0.5375 0.3833328125 0.5447921874999999 0.3833328125 0.5510421875 0.3875 0.5552078125000001 0.3833328125 0.5572921875 0.37638906250000004 0.5395828125000001 0.375 0.5322921875 0.38194374999999997 0.528125 0.38194374999999997 0.5270828125 0.37361093749999996 0.5229171874999999 0.37222187500000004 0.5208328125 0.365278125 0.5166671875 0.3611109375 0.5177078125000001 0.35694375 0.5104171875 0.35555625 0.5072921874999999 0.3625 0.5072921874999999 0.3708328125 0.5104171875 0.3833328125 0.5135421874999999 0.38194374999999997 0.5135421874999999 0.37638906250000004 0.5166671875 0.3791671875 0.5197921875 0.40972187499999996 0.5197921875 0.43055625 0.5166671875 0.43194375
0 0.3520828125 0.8041671875 0.35 0.7958328125 0.34375 0.7958328125 0.3385421875 0.8055562500000001 0.3395828125 0.822221875 0.3520828125 0.8111109375 0.353125 0.8194437499999999 0.3583328125 0.822221875 0.3614578125 0.8416671875 0.39375 0.8416671875 0.4010421875 0.8055562500000001 0.409375 0.8 0.40416718749999997 0.7666671875 0.42291718749999996 0.7666671875 0.42604218749999995 0.7625 0.42604218749999995 0.74305625 0.421875 0.7375 0.41041718749999995 0.74305625 0.40416718749999997 0.7583328125000001 0.40520781250000004 0.7361109375 0.4114578125 0.7208328125000001 0.409375 0.7125 0.390625 0.725 0.3864578125 0.7041671875 0.378125 0.702778125 0.3677078125 0.7111109375 0.3572921875 0.7541671875 0.3666671875 0.7583328125000001 0.3739578125 0.74305625 0.3854171875 0.7458328125 0.3802078125 0.802778125 0.36875 0.80694375 0.3572921875 0.8 0.3520828125 0.8041671875
0 0.1635421875 0.76944375 0.1604171875 0.75694375 0.1416671875 0.8111109375 0.1260421875 0.8152781250000001 0.1114578125 0.834721875 0.0927078125 0.840278125 0.08333281249999999 0.8569437499999999 0.046875 0.8625 0.0416671875 0.86944375 0.040625 0.8833328125 0.096875 0.8861109375 0.1302078125 0.8680562500000001 0.1447921875 0.884721875 0.1614578125 0.8833328125 0.1697921875 0.86944375 0.1729171875 0.8833328125 0.18125 0.8819437499999999 0.1947921875 0.8513890625 0.203125 0.81805625 0.2260421875 0.8041671875 0.2322921875 0.790278125 0.23125 0.7791671874999999 0.2239578125 0.7791671874999999 0.2177078125 0.79444375 0.2072921875 0.8013890625 0.1947921875 0.8 0.1947921875 0.7875 0.2052078125 0.7583328125000001 0.2052078125 0.7486109375 0.1979171875 0.7472218749999999 0.1885421875 0.75694375 0.1833328125 0.7763890625000001 0.184375 0.822221875 0.175 0.85 0.165625 0.8513890625 0.1666671875 0.8236109375 0.1583328125 0.8097218749999999 0.1572921875 0.790278125 0.1635421875 0.76944375
0 0.2770828125 0.740278125 0.284375 0.740278125 0.3010421875 0.6458328125 0.3010421875 0.6361109375 0.2864578125 0.6208328125 0.2864578125 0.5916671874999999 0.2958328125 0.54444375 0.3114578125 0.5333328125000001 0.3114578125 0.522221875 0.3 0.5166671875 0.3052078125 0.47222187499999996 0.2947921875 0.46944375000000005 0.2760421875 0.49305625 0.2677078125 0.540278125 0.2666671875 0.5708328125000001 0.25625 0.61805625 0.2604171875 0.63194375 0.2875 0.6375 0.2739578125 0.71805625 0.278125 0.727778125 0.2770828125 0.740278125
0 0.396875 0.4888890625 0.39375 0.5236109375 0.40833281250000003 0.509721875 0.40416718749999997 0.5027781250000001 0.40520781250000004 0.4861109375 0.415625 0.4625 0.42083281250000004 0.40416718749999997 0.4322921875 0.397221875 0.434375 0.40416718749999997 0.44375 0.40694375000000005 0.440625 0.4875 0.42604218749999995 0.5111109375 0.43541718749999997 0.5111109375 0.44583281250000006 0.5027781250000001 0.44583281250000006 0.534721875 0.45416718749999996 0.540278125 0.46041718749999994 0.3875 0.44166718749999995 0.37638906250000004 0.43854218749999996 0.3583328125 0.42916718749999994 0.35555625 0.425 0.3611109375 0.42395781250000003 0.3791671875 0.40208281250000005 0.38055625000000004 0.39375 0.4013890625 0.3947921875 0.43333281250000005 0.4 0.40972187499999996 0.4114578125 0.3875 0.40833281250000003 0.43888906250000004 0.396875 0.4888890625
0 0 0.7833328125000001 0.0083328125 0.7666671875 0.0322921875 0.7458328125 0.028125 0.740278125 0 0.75 0 0.7833328125000001
0 0.027082812499999998 0.65 0.021875 0.6388890625 0 0.6361109375 0.0010421875000000001 0.7444437500000001 0.0177078125 0.7013890625 0.0166671875 0.6888890625 0.027082812499999998 0.65
0 0 0.48194375 0.025 0.4583328125 0.0364578125 0.40833281250000003 0.0458328125 0.3888890625 0.038542187500000005 0.3861109375 0.0229171875 0.4013890625 0.009375 0.40277812500000004 0 0.4111109375 0 0.48194375
0 0.603125 0.247221875 0.603125 0.2986109375 0.6854171874999999 0.2958328125 0.684375 0.2791671875 0.6364578125 0.140278125 0.6229171874999999 0.1236109375 0.5916671874999999 0.1208328125 0.5770828125 0.1236109375 0.5708328125000001 0.1638890625 0.5541671874999999 0.16944375 0.5520828125 0.19444375 0.5625 0.21805625 0.5583328125 0.2375 0.565625 0.2416671875 0.5958328125000001 0.24027812499999998 0.603125 0.247221875
0 0.515625 0.122221875 0.48645781250000003 0.1236109375 0.48333281250000004 0.13194375 0.48229218749999997 0.2958328125 0.484375 0.3013890625 0.565625 0.2986109375 0.559375 0.275 0.5583328125 0.24305625000000003 0.546875 0.23888906250000003 0.5479171875 0.1833328125 0.5385421874999999 0.165278125 0.5333328125000001 0.1236109375 0.5239578125000001 0.1208328125 0.5197921875 0.1236109375 0.528125 0.1458328125 0.5260421875 0.19305624999999998 0.528125 0.2083328125 0.5322921875 0.21111093749999998 0.5385421874999999 0.29444375 0.528125 0.2875 0.525 0.275 0.515625 0.122221875
0 0.434375 0.24444375 0.434375 0.259721875 0.4322921875 0.26944375 0.425 0.2791671875 0.42291718749999996 0.2958328125 0.43020781250000006 0.297221875 0.43333281250000005 0.3013890625 0.45104218749999997 0.3 0.45416718749999996 0.29305625 0.453125 0.28055625 0.446875 0.2708328125 0.446875 0.24027812499999998 0.45625 0.1986109375 0.45520781250000003 0.1541671875 0.4635421875 0.1416671875 0.4635421875 0.1375 0.44895781250000005 0.1333328125 0.44479218749999994 0.14305625 0.428125 0.15277812500000001 0.434375 0.1625 0.43333281250000005 0.18194375000000002 0.43020781250000006 0.2 0.42395781250000003 0.2083328125 0.42395781250000003 0.215278125 0.4270828125 0.23055625000000002 0.434375 0.24444375
0 0.36875 0.23194374999999998 0.3583328125 0.275 0.35625 0.2791671875 0.3458328125 0.277778125 0.340625 0.284721875 0.3395828125 0.3 0.3427078125 0.302778125 0.3979171875 0.3 0.3979171875 0.29305625 0.378125 0.2916671875 0.3760421875 0.277778125 0.3875 0.222221875 0.3989578125 0.21805625 0.41041718749999995 0.19444375 0.409375 0.175 0.41770781250000005 0.15555625 0.41770781250000005 0.147221875 0.41354218749999994 0.1416671875 0.40520781250000004 0.140278125 0.396875 0.147221875 0.4 0.12638906249999998 0.39375 0.12638906249999998 0.384375 0.1333328125 0.3791671875 0.14444375 0.3677078125 0.15 0.3645828125 0.15555625 0.36875 0.1625 0.3822921875 0.15972187499999999 0.3822921875 0.16944375 0.375 0.1875 0.36875 0.23194374999999998
0 0.2708328125 0.3041671875 0.29375 0.302778125 0.3104171875 0.26805625 0.3229171875 0.2583328125 0.328125 0.2208328125 0.3322921875 0.209721875 0.340625 0.20277812499999998 0.3416671875 0.18611093750000002 0.346875 0.177778125 0.3479171875 0.15555625 0.3614578125 0.14444375 0.365625 0.1361109375 0.365625 0.13055624999999998 0.34375 0.12777812500000002 0.3375 0.1333328125 0.33125 0.15972187499999999 0.3208328125 0.18472187499999998 0.3177078125 0.21805625 0.3052078125 0.259721875 0.2927078125 0.275 0.2833328125 0.2958328125 0.271875 0.29305625 0.2708328125 0.3041671875
0 0.2427078125 0.2611109375 0.2427078125 0.26944375 0.240625 0.272221875 0.240625 0.275 0.2364578125 0.2791671875 0.2364578125 0.28194375 0.234375 0.28194375 0.2291671875 0.2888890625 0.2270828125 0.2986109375 0.2260421875 0.2986109375 0.228125 0.302778125 0.2416671875 0.302778125 0.2427078125 0.3013890625 0.24375 0.2958328125 0.2458328125 0.29444375 0.25625 0.2638890625 0.2583328125 0.2625 0.2677078125 0.23472187500000002 0.26875 0.23472187500000002 0.26875 0.227778125 0.2625 0.227778125 0.2625 0.2291671875 0.2583328125 0.2291671875 0.2583328125 0.23055625000000002 0.25 0.23194374999999998 0.2479171875 0.23472187500000002 0.2458328125 0.23472187500000002 0.240625 0.2416671875 0.2375 0.2611109375 0.2427078125 0.2611109375
0 0.0610890625 0.290671875 0.0595453125 0.28450000000000003 0.0707921875 0.277153125 0.07123281249999999 0.27156875 0.0619703125 0.27156875 0.0518625 0.28055625 0.044571875 0.2861109375 0.0331125 0.3041671875 0.0404046875 0.30694374999999996 0.0622796875 0.30694374999999996 0.097696875 0.3041671875 0.107071875 0.2888890625 0.110196875 0.2875 0.12061249999999998 0.265278125 0.1310296875 0.25277812499999996 0.1310296875 0.25 0.1268625 0.25 0.1185296875 0.25277812499999996 0.110196875 0.2625 0.097696875 0.2666671875 0.0827 0.2677484375 0.07255625 0.2850890625 0.06329375000000001 0.2918484375 0.056017187499999996 0.2986078125 0.055134375 0.295375 0.0610890625 0.290671875
0 0.19375 0.20138906250000002 0.1927078125 0.209721875 0.2010421875 0.21111093749999998 0.2010421875 0.209721875 0.2041671875 0.209721875 0.20625 0.20694374999999998 0.20625 0.2041671875 0.2177078125 0.19027812500000002 0.2177078125 0.18472187499999998 0.21875 0.18472187499999998 0.2208328125 0.172221875 0.221875 0.172221875 0.23125 0.14444375 0.2322921875 0.14444375 0.2322921875 0.1416671875 0.2333328125 0.1416671875 0.2333328125 0.1388890625 0.234375 0.1388890625 0.234375 0.13194375 0.2302078125 0.13194375 0.2197921875 0.1416671875 0.209375 0.172221875 0.2072921875 0.1736109375 0.2052078125 0.18194375000000002 0.2041671875 0.18194375000000002 0.2041671875 0.18472187499999998 0.2010421875 0.1875 0.1989578125 0.19444375 0.19375 0.20138906250000002
0 0 0.29305625 0.030207812499999997 0.2611109375 0.034375 0.259721875 0.034375 0.26805625 0.040625 0.2666671875 0.040625 0.2541671875 0.046875 0.24027812499999998 0.0770828125 0.2166671875 0.0708328125 0.209721875 0.0583328125 0.21805625 0.05625 0.2138890625 0.0625 0.2041671875 0.0666671875 0.18055625 0.0875 0.15694375 0.090625 0.14305625 0.0875 0.14305625 0.0510421875 0.18611093750000002 0.05 0.21805625 0.0083328125 0.2708328125 0 0.284721875 0 0.29305625
0 0 0.2333328125 0.0145828125 0.2208328125 0.0135421875 0.2083328125 0.040625 0.1666671875 0.040625 0.1611109375 0.0354171875 0.1611109375 0 0.20277812499999998 0 0.2333328125
0 0 0.1541671875 0.0197921875 0.15555625 0.0375 0.14305625 0.055207812499999995 0.14444375 0.0635421875 0.1361109375 0.0416671875 0.13055624999999998 0.0322921875 0.1375 0.005207812500000001 0.14305625 0 0.147221875 0 0.1541671875
0 0 0.1 0.0072921875 0.09305625 0.01875 0.0666671875 0.0239578125 0.06388906250000001 0.030207812499999997 0.055556249999999995 0.034375 0.054167187500000005 0.0364578125 0.05 0.0520828125 0.0416671875 0.053125 0.0388890625 0.075 0.0236109375 0.0739578125 0.019443750000000003 0.0666671875 0.019443750000000003 0.0583328125 0.0236109375 0.0479171875 0.0361109375 0.038542187500000005 0.040278125 0.0375 0.034721875 0.039582812499999995 0.027778124999999997 0.0375 0.025 0.015625 0.0208328125 0 0.022221875 0 0.1
0 0.11875 0.027778124999999997 0.11875 0.03055625 0.11458281249999999 0.0361109375 0.1125 0.0361109375 0.1114578125 0.0388890625 0.109375 0.0388890625 0.1052078125 0.04444375 0.10416718750000001 0.051389062500000006 0.1052078125 0.051389062500000006 0.10625 0.055556249999999995 0.109375 0.055556249999999995 0.1114578125 0.052778124999999995 0.1114578125 0.05 0.1135421875 0.0486109375 0.1135421875 0.0458328125 0.1166671875 0.0416671875 0.11875 0.0416671875 0.11979218750000001 0.0388890625 0.121875 0.0388890625 0.1229171875 0.0361109375 0.125 0.0361109375 0.1322921875 0.025 0.1385421875 0.0236109375 0.1385421875 0.022221875 0.1447921875 0.022221875 0.1447921875 0.03194375 0.146875 0.034721875 0.1510421875 0.0361109375 0.1510421875 0.0375 0.1541671875 0.0375 0.15625 0.034721875 0.15625 0.03194375 0.153125 0.029167187500000004 0.1541671875 0.01805625 0.153125 0.01805625 0.153125 0.015278125 0.13125 0.015278125 0.13125 0.0166671875 0.1270828125 0.0166671875 0.125 0.019443750000000003 0.1229171875 0.019443750000000003 0.1208328125 0.022221875 0.1208328125 0.025 0.11979218750000001 0.025 0.11979218750000001 0.027778124999999997 0.11875 0.027778124999999997
0 0.1635421875 0.027778124999999997 0.1677078125 0.027778124999999997 0.1677078125 0.026389062499999998 0.1708328125 0.026389062499999998 0.1708328125 0.025 0.1739578125 0.025 0.1739578125 0.0236109375 0.1770828125 0.0236109375 0.1770828125 0.022221875 0.1864578125 0.022221875 0.1864578125 0.0208328125 0.190625 0.0208328125 0.190625 0.019443750000000003 0.1927078125 0.019443750000000003 0.1927078125 0.01805625 0.1947921875 0.01805625 0.1947921875 0.0166671875 0.196875 0.0166671875 0.196875 0.015278125 0.190625 0.015278125 0.190625 0.013889062499999999 0.1645828125 0.013889062499999999 0.1645828125 0.015278125 0.1614578125 0.015278125 0.1614578125 0.01805625 0.1604171875 0.01805625 0.1604171875 0.0236109375 0.1625 0.025 0.1625 0.026389062499999998 0.1635421875 0.026389062499999998 0.1635421875 0.027778124999999997
0 0.2552078125 0.027778124999999997 0.2541671875 0.027778124999999997 0.2541671875 0.029167187500000004 0.253125 0.029167187500000004 0.253125 0.03055625 0.2520828125 0.03055625 0.2520828125 0.033332812499999996 0.25 0.034721875 0.25 0.0388890625 0.2520828125 0.040278125 0.2520828125 0.0416671875 0.2541671875 0.0416671875 0.2541671875 0.043056250000000004 0.259375 0.043056250000000004 0.259375 0.04444375 0.2614578125 0.04444375 0.2614578125 0.043056250000000004 0.2645828125 0.043056250000000004 0.265625 0.040278125 0.2666671875 0.040278125 0.2666671875 0.0388890625 0.2677078125 0.0388890625 0.2677078125 0.0361109375 0.26875 0.0361109375 0.26875 0.03055625 0.2697921875 0.03055625 0.2697921875 0.026389062499999998 0.26875 0.026389062499999998 0.26875 0.0236109375 0.2677078125 0.0236109375 0.2677078125 0.0208328125 0.2666671875 0.0208328125 0.2666671875 0.019443750000000003 0.2604171875 0.019443750000000003 0.2604171875 0.0208328125 0.2583328125 0.022221875 0.2583328125 0.0236109375 0.2572921875 0.0236109375 0.2572921875 0.025 0.25625 0.025 0.25625 0.026389062499999998 0.2552078125 0.026389062499999998 0.2552078125 0.027778124999999997
0 0.3885421875 0.05694375 0.3875 0.05694375 0.3864578125 0.06805625 0.384375 0.0708328125 0.384375 0.07638906250000001 0.3833328125 0.07638906250000001 0.3833328125 0.08055625 0.3822921875 0.08055625 0.3822921875 0.084721875 0.38125 0.084721875 0.38125 0.0888890625 0.3802078125 0.0888890625 0.3791671875 0.0986109375 0.384375 0.0986109375 0.3854171875 0.09444375 0.3864578125 0.09444375 0.3875 0.0861109375 0.3885421875 0.0861109375 0.3885421875 0.08055625 0.3895828125 0.08055625 0.3895828125 0.07638906250000001 0.390625 0.07638906250000001 0.390625 0.06805625 0.3916671875 0.06805625 0.3916671875 0.0611109375 0.3927078125 0.0611109375 0.3927078125 0.054167187500000005 0.39375 0.054167187500000005 0.3958328125 0.0388890625 0.3979171875 0.0375 0.3979171875 0.034721875 0.40520781250000004 0.0361109375 0.40729218749999996 0.033332812499999996 0.40416718749999997 0.027778124999999997 0.40208281250000005 0.027778124999999997 0.4010421875 0.025 0.3979171875 0.0236109375 0.3979171875 0.025 0.3916671875 0.026389062499999998 0.3895828125 0.029167187500000004 0.3895828125 0.03194375 0.3885421875 0.03194375 0.3885421875 0.0388890625 0.3895828125 0.040278125 0.3885421875 0.040278125 0.3885421875 0.05694375
0 0.41458281250000006 0.0958328125 0.415625 0.0958328125 0.415625 0.097221875 0.41979218749999997 0.097221875 0.41979218749999997 0.0986109375 0.4375 0.0986109375 0.4375 0.097221875 0.459375 0.097221875 0.459375 0.0958328125 0.46145781250000006 0.0958328125 0.46145781250000006 0.09305625 0.459375 0.0916671875 0.459375 0.090278125 0.45625 0.090278125 0.45625 0.0888890625 0.45 0.0875 0.45 0.0861109375 0.434375 0.084721875 0.434375 0.0861109375 0.428125 0.0861109375 0.428125 0.084721875 0.42395781250000003 0.08333281249999999 0.42291718749999996 0.08055625 0.421875 0.08055625 0.421875 0.075 0.42083281250000004 0.075 0.42083281250000004 0.0736109375 0.41875 0.0736109375 0.41875 0.072221875 0.41770781250000005 0.072221875 0.41770781250000005 0.0736109375 0.415625 0.0736109375 0.415625 0.0791671875 0.4166671875 0.0791671875 0.4166671875 0.0916671875 0.415625 0.0916671875 0.415625 0.09444375 0.41458281250000006 0.09444375 0.41458281250000006 0.0958328125
0 0.415625 0.026389062499999998 0.41875 0.026389062499999998 0.41875 0.027778124999999997 0.4270828125 0.027778124999999997 0.4270828125 0.026389062499999998 0.42916718749999994 0.026389062499999998 0.42916718749999994 0.025 0.43020781250000006 0.025 0.43020781250000006 0.019443750000000003 0.4322921875 0.01805625 0.4322921875 0.0166671875 0.43333281250000005 0.0166671875 0.43333281250000005 0.015278125 0.434375 0.015278125 0.434375 0.0125 0.4322921875 0.0111109375 0.4322921875 0.009721875000000001 0.421875 0.009721875000000001 0.421875 0.0111109375 0.41770781250000005 0.0111109375 0.4166671875 0.013889062499999999 0.415625 0.013889062499999999 0.415625 0.019443750000000003 0.41458281250000006 0.019443750000000003 0.41458281250000006 0.0236109375 0.415625 0.0236109375 0.415625 0.026389062499999998
0 0.5614578125 0.0736109375 0.5572921875 0.0736109375 0.55625 0.0625 0.5479171875 0.0611109375 0.5489578125000001 0.0791671875 0.5458328125 0.077778125 0.54375 0.08055625 0.54375 0.0861109375 0.55 0.0875 0.553125 0.0958328125 0.575 0.09444375 0.5760421874999999 0.0875 0.5729171875 0.0666671875 0.5791671875 0.06527812499999999 0.5833328125 0.0611109375 0.5916671874999999 0.06805625 0.5927078125 0.08055625 0.5854171874999999 0.08194375000000001 0.5833328125 0.084721875 0.5833328125 0.09305625 0.6145828125 0.09305625 0.6145828125 0.0888890625 0.609375 0.0875 0.609375 0.084721875 0.6135421875 0.08333281249999999 0.6166671874999999 0.077778125 0.6114578125000001 0.0583328125 0.6072921874999999 0.055556249999999995 0.603125 0.05694375 0.6 0.052778124999999995 0.5927078125 0.052778124999999995 0.5895828125 0.043056250000000004 0.590625 0.019443750000000003 0.5895828125 0.0166671875 0.5854171874999999 0.015278125 0.58125 0.019443750000000003 0.58125 0.0375 0.584375 0.047221875 0.584375 0.054167187500000005 0.5770828125 0.0458328125 0.5739578125 0.0361109375 0.565625 0.033332812499999996 0.5666671875 0.0625 0.5614578125 0.0736109375
0 0.5197921875 0.0611109375 0.51875 0.0611109375 0.51875 0.0486109375 0.5166671875 0.0458328125 0.515625 0.0486109375 0.5125 0.05 0.5125 0.0583328125 0.5114578125 0.0583328125 0.5114578125 0.06388906250000001 0.5104171875 0.06388906250000001 0.5114578125 0.06944375 0.5135421874999999 0.06944375 0.515625 0.072221875 0.515625 0.075 0.5135421874999999 0.07638906250000001 0.5135421874999999 0.08055625 0.5125 0.08055625 0.5125 0.0861109375 0.5114578125 0.0861109375 0.5114578125 0.09444375 0.5166671875 0.09444375 0.5166671875 0.08055625 0.5177078125000001 0.0791671875 0.5208328125 0.0791671875 0.521875 0.0958328125 0.53125 0.0958328125 0.5322921875 0.09444375 0.5322921875 0.0875 0.5302078125 0.0861109375 0.5302078125 0.07638906250000001 0.5291671874999999 0.07638906250000001 0.5291671874999999 0.0611109375 0.528125 0.0611109375 0.528125 0.051389062500000006 0.5270828125 0.051389062500000006 0.5270828125 0.0361109375 0.5302078125 0.034721875 0.53125 0.03194375 0.5291671874999999 0.03055625 0.5291671874999999 0.027778124999999997 0.525 0.022221875 0.521875 0.022221875 0.521875 0.0416671875 0.5229171874999999 0.0416671875 0.5229171874999999 0.047221875 0.5239578125000001 0.047221875 0.5239578125000001 0.0666671875 0.521875 0.06944375 0.521875 0.0666671875 0.5197921875 0.06527812499999999 0.5197921875 0.0611109375