1 0.22810000000000002 1 0.7724546875 0.559546875 0.06999999999999999 0.44625000000000004 0 0.48292812500000004 0 1 0.22810000000000002 1
1 1 0.6061828125 0.78944375 0.5650000000000001 0.26809375 1 1 1 1 0.6061828125
1 0.0016484375 0.4359125 0 0.4715734375 0.0564671875 0.44604375 0.0016484375 0.4359125
1 0 0.4312203125 0.066353125 0.44275000000000003 0.582590625 0.223725 0.1542359375 0.179640625 0 0.22451875000000002 0 0.4312203125
1 0.0016484375 0.1662078125 0 0.22163906249999998 0.14325000000000002 0.1804640625 0.0016484375 0.1662078125
1 1 0.2646046875 0.5894578125 0.2247546875 0.0796 0.4449546875 0.7771640625 0.55530625 1 0.3667203125 1 0.2646046875
1 1 0.1106078125 0.8751218749999999 0.10115 0.59700625 0.224253125 1 0.262134375 1 0.1106078125
1 0.5915125 0.2217171875 0.8628484375 0.10230781250000001 0.508428125 0.0764296875 0.16528437499999998 0.177246875 0.5915125 0.2217171875
1 0.193921875 0.05376875 0.00050625 0.0990140625 0.00050625 0.164071875 0.1575953125 0.1788953125 0.5069265625 0.07513125000000001 0.193921875 0.05376875
1 0.0016484375 0.0362578125 0 0.09654375 0.1850578125 0.05454375 0.0016484375 0.0362578125
0 0 0.3677078125 0.027778124999999997 0.3645828125 0.04444375 0.3697921875 0.047221875 0.384375 0.043056250000000004 0.3958328125 0.05 0.403125 0.0361109375 0.4114578125 0.0375 0.42291718749999996 0.0708328125 0.41979218749999997 0.1 0.40833281250000003 0.15694375 0.4010421875 0.20138906250000002 0.3875 0.5513890625 0.2447921875 0.5888890625000001 0.2239578125 0.522221875 0.2135421875 0.1611109375 0.18125 0.12777812500000002 0.1864578125 0 0.2229171875 0 0.3677078125
0 1 0.2604171875 0.59444375 0.221875 0.572221875 0.2291671875 0.55 0.24375 0.4888890625 0.271875 0.434721875 0.2916671875 0.277778125 0.3635421875 0.1361109375 0.421875 0.1361109375 0.44166718749999995 0.16944375 0.43541718749999997 0.20277812499999998 0.43541718749999997 0.22638906250000002 0.42291718749999996 0.2708328125 0.41041718749999995 0.31805625000000004 0.40729218749999996 0.3486109375 0.41458281250000006 0.3638890625 0.42395781250000003 0.3263890625 0.4625 0.3263890625 0.46875 0.340278125 0.475 0.43888906250000004 0.48854218749999995 0.48333281250000004 0.49895781250000004 0.527778125 0.5020828125000001 0.6416671875 0.5197921875 0.6611109374999999 0.5114578125 0.6791671874999999 0.4947921875 0.7125 0.48020781250000005 0.80694375 0.4875 0.8388890625000001 0.484375 0.8583328124999999 0.4739578125 0.9291671875 0.4166671875 1 0.3677078125 1 0.2604171875
0 0.515278125 0.6416671875 0.490278125 0.6572921875 0.47777812500000005 0.671875 0.4763890625 0.696875 0.5041671875 0.6947921874999999 0.49166718749999994 0.7125 0.49583281250000005 0.71875 0.5111109375 0.7197921875 0.522221875 0.7135421875 0.5388890625 0.6947921874999999 0.5680562499999999 0.675 0.5638890625 0.6552078125 0.5763890625 0.640625 0.6166671874999999 0.6145828125 0.65555625 0.5760421874999999 0.7 0.5645828125000001 0.70694375 0.5552078125000001 0.7138890625000001 0.5583328125 0.7125 0.5458328125 0.70694375 0.5520828125 0.672221875 0.5520828125 0.6541671874999999 0.5604171874999999 0.6388890625 0.590625 0.609721875 0.6 0.5888890625000001 0.61875 0.5736109375 0.6260421875 0.5652781250000001 0.6395828125 0.515278125 0.6416671875
0 0.347221875 0.5072921874999999 0.31388906250000004 0.5239578125000001 0.302778125 0.5333328125000001 0.30555625000000003 0.5375 0.3416671875 0.5333328125000001 0.38194374999999997 0.509375 0.359721875 0.49895781250000004 0.3416671875 0.49791718749999997 0.347221875 0.5072921874999999
0 0.547221875 0.553125 0.5666671875 0.5447921874999999 0.61805625 0.5416671875 0.6 0.53125 0.5597218749999999 0.5260421875 0.5513890625 0.53125 0.525 0.528125 0.5138890625 0.53125 0.4861109375 0.546875 0.48194375 0.5552078125000001 0.49305625 0.5604171874999999 0.53055625 0.5583328125 0.5388890625 0.55 0.547221875 0.553125
0 0.8875 0.58125 0.8666671875 0.5916671874999999 0.8680562500000001 0.596875 0.8819437499999999 0.603125 0.88055625 0.6114578125000001 0.8861109375 0.615625 0.9069437499999999 0.6125 0.9347218749999999 0.59375 0.9305562500000001 0.5895828125 0.8875 0.58125
0 0.71805625 0.540625 0.7361109375 0.5375 0.727778125 0.525 0.7111109375 0.5229171874999999 0.6888890625 0.53125 0.6861109375 0.5364578125 0.71805625 0.540625
0 0.8583328124999999 0.5604171874999999 0.8638890625 0.5572921875 0.85555625 0.5489578125000001 0.840278125 0.546875 0.83194375 0.5520828125 0.8333328124999999 0.5572921875 0.8583328124999999 0.5604171874999999
0 0.9083328125 0.5479171875 0.88055625 0.5510421875 0.8680562500000001 0.5614578125 0.9 0.5697921874999999 0.9361109375 0.571875 0.9458328125 0.5697921874999999 0.9541671875000001 0.5604171874999999 0.9541671875000001 0.5541671874999999 0.9486109375 0.5520828125 0.9083328125 0.5479171875
0 0.1291671875 0.184375 0.12777812500000002 0.1802078125 0.109721875 0.175 0.002778125 0.1614578125 0 0.2208328125 0.1111109375 0.1927078125 0.1291671875 0.184375
0 0.16944375 0.1791671875 0.5861109375 0.2177078125 0.59444375 0.2135421875 0.59444375 0.2083328125 0.5861109375 0.203125 0.490278125 0.1916671875 0.5625 0.1572921875 0.5680562499999999 0.1447921875 0.547221875 0.140625 0.5111109375 0.1479171875 0.45555625 0.146875 0.37361093749999996 0.1677078125 0.33055625 0.165625 0.3263890625 0.159375 0.3375 0.1510421875 0.3041671875 0.1458328125 0.23888906250000003 0.1583328125 0.16944375 0.1791671875
0 0.2583328125 0.1375 0.215278125 0.1375 0.1361109375 0.1541671875 0.077778125 0.1541671875 0.0486109375 0.1625 0.097221875 0.1729171875 0.15555625 0.1770828125 0.20277812499999998 0.1677078125 0.26944375 0.146875 0.26944375 0.1427078125 0.2583328125 0.1375
0 0.6013890625 0.2229171875 0.6486109375 0.2291671875 0.70694375 0.2302078125 0.7111109375 0.2072921875 0.7013890625 0.1958328125 0.68055625 0.190625 0.6138890625 0.2135421875 0.6013890625 0.2229171875
0 0.9458328125 0.2208328125 0.9208328124999999 0.2177078125 0.9111109374999999 0.21875 0.902778125 0.2322921875 0.9041671875 0.2375 0.9166671875000001 0.24375 0.9236109375 0.24375 0.9291671875 0.2354171875 0.9444437499999999 0.2333328125 0.947221875 0.2291671875 0.9458328125 0.2208328125