1 0.1350515625 0 0.06705625 0.4264859375 0.5463250000000001 0.6475015625 0.9040687500000001 0 0.1350515625 0
1 0.9117515624999999 0 0.5532703125 0.6494390625 0.5536578125 0.6490218750000001 0.9278296875 0.83825 1 0.7606984375 1 0 0.9117515624999999 0
0 0.5229812500000001 0 0.5152171875 0.0384609375 0.5217390625 0.08076875 0.49347812500000005 0.1730765625 0.5 0.21153906249999999 0.48695625 0.25384687499999997 0.467390625 0.2923078125 0.42608750000000006 0.26923125 0.406521875 0.2769234375 0.3782609375 0.4076921875 0.3956515625 0.4269234375 0.4152171875 0.3884609375 0.44347812500000006 0.396153125 0.432609375 0.484615625 0.4586953125 0.503846875 0.45217343750000005 0.5230765625 0.45652187499999997 0.5615390625 0.47608750000000005 0.5769234375 0.4956515625 0.553846875 0.5 0.515384375 0.4913046875 0.4923078125 0.5282609375 0.3923078125 0.682609375 0.057692187500000006 0.6891296875 0.01923125 0.680434375 0 0.5229812500000001 0
1 1 0.7680734375 0.9368328125 0.838534375 1 0.8706437499999999 1 0.7680734375
1 1 0.876584375 0.9271 0.840475 0.77199375 1 1 1 1 0.876584375
1 0.76714375 1 0.920628125 0.8394562499999999 0.5472796875 0.6568953125 0.543034375 0.666703125 0.35990781250000003 1 0.76714375 1
1 0.35447656250000004 1 0.5385609375 0.6530515625 0.062696875 0.43221718750000004 0 0.823871875 0 0.9994078125 0.0017531250000000001 1 0.35447656250000004 1
0 0.3478265625 0.7423078125 0.35217343749999996 0.7384609375 0.35217343749999996 0.73076875 0.3543484375 0.73076875 0.3543484375 0.7076921875 0.35217343749999996 0.7076921875 0.35217343749999996 0.7 0.35 0.7 0.35 0.696153125 0.3478265625 0.696153125 0.3456515625 0.6884609375 0.33695624999999996 0.6884609375 0.33695624999999996 0.684615625 0.330434375 0.684615625 0.330434375 0.6884609375 0.3217390625 0.6884609375 0.3217390625 0.6923078125 0.3152171875 0.6923078125 0.3152171875 0.696153125 0.31087031249999997 0.696153125 0.31087031249999997 0.7076921875 0.3086953125 0.7076921875 0.3086953125 0.7115390625 0.31087031249999997 0.7115390625 0.31304375 0.7269234375 0.3152171875 0.7269234375 0.3152171875 0.73076875 0.31956562499999996 0.73076875 0.3217390625 0.7384609375 0.3260875 0.7384609375 0.3260875 0.7423078125 0.33478281249999997 0.7423078125 0.33478281249999997 0.746153125 0.3478265625 0.746153125 0.3478265625 0.7423078125
0 0.269565625 0.63076875 0.2717390625 0.63076875 0.2739125 0.6230765625 0.282609375 0.61923125 0.282609375 0.615384375 0.2847828125 0.615384375 0.2847828125 0.6115390625 0.2891296875 0.6076921875 0.2891296875 0.6 0.2913046875 0.6 0.2913046875 0.5884609375000001 0.293478125 0.5884609375000001 0.293478125 0.565384375 0.2913046875 0.565384375 0.2913046875 0.5576921875 0.2891296875 0.5576921875 0.2891296875 0.553846875 0.2847828125 0.553846875 0.2847828125 0.55 0.27826093749999997 0.55 0.27826093749999997 0.546153125 0.269565625 0.546153125 0.269565625 0.5423078125 0.2521734375 0.5423078125 0.2521734375 0.546153125 0.25 0.546153125 0.25 0.55 0.24565156250000003 0.553846875 0.24565156250000003 0.5615390625 0.243478125 0.5615390625 0.243478125 0.5769234375 0.2413046875 0.5769234375 0.2413046875 0.5961531250000001 0.243478125 0.5961531250000001 0.243478125 0.6076921875 0.24565156250000003 0.6076921875 0.24565156250000003 0.6115390625 0.2478265625 0.6115390625 0.2478265625 0.615384375 0.25 0.615384375 0.25 0.61923125 0.2521734375 0.61923125 0.2521734375 0.6230765625 0.25434843749999997 0.6230765625 0.256521875 0.63076875 0.2608703125 0.63076875 0.2608703125 0.634615625 0.269565625 0.634615625 0.269565625 0.63076875
0 0.26304375 0.984615625 0.2652171875 0.984615625 0.2652171875 0.98076875 0.269565625 0.9769234375 0.269565625 0.953846875 0.2717390625 0.953846875 0.2717390625 0.934615625 0.269565625 0.934615625 0.269565625 0.93076875 0.26304375 0.93076875 0.26304375 0.934615625 0.25434843749999997 0.9384609375 0.25434843749999997 0.9423078125 0.2521734375 0.9423078125 0.2521734375 0.946153125 0.25 0.946153125 0.2478265625 0.953846875 0.24565156250000003 0.953846875 0.243478125 0.96923125 0.23912968750000002 0.96923125 0.23912968750000002 0.98076875 0.243478125 0.98076875 0.243478125 0.984615625 0.2521734375 0.984615625 0.2521734375 0.9884609375 0.26304375 0.9884609375 0.26304375 0.984615625
0 0.219565625 1 0.219565625 0.984615625 0.22391250000000001 0.9769234375 0.22173906250000003 0.9615390625 0.23043437500000002 0.946153125 0.22826093749999998 0.9115390624999999 0.22173906250000003 0.8923078125 0.2260875 0.8884609375 0.2260875 0.88076875 0.23043437500000002 0.88076875 0.23043437500000002 0.8730765625 0.2347828125 0.8730765625 0.2347828125 0.865384375 0.23912968750000002 0.8615390625 0.23912968750000002 0.8423078125 0.2413046875 0.8423078125 0.2413046875 0.8307687500000001 0.23043437500000002 0.815384375 0.1760875 0.8230765625 0.17173906249999998 0.8307687500000001 0.17173906249999998 0.8423078125 0.1652171875 0.8615390625 0.156521875 0.8615390625 0.15 0.853846875 0.1413046875 0.853846875 0.1413046875 0.8576921875 0.132609375 0.8615390625 0.1347828125 0.8730765625 0.1521734375 0.884615625 0.1543484375 0.8923078125 0.16304375 0.896153125 0.167390625 0.9076921875 0.17173906249999998 0.9076921875 0.1847828125 0.9230765625 0.1847828125 0.934615625 0.18043437499999998 0.9384609375 0.18043437499999998 0.946153125 0.1760875 0.95 0.1760875 0.9576921875 0.17173906249999998 0.965384375 0.17173906249999998 0.984615625 0.1847828125 1 0.217390625 1 0.219565625 1
0 0.4913046875 1 0.4956515625 0.9923078125 0.49782656249999996 0.9769234375 0.5021734375 0.9730765625 0.5021734375 0.965384375 0.506521875 0.965384375 0.51304375 0.953846875 0.51304375 0.946153125 0.517390625 0.9384609375 0.517390625 0.9269234375 0.519565625 0.9269234375 0.519565625 0.915384375 0.5217390625 0.915384375 0.5217390625 0.9038468749999999 0.5239125 0.9038468749999999 0.5217390625 0.86923125 0.532609375 0.853846875 0.5260875 0.8384609375000001 0.5217390625 0.8384609375000001 0.517390625 0.8307687500000001 0.5021734375 0.8269234375 0.5021734375 0.8230765625 0.4891296875 0.8230765625 0.4891296875 0.81923125 0.48478281250000005 0.81923125 0.480434375 0.8269234375 0.480434375 0.834615625 0.4782609375 0.834615625 0.480434375 0.8769234375 0.4913046875 0.8923078125 0.4913046875 0.9 0.4891296875 0.9 0.4891296875 0.915384375 0.48695625 0.915384375 0.48695625 0.9230765625 0.482609375 0.93076875 0.482609375 0.946153125 0.47608750000000005 0.9576921875 0.47391249999999996 0.9730765625 0.469565625 0.9769234375 0.469565625 0.984615625 0.467390625 0.984615625 0.467390625 0.9923078125 0.46521718749999996 0.9923078125 0.46347812499999996 1 0.4913046875 1
0 0.482609375 1 0.482609375 0.996153125 0.4782609375 0.9923078125 0.4782609375 0.9884609375 0.47608750000000005 0.9884609375 0.47608750000000005 0.984615625 0.469565625 0.984615625 0.467390625 0.9923078125 0.46521718749999996 0.9923078125 0.46521718749999996 1 0.482609375 1
0 0.8086953125 0.8115390625 0.81304375 0.8115390625 0.81304375 0.8 0.8108703125 0.8 0.8108703125 0.796153125 0.8065218749999999 0.796153125 0.8065218749999999 0.7923078125 0.7891296875 0.7884609375 0.7891296875 0.7923078125 0.78695625 0.7923078125 0.78695625 0.8115390625 0.7913046875 0.8115390625 0.7913046875 0.815384375 0.8086953125 0.815384375 0.8086953125 0.8115390625
0 0.6478265624999999 0.753846875 0.65 0.753846875 0.65 0.746153125 0.6521734375 0.746153125 0.6521734375 0.7423078125 0.65 0.7423078125 0.65 0.734615625 0.6478265624999999 0.734615625 0.6478265624999999 0.7269234375 0.643478125 0.7269234375 0.643478125 0.71923125 0.63695625 0.71923125 0.63695625 0.7269234375 0.630434375 0.7269234375 0.630434375 0.73076875 0.6282609375 0.73076875 0.6282609375 0.734615625 0.6239125 0.7384609375 0.6239125 0.7423078125 0.6260875 0.7423078125 0.6260875 0.75 0.6282609375 0.75 0.6282609375 0.753846875 0.6347828125 0.753846875 0.6347828125 0.7576921875 0.6478265624999999 0.7576921875 0.6478265624999999 0.753846875
0 0.5891296875 0.86923125 0.5934781250000001 0.86923125 0.5956515625 0.8615390625 0.6 0.8615390625 0.6 0.8576921875 0.6021734375000001 0.8576921875 0.6021734375000001 0.85 0.6043484375 0.85 0.6043484375 0.8423078125 0.606521875 0.8423078125 0.606521875 0.834615625 0.6086953125 0.834615625 0.6086953125 0.8269234375 0.606521875 0.8269234375 0.606521875 0.8230765625 0.6021734375000001 0.8230765625 0.6021734375000001 0.81923125 0.5934781250000001 0.81923125 0.5934781250000001 0.8230765625 0.5913046875 0.8230765625 0.5913046875 0.8269234375 0.58695625 0.8307687500000001 0.58695625 0.8384609375000001 0.5847828125000001 0.8384609375000001 0.5847828125000001 0.8461531250000001 0.582609375 0.8461531250000001 0.582609375 0.86923125 0.5847828125000001 0.86923125 0.5847828125000001 0.8730765625 0.5891296875 0.8730765625 0.5891296875 0.86923125
0 0.4956515625 0.946153125 0.5108703125 0.946153125 0.5108703125 0.9423078125 0.5152171875 0.9384609375 0.51304375 0.884615625 0.5152171875 0.884615625 0.5152171875 0.8730765625 0.517390625 0.8730765625 0.517390625 0.86923125 0.519565625 0.86923125 0.519565625 0.865384375 0.5239125 0.8615390625 0.5239125 0.85 0.5217390625 0.85 0.519565625 0.8423078125 0.5021734375 0.8423078125 0.5021734375 0.8461531250000001 0.4956515625 0.8461531250000001 0.4956515625 0.85 0.4913046875 0.853846875 0.4913046875 0.865384375 0.49347812500000005 0.865384375 0.49347812500000005 0.86923125 0.4956515625 0.86923125 0.4956515625 0.8730765625 0.5 0.8769234375 0.5 0.8923078125 0.5021734375 0.8923078125 0.5 0.915384375 0.49782656249999996 0.915384375 0.49782656249999996 0.9192312499999999 0.4956515625 0.9192312499999999 0.4956515625 0.9230765625 0.4913046875 0.9269234375 0.4913046875 0.934615625 0.4891296875 0.934615625 0.4891296875 0.9423078125 0.48695625 0.9423078125 0.48695625 0.946153125 0.4913046875 0.946153125 0.4913046875 0.95 0.4956515625 0.95 0.4956515625 0.946153125
0 0.6891296875 1 0.6891296875 0.996153125 0.6956515624999999 0.9923078125 0.6956515624999999 0.98076875 0.682609375 0.9769234375 0.682609375 0.9423078125 0.680434375 0.9423078125 0.680434375 0.934615625 0.6760875000000001 0.934615625 0.6760875000000001 0.93076875 0.6717390625 0.93076875 0.6717390625 0.9269234375 0.667390625 0.9269234375 0.667390625 0.9230765625 0.66304375 0.9192312499999999 0.66304375 0.8923078125 0.6652171874999999 0.8923078125 0.667390625 0.8730765625 0.6695656249999999 0.8730765625 0.6717390625 0.8615390625 0.6695656249999999 0.8615390625 0.667390625 0.853846875 0.66304375 0.853846875 0.66304375 0.85 0.65 0.8423078125 0.65 0.8384609375000001 0.6391296875 0.8384609375000001 0.6391296875 0.8423078125 0.6347828125 0.8423078125 0.6347828125 0.8615390625 0.63695625 0.8615390625 0.63695625 0.9 0.6391296875 0.9 0.6413046875 0.915384375 0.6543484375 0.934615625 0.6565218749999999 0.9576921875 0.6586953125 0.9576921875 0.6586953125 0.965384375 0.6608703125 0.965384375 0.6608703125 0.9884609375 0.6586953125 0.9884609375 0.6586953125 0.996153125 0.6478265624999999 1 0.6847828125000001 1 0.6891296875 1
0 0.9130437499999999 0.9576921875 0.917390625 0.953846875 0.917390625 0.9423078125 0.919565625 0.9423078125 0.919565625 0.934615625 0.9086953125000001 0.934615625 0.9086953125000001 0.9384609375 0.9043484375 0.9384609375 0.9043484375 0.9423078125 0.9 0.946153125 0.9 0.9576921875 0.9086953125000001 0.9576921875 0.9086953125000001 0.9615390625 0.9130437499999999 0.9615390625 0.9130437499999999 0.9576921875
0 0.93695625 1 0.932609375 0.996153125 0.932609375 0.98076875 0.9260875000000001 0.9769234375 0.9239124999999999 0.96923125 0.9086953125000001 0.965384375 0.9043484375 0.9730765625 0.8956515625 0.9730765625 0.8956515625 0.9769234375 0.8695656250000001 0.9769234375 0.8695656250000001 0.98076875 0.8543484375 0.984615625 0.8543484375 0.9884609375 0.8456515625 0.9884609375 0.8456515625 0.9923078125 0.832609375 0.9923078125 0.832609375 0.996153125 0.8282609375 0.996153125 0.8260875000000001 1 0.93695625 1