1 0 0.7093406250000001 0.5915859375 0.8637671875 0.9397359375000001 0.6344000000000001 0.34464843749999996 0.2037984375 0 0.68624375 0 0.7093406250000001
1 0.4920890625 0 0.35823125 0.1910375 0.9504078125 0.621390625 1 0.5879703125 1 0 0.4920890625 0
1 0.39149531249999997 1 0.5846734375 0.8661703125000001 0 0.71751875 0 0.98650625 0.149053125 1 0.39149531249999997 1
1 0 0.6820328124999999 0.3040546875 0.2566765625 0 0.0530765625 0 0.6820328124999999
1 0 0 0 0.032784375 0.3118140625 0.245975 0.488175 0 0 0
0 0.20149218750000003 0.51639375 0.25074687500000004 0.4651640625 0.2791046875 0.44877031250000005 0.295521875 0.42008124999999996 0.33283593749999996 0.4118859375 0.40447812499999997 0.415984375 0.5283578125 0.4631140625 0.6626859375 0.475409375 0.6865671875 0.46721250000000003 0.6477609375 0.4323765625 0.56865625 0.383196875 0.4477609375 0.29098437499999996 0.42388125 0.2807375 0.4 0.256146875 0.3671640625 0.2520484375 0.3447765625 0.258196875 0.3283578125 0.288934375 0.2835828125 0.3319671875 0.15373125 0.508196875 0.141790625 0.54508125 0.1597015625 0.5553281250000001 0.1910453125 0.54713125 0.20149218750000003 0.51639375
0 0 0.7064078125 0.014924999999999999 0.7213109375 0.1134328125 0.7459015625000001 0.16119375 0.743853125 0.219403125 0.758196875 0.24626874999999998 0.756146875 0.25074687500000004 0.75 0.249253125 0.727459375 0.2283578125 0.6987703125 0.1776125 0.67213125 0.0373140625 0.67213125 0.011940625 0.7008203125 0 0.7044625 0 0.7064078125
0 0.526865625 0 0.40298437500000006 0.17008125000000002 0.4014921875 0.1823765625 0.4179109375 0.20286875000000001 0.5611937499999999 0.319671875 0.634328125 0.368853125 0.6597015625 0.368853125 0.711940625 0.39549218750000004 0.7417906249999999 0.381146875 0.7716421875 0.352459375 0.7776125 0.3381140625 0.53134375 0.11065624999999998 0.5402984375 0.07786875 0.5656718749999999 0.0881140625 0.5611937499999999 0.08196718750000001 0.5641796875 0.05532812499999999 0.573134375 0.05532812499999999 0.57015 0.08196718750000001 0.588059375 0.1065578125 0.5970156249999999 0.1045078125 0.595521875 0.0942625 0.5835828125 0.0881140625 0.5865671875 0.0758203125 0.5985078125000001 0.06762343750000001 0.5940296875 0.051229687499999996 0.611940625 0.0737703125 0.6238812499999999 0.0758203125 0.6358203125 0.0594265625 0.6358203125 0 0.526865625 0
0 0 0.2180515625 0.0402984375 0.23565624999999998 0.0447765625 0.24180312499999998 0.0373140625 0.2540984375 0.0402984375 0.2622953125 0.095521875 0.2827875 0.1208953125 0.3176234375 0.1776125 0.350409375 0.16865625 0.36065625 0.1716421875 0.383196875 0.21044843750000003 0.3442625 0.241790625 0.29508125 0.26119375 0.27663906250000003 0.26865625 0.256146875 0 0.08763593750000001 0 0.2180515625
0 0 0.7804453125 0.011940625 0.7827875 0.07015 0.7704921875 0.0835828125 0.7807375000000001 0.1104484375 0.7786890625 0.12238750000000001 0.7930328125 0.14029843749999998 0.7827875 0.15373125 0.7602453125 0.0776125 0.7397546875 0.022387499999999998 0.73565625 0.002984375 0.7213109375 0 0.721896875 0 0.7804453125
0 0 0.9677312499999999 0.0415734375 0.96446875 0.057096875000000005 0.9579078125 0.058290625 0.9415093750000001 0.0535140625 0.9316703125 0.043960937500000005 0.9218296875 0.0403796875 0.9119906249999999 0.0427671875 0.90543125 0.0642609375 0.90543125 0.07620312500000001 0.90543125 0.08695 0.898871875 0.08814374999999999 0.890671875 0.08695 0.8841125 0.0642609375 0.88083125 0.030826562499999998 0.882471875 0 0.8737484375 0 0.9677312499999999
0 0.000946875 0 0.0081375 0.0084640625 0.0248546875 0.0215828125 0.057096875000000005 0.0363421875 0.08695 0.054381250000000006 0.13352031250000002 0.10029999999999999 0.1812859375 0.12981875 0.215915625 0.1560578125 0.254128125 0.1773765625 0.28398124999999996 0.187215625 0.31622343750000004 0.1675359375 0.332940625 0.149496875 0.3496578125 0.12161875 0.332940625 0.093740625 0.2887578125 0.064221875 0.25532187500000003 0.042903125 0.22546875000000002 0.0314234375 0.19561562500000002 0.01174375 0.193228125 0.01174375 0.17729375 0 0.000946875 0