1 0 0.4872671875 0.0324046875 0.483415625 0.0123328125 0.309665625 0 0.3124515625 0 0.4872671875
1 0 0.9223375 0.089534375 0.9002609375 0.035493750000000004 0.48210312499999997 0 0.48697656250000004 0 0.9223375
1 0.09616406250000001 1 0.08335781249999999 0.9048937499999999 0 0.9274703125 0 1 0.09616406250000001 1
1 0 0.217078125 0.0138765625 0.31193125 0.2532 0.29455624999999996 0.191084375 0.206378125 0 0.216946875 0 0.217078125
1 0.040125 0.484521875 0.36219999999999997 0.44568125 0.25165625 0.2933984375 0.0138765625 0.3096140625 0.040125 0.484521875
1 0.095709375 0.901521875 0.6175890625 0.7822125 0.3659140625 0.4451390625 0.0432125 0.4868390625 0.095709375 0.901521875
1 0.7863125 1 0.6144999999999999 0.78326875 0.0972546875 0.90141875 0.1146015625 1 0.7863125 1
1 0.466275 0.2807078125 0.3659140625 0.2031 0.1898953125 0.206575 0.25474375 0.29345 0.466275 0.2807078125
1 0.3659140625 0.4428734375 0.6388140625000001 0.41287343749999994 0.466275 0.2772328125 0.2501125 0.2911328125 0.3659140625 0.4428734375
1 1 0.6856375 0.6407484375 0.41275781250000004 0.36436875 0.4428734375 0.6191328125 0.7799484375 1 0.6967046875 1 0.6856375
1 1 0.697259375 0.6222203125 0.782059375 0.7883875 1 1 1 1 0.697259375
1 0.6509828125 0.265440625 0.5172234375 0.192171875 0.3630171875 0.200884375 0.46871718749999997 0.2796734375 0.6509828125 0.265440625
1 0.642175 0.41234374999999995 0.8763046875 0.3852625 0.6543703125 0.265440625 0.4660078125 0.2811984375 0.642175 0.41234374999999995
1 1 0.447421875 0.8792296875 0.3848359375 0.642246875 0.413946875 1 0.6819609375 1 0.447421875
1 0.82518125 0.25284375 0.657665625 0.18547031249999998 0.516134375 0.19254218750000002 0.652640625 0.266359375 0.82518125 0.25284375
1 1 0.3223515625 0.8217156250000001 0.251284375 0.6505625 0.2668796875 0.8792296875 0.3843625 1 0.3693171875 1 0.3223515625
1 1 0.368703125 0.884015625 0.385103125 1 0.4476640625 1 0.368703125
1 0.9799421875000001 0.23932812499999997 0.7916328125 0.177675 0.6570375 0.1852640625 0.8198765625 0.2518046875 0.9799421875000001 0.23932812499999997
1 1 0.24525000000000002 0.9785578125000001 0.23828749999999999 0.8198765625 0.2518046875 1 0.3247421875 1 0.24525000000000002
1 1 0.1966609375 0.9196578125 0.1717484375 0.7907734375000001 0.17850625 0.9785578125000001 0.2388078125 1 0.237853125 1 0.1966609375
1 1 0.16528281250000001 0.92589375 0.170709375 1 0.19512968749999998 1 0.16528281250000001
0 0.49893906250000003 1 0.4952875 0.9900390625 0.496571875 0.9852187499999999 0.50085625 0.981684375 0.500428125 0.9781484375 0.49614375 0.9733296875 0.488003125 0.9723656249999999 0.478578125 0.9759 0.475578125 0.981040625 0.4807203125 0.9842546875 0.48500468750000003 0.99068125 0.48843125 0.99293125 0.4910234375 1 0.49893906250000003 1
0 0.28285625 0.7907140625 0.2870140625 0.796953125 0.2897859375 0.803190625 0.2953296875 0.8172265624999999 0.2953296875 0.8182656250000001 0.296021875 0.8187859375000001 0.30641562499999997 0.8359406249999999 0.30988125 0.838540625 0.3181953125 0.838540625 0.3216609375 0.8380203125 0.3341328125 0.838540625 0.34591249999999996 0.839059375 0.3604640625 0.8328218749999999 0.3770953125 0.829703125 0.3867953125 0.826584375 0.39718906249999997 0.8255437499999999 0.3978828125 0.820865625 0.39511093750000004 0.8151468749999999 0.3923390625 0.80475 0.390953125 0.7979921875 0.38818125000000003 0.7917546875 0.38194531249999997 0.784996875 0.37848125 0.77148125 0.3770953125 0.7657625 0.375709375 0.7631640625 0.3743234375 0.7569250000000001 0.380559375 0.7527671875 0.390953125 0.7548453125 0.3923390625 0.7558859375 0.39926875 0.758484375 0.4055046875 0.7616031249999999 0.41382031250000006 0.7725203125 0.42005625 0.7834375 0.4262921875 0.7933140625 0.433915625 0.8005921875 0.4401515625 0.8078687499999999 0.44915937499999997 0.8125484374999999 0.47271875 0.8094296875 0.47133281250000003 0.8068296875 0.47202656249999997 0.806309375 0.47202656249999997 0.8005921875 0.47341249999999996 0.7979921875 0.47479843749999995 0.7907140625 0.47271875 0.7860359375 0.46856093750000005 0.7787578125 0.46648281249999995 0.7766796874999999 0.46093906249999994 0.7746000000000001 0.460246875 0.76888125 0.4616328125 0.767321875 0.46509687499999997 0.7621234375 0.46856093750000005 0.7558859375 0.47133281250000003 0.7532859375000001 0.46994687500000004 0.7501671875 0.4657890625 0.7470484374999999 0.46093906249999994 0.7470484374999999 0.4533171875 0.749128125 0.4477734375 0.7439296875 0.444309375 0.7387312500000001 0.4415375 0.73613125 0.438765625 0.7309328125000001 0.438765625 0.724175 0.4415375 0.7137781249999999 0.44361562499999996 0.7065015625 0.44361562499999996 0.6992234374999999 0.44084375 0.692465625 0.4297578125 0.69090625 0.42213593749999995 0.7007828125 0.422828125 0.7096203125 0.41659218750000004 0.7163781250000001 0.411740625 0.71481875 0.39926875 0.71221875 0.38887499999999997 0.7091000000000001 0.3840234375 0.7091000000000001 0.38333125 0.7091000000000001 0.3743234375 0.7153375 0.3639296875 0.7205359375 0.3479921875 0.72105625 0.333440625 0.7231359375 0.3320546875 0.724175 0.328590625 0.7278140625 0.316809375 0.7330125 0.307109375 0.72989375 0.30641562499999997 0.7168984375 0.3050296875 0.7085796875 0.3050296875 0.6971437500000001 0.30988125 0.6877875 0.30641562499999997 0.6794687500000001 0.31265312500000003 0.671671875 0.30572343750000003 0.663875 0.27592656249999997 0.65815625 0.26691875 0.65815625 0.25721875 0.66439375 0.2502890625 0.674790625 0.2502890625 0.6799890625 0.25375312499999997 0.6945453125000001 0.25999062500000003 0.7002625 0.269690625 0.7039015625 0.269690625 0.70598125 0.270384375 0.710659375 0.2745421875 0.7189765625 0.27592656249999997 0.72365625 0.27800625 0.7335328125 0.27800625 0.7444484375 0.2766203125 0.7512078125 0.27592656249999997 0.7605640625000001 0.2766203125 0.77148125 0.280084375 0.781878125 0.28285625 0.7907140625
0 0.7552796875000001 1 0.730934375 0.9662593749999999 0.722365625 0.9572625 0.7163671875000001 0.9466578125 0.6872328125 0.906490625 0.6752359375 0.8987796875 0.6662375 0.888175 0.6516703125000001 0.866003125 0.6379609375 0.8489718749999999 0.640103125 0.8409390625000001 0.6263921875 0.824228125 0.62425 0.8187656249999999 0.6139671875 0.8046265625 0.6053984375 0.79884375 0.6002578125 0.79884375 0.58311875 0.8036625000000001 0.5809765625 0.8017359374999999 0.578834375 0.79434375 0.57455 0.7933796875 0.562125 0.800771875 0.56126875 0.8088046875 0.562553125 0.8107328125000001 0.5728359375000001 0.8142671874999999 0.603684375 0.8480078125 0.6062546875 0.8528281249999999 0.6143953125 0.856684375 0.616109375 0.8534703125 0.611825 0.8489718749999999 0.6101109375 0.8441515624999999 0.5976859375 0.831940625 0.5856890625 0.8171593749999999 0.5792625 0.8123390625000001 0.5792625 0.8084828125 0.5809765625 0.8071984375 0.5844046875 0.8071984375 0.59554375 0.8139453124999999 0.5998281249999999 0.824871875 0.6182515625 0.8464015625 0.6302484374999999 0.8663234375 0.647815625 0.88431875 0.6735218749999999 0.91934375 0.685946875 0.9309125 0.6910875 0.938625 0.72279375 0.9714015625 0.7440875 1 0.7552796875000001 1
0 0.26006874999999996 0.52024375 0.26478125 0.518959375 0.269065625 0.5205656249999999 0.27720625 0.52024375 0.2797765625 0.5234578125 0.2862046875 0.5253859375000001 0.28963125 0.5311703125 0.296915625 0.5356687499999999 0.302484375 0.5456296875 0.3033421875 0.5520562499999999 0.30676875 0.559446875 0.31448125 0.569409375 0.3170515625 0.5755140625 0.32690625 0.5867609375 0.352184375 0.5867609375 0.352184375 0.5825828125 0.3500421875 0.5812984375 0.350471875 0.5729437500000001 0.34832968750000004 0.571015625 0.347471875 0.5559125 0.34875781250000004 0.5523781249999999 0.3496140625 0.5562343750000001 0.352184375 0.5575187500000001 0.352184375 0.5530203124999999 0.34832968750000004 0.5514140624999999 0.347471875 0.5472359375 0.352184375 0.5475578125 0.352184375 0.5398453125 0.3461875 0.5379171875 0.33633281249999997 0.5379171875 0.3333328125 0.535346875 0.33076249999999996 0.5359890625 0.33033437499999996 0.5289203125 0.32305 0.522815625 0.314909375 0.511246875 0.3119109375 0.5096406250000001 0.3084828125 0.5 0.30419843750000003 0.49807187500000005 0.29905781249999996 0.49164531250000004 0.2823484375 0.4893953125 0.272921875 0.49293125 0.26778124999999997 0.49293125 0.26478125 0.49100312500000004 0.26092499999999996 0.49068125 0.24635781250000002 0.4935734375 0.23650312499999998 0.4993578125 0.23521874999999998 0.5044984375 0.2369328125 0.511246875 0.24035937500000001 0.5138171875 0.25535625 0.5176734374999999 0.26006874999999996 0.52024375
0 0.1394203125 0.439915625 0.14565625 0.439396875 0.148428125 0.43679687500000003 0.1498140625 0.43523750000000005 0.1505078125 0.43159843750000004 0.1525859375 0.42951875 0.1602078125 0.43367812499999997 0.1622875 0.43367812499999997 0.165059375 0.427440625 0.16436562500000002 0.42172187499999997 0.1622875 0.41704375000000005 0.1609015625 0.415484375 0.158821875 0.41080468750000004 0.153278125 0.3998890625 0.14912187500000001 0.39936875 0.138728125 0.39936875 0.13110468749999998 0.4004078125 0.1255625 0.40092812499999997 0.11863281249999999 0.40196875 0.109625 0.40508749999999993 0.10615937499999999 0.40716562500000003 0.10061562500000001 0.40924531249999996 0.0978453125 0.411325 0.0971515625 0.41288437499999997 0.095765625 0.41808281249999996 0.095765625 0.4243203125 0.0943796875 0.42795937500000003 0.09299375 0.4341984375 0.0950734375 0.44251562499999997 0.0971515625 0.44719375 0.0992296875 0.4503125 0.10061562500000001 0.4555109375 0.1026953125 0.46382812500000004 0.10546718749999999 0.46590781249999996 0.10546718749999999 0.470846875 0.10615937499999999 0.47214687499999997 0.11101093749999999 0.47370625000000005 0.1179390625 0.47370625000000005 0.1290265625 0.47006718750000004 0.12971875 0.466428125 0.12185625 0.463484375 0.12001875 0.4596703125 0.11932499999999999 0.4549921875 0.11932499999999999 0.4508328125 0.11932499999999999 0.44927343750000004 0.11932499999999999 0.4466734375 0.11932499999999999 0.4445953125 0.1241765625 0.44303593750000003 0.1241765625 0.4419953125 0.1262546875 0.4378375 0.127640625 0.43627656249999996 0.1317984375 0.43887656249999996 0.1394203125 0.439915625
0 0.25375312499999997 0.3495109375 0.2447453125 0.352109375 0.2419734375 0.3526296875 0.23157968750000002 0.3557484375 0.22326406250000003 0.3567875 0.221878125 0.3573078125 0.20802031250000003 0.3604265625 0.206634375 0.36198593749999997 0.1969328125 0.3661453125 0.1976265625 0.37134375 0.20524843750000002 0.372903125 0.21910781250000003 0.376021875 0.22534375 0.3765421875 0.23573750000000002 0.378621875 0.23989531249999999 0.378621875 0.2447453125 0.37758125 0.2530609375 0.3723828125 0.2586046875 0.36770468749999996 0.259296875 0.367184375 0.2586046875 0.3635453125 0.2655328125 0.3635453125 0.27315625 0.3635453125 0.27800625 0.3635453125 0.28285625 0.364065625 0.2877078125 0.3635453125 0.28355 0.3583484375 0.2793921875 0.3567875 0.2766203125 0.35418906250000004 0.2738484375 0.352109375 0.264146875 0.34743124999999997 0.26068281249999997 0.3479515625 0.25375312499999997 0.3495109375
0 0.1414984375 0.376021875 0.13595625 0.367184375 0.132490625 0.365625 0.11932499999999999 0.360946875 0.11516718749999999 0.3557484375 0.12486875 0.352109375 0.1304125 0.3510703125 0.1366484375 0.3463921875 0.1421921875 0.3422328125 0.15605 0.34379218749999996 0.159515625 0.34379218749999996 0.16159375 0.343271875 0.1574359375 0.3365140625 0.1505078125 0.3333953125 0.1401125 0.330796875 0.1214046875 0.32923749999999996 0.109625 0.328196875 0.096459375 0.3255984375 0.0846796875 0.322478125 0.0756703125 0.321959375 0.059040625 0.328196875 0.056962500000000006 0.331315625 0.0548828125 0.3417125 0.06111875 0.342753125 0.0687421875 0.3422328125 0.08028437499999999 0.3392 0.08259999999999999 0.343271875 0.08329375 0.34743124999999997 0.08329375 0.35418906250000004 0.08329375 0.3583484375 0.085371875 0.36822499999999997 0.090915625 0.37134375 0.10338750000000001 0.3749828125 0.1262546875 0.3812203125 0.138728125 0.3827796875 0.1421921875 0.379140625 0.1414984375 0.376021875
0 0.1695625 0.6374546875 0.17129531250000002 0.639534375 0.174759375 0.6452515625 0.1761453125 0.6468125 0.17961093749999998 0.65305 0.17891718750000002 0.657209375 0.178225 0.660328125 0.17891718750000002 0.6639671875000001 0.185846875 0.65616875 0.18861875 0.6468125 0.1927765625 0.6431734375 0.201784375 0.6436921875 0.21009843749999998 0.645771875 0.2135640625 0.6436921875 0.21425624999999998 0.64109375 0.2135640625 0.6384937500000001 0.2107921875 0.6358953125 0.2038625 0.63225625 0.19485468749999998 0.6312171875 0.1893109375 0.6312171875 0.18238125 0.6317359375 0.1768390625 0.6327765624999999 0.1695625 0.6374546875
0 0.19346875 0.3157203125 0.18861875 0.319359375 0.19346875 0.325078125 0.19346875 0.32923749999999996 0.1920828125 0.32975625000000003 0.188834375 0.33357187499999996 0.1927765625 0.333915625 0.1976265625 0.333915625 0.206634375 0.333915625 0.211484375 0.332875 0.217028125 0.3287171875 0.2184140625 0.3261171875 0.217721875 0.3240390625 0.211484375 0.322478125 0.20732656249999998 0.3214390625 0.2031703125 0.3183203125 0.19831875000000002 0.3167609375 0.19346875 0.3157203125
0 0.358925 0.46946875 0.36235625 0.4712703125 0.367503125 0.47564687499999997 0.375053125 0.48362812499999996 0.381571875 0.4908359375 0.395984375 0.5149890625 0.424809375 0.5546328125 0.44917187500000005 0.58835625 0.4773109375 0.62645625 0.481771875 0.6318390625 0.4828 0.637759375 0.4893203125 0.645225 0.49789843749999996 0.65758125 0.5037328125 0.6678796874999999 0.5126546875 0.67920625 0.517115625 0.684096875 0.5253515625 0.6861453125 0.5263796875 0.682540625 0.3561796875 0.44910937500000003 0.2983484375 0.45430624999999997 0.2992171875 0.45994375 0.299903125 0.46071718749999996 0.3033359375 0.46277656250000004 0.3101984375 0.46329062499999996 0.3153453125 0.46277656250000004 0.32015 0.46251875 0.3349046875 0.462003125 0.33765 0.462003125 0.342796875 0.46251875 0.3524046875 0.4630328125 0.3544640625 0.4650921875 0.358925 0.46946875
0 0.439221875 0.4828328125 0.44196562500000003 0.48669375 0.445740625 0.48926875000000003 0.4484859375 0.49287187499999996 0.4519171875 0.49570468749999996 0.45878125000000003 0.49905 0.4611828125 0.49956562499999996 0.47079062499999996 0.50703125 0.47971250000000004 0.5193875 0.4896640625 0.5286546875 0.49755625 0.5428015625 0.49343906249999997 0.5482078125000001 0.5040765625 0.551040625 0.5126546875 0.5613374999999999 0.520546875 0.5708624999999999 0.523978125 0.5711203125 0.5263796875 0.5803875 0.5322140625 0.588859375 0.5256937500000001 0.5978687500000001 0.5318703124999999 0.5981265625 0.5373609375 0.5924640625 0.5462828125 0.603790625 0.5589796875 0.6164046875 0.5733921875 0.6295328125 0.583 0.6375140625 0.5908921874999999 0.6436921875 0.5984406250000001 0.6431765625 0.6056468749999999 0.6375140625 0.605990625 0.6333953125 0.60393125 0.6305625 0.46529999999999994 0.47973125000000005 0.45843749999999994 0.479475 0.453290625 0.47818750000000004 0.44985937500000006 0.47612812499999996 0.45020156250000004 0.47226718749999996 0.4478 0.4689203125 0.44025 0.465315625 0.43578906249999994 0.4622265625 0.43441718749999997 0.45887968749999997 0.43441718749999997 0.4565625 0.43270156249999997 0.4534734375 0.4275546875 0.4509 0.42034843750000006 0.44652343749999995 0.417259375 0.44472187500000004 0.4169171875 0.4408703125 0.3769796875 0.44744375 0.3935828125 0.46893124999999997 0.4007890625 0.46712968750000006 0.4062796875 0.4761390625 0.4097109375 0.4820609375 0.41657343750000003 0.49184218749999997 0.42069062500000004 0.48823906250000004 0.41245624999999997 0.47279218749999996 0.42103437499999996 0.47305 0.42069062500000004 0.46635625 0.42892656249999994 0.475109375 0.43510312500000003 0.4781984375 0.439221875 0.4828328125
0 0 0.4848734375 0.0010109375000000001 0.4858203125 0.004928125 0.4858203125 0.009964062499999999 0.4854015625 0.007165625 0.47532500000000005 0.0054875 0.46986718749999995 0.0038078124999999996 0.461890625 0.0038078124999999996 0.45559374999999996 0.0032484375000000005 0.44929687500000004 0.0021296875 0.4450984375 0 0.439346875 0 0.4848734375
0 0.026192187500000002 0.46105156249999996 0.025320312499999997 0.46090625 0.014440625000000002 0.461471875 0.0110828125 0.4648296875 0.012203124999999999 0.4673484375 0.013881250000000001 0.47238749999999996 0.015559375 0.47532500000000005 0.0183578125 0.47784375 0.0250734375 0.4782640625 0.0312296875 0.474065625 0.0340265625 0.46818906250000003 0.0306703125 0.4648296875 0.02843125 0.46273125000000004 0.026192187500000002 0.46105156249999996
0 0.1397953125 0.249759375 0.14103749999999998 0.2516234375 0.1463203125 0.2569859375 0.1519140625 0.25861718749999996 0.1556421875 0.25861718749999996 0.15377812500000002 0.25465468750000003 0.151603125 0.250925 0.15067031250000001 0.2488265625 0.14756249999999999 0.24393125000000002 0.1453875 0.2376375 0.1453875 0.23530625 0.1447671875 0.23367343749999997 0.14228125 0.23064374999999998 0.1397953125 0.22854531250000001 0.13389062499999999 0.22551562500000003 0.12643437500000002 0.2245828125 0.1279875 0.22201875000000001 0.12891875 0.220153125 0.125190625 0.21852187500000003 0.1205296875 0.2187546875 0.114315625 0.2194546875 0.10716875 0.2206203125 0.104371875 0.22131875 0.10343906249999998 0.2210859375 0.106546875 0.22807968750000002 0.120840625 0.2290125 0.1217734375 0.22924531250000002 0.12425781250000001 0.23064374999999998 0.1304734375 0.234140625 0.13420156249999998 0.2376375 0.13699843750000001 0.2418328125 0.138240625 0.24486406249999998 0.1388625 0.2464953125 0.1397953125 0.249759375
0 0.125190625 0.2770328125 0.1258125 0.2763328125 0.12767656249999998 0.274934375 0.1323375 0.272603125 0.1310953125 0.2714375 0.1279875 0.2712046875 0.12456875 0.2714375 0.119596875 0.2714375 0.113071875 0.271671875 0.11369375 0.2761 0.1171125 0.2833265625 0.11742187500000001 0.28705625 0.11742187500000001 0.28752187500000004 0.12021875 0.29405000000000003 0.1206109375 0.2978640625 0.123015625 0.29917812499999996 0.1248796875 0.2977796875 0.1261234375 0.2954484375 0.1261234375 0.295215625 0.12674375 0.2919515625 0.12674375 0.29078593750000004 0.1261234375 0.28705625 0.1258125 0.2856578125 0.1248796875 0.283559375 0.12456875 0.280296875 0.125190625 0.2770328125
0 0.2604375 0.27337656250000003 0.2604375 0.2721453125 0.2604375 0.269890625 0.25715625000000003 0.2678390625 0.25387499999999996 0.26804375 0.25032187499999997 0.2684546875 0.24731406250000001 0.2694796875 0.245946875 0.26968437500000003 0.24403437499999997 0.26968437500000003 0.24184687500000002 0.2721453125 0.24239375000000002 0.272965625 0.245128125 0.27542656249999997 0.245946875 0.2760421875 0.2478609375 0.27706875000000003 0.24950156250000002 0.27706875000000003 0.2511421875 0.2768625 0.2552421875 0.2766578125 0.2585234375 0.2766578125 0.2604375 0.2760421875 0.2604375 0.27337656250000003
0 0.325228125 0.23297343750000002 0.3244078125 0.2323578125 0.32249374999999997 0.23215312500000002 0.3205796875 0.2315375 0.3194859375 0.2309234375 0.31839375 0.2309234375 0.3178671875 0.23324531249999997 0.31894062500000003 0.2362546875 0.3200328125 0.2385109375 0.3214 0.2391265625 0.3244078125 0.2395359375 0.3279609375 0.240971875 0.3290546875 0.24138281250000002 0.3312421875 0.2397421875 0.33206250000000004 0.238921875 0.3323359375 0.23728125000000003 0.32878124999999997 0.2362546875 0.3260484375 0.23420468749999998 0.325228125 0.23297343750000002
0 0.344090625 0.23830625 0.3449109375 0.2397421875 0.347253125 0.23990781249999998 0.349284375 0.2401515625 0.352565625 0.2407671875 0.353659375 0.2407671875 0.355846875 0.2405625 0.35721250000000004 0.239946875 0.3574859375 0.23810156249999997 0.3531125 0.23728125000000003 0.3495578125 0.23584531250000002 0.3460046875 0.235434375 0.344090625 0.2356390625 0.3432703125 0.23748593750000002 0.344090625 0.23830625
0 0.41024843750000006 0.238715625 0.40997500000000003 0.23748593750000002 0.40642187500000004 0.23728125000000003 0.40122656250000005 0.237075 0.39740000000000003 0.237075 0.39111250000000003 0.237075 0.3859171875 0.237075 0.37635 0.23769062500000002 0.3755296875 0.23769062500000002 0.37224843750000003 0.238715625 0.370609375 0.23933125 0.36896874999999996 0.24199687499999997 0.370609375 0.24281718749999998 0.3755296875 0.24343281249999998 0.3777171875 0.24425312500000002 0.3812703125 0.24548437500000003 0.38427812499999997 0.24794531250000001 0.39001874999999997 0.249175 0.39220625 0.2467140625 0.3938453125 0.24384375 0.3954859375 0.24199687499999997 0.3987671875 0.24117656250000002 0.4050546875 0.2405625 0.40915468749999995 0.2401515625 0.41024843750000006 0.238715625
0 0.3956953125 0.372534375 0.3910078125 0.37224218750000004 0.3906171875 0.37224218750000004 0.3882734375 0.37429375 0.3882734375 0.3772234375 0.3882734375 0.38015468750000003 0.3890546875 0.383671875 0.3925703125 0.386309375 0.39335156250000003 0.38806875 0.3937421875 0.39187812499999997 0.3945234375 0.3939296875 0.3949140625 0.39627500000000004 0.398821875 0.3983265625 0.40116562499999997 0.3983265625 0.40311874999999997 0.397153125 0.40217656249999995 0.39316249999999997 0.4039 0.3895328125 0.40819687499999996 0.386603125 0.41014999999999996 0.386603125 0.41366718750000003 0.38748125 0.41757343750000003 0.3886546875 0.4187453125 0.387775 0.41640156250000004 0.38484375000000004 0.41249531250000004 0.3819125 0.4085875 0.380740625 0.40780625 0.3804484375 0.40155624999999995 0.3757578125 0.3956953125 0.372534375
0 0.346471875 0.3552421875 0.346471875 0.3528984375 0.34490937499999996 0.3517265625 0.33982968750000003 0.3514328125 0.3355328125 0.3517265625 0.33279843750000004 0.35201875 0.325375 0.35348437499999996 0.32146875 0.35201875 0.321078125 0.35348437499999996 0.321859375 0.356415625 0.323421875 0.35788125000000004 0.324984375 0.35817343749999997 0.3296734375 0.35817343749999997 0.3316265625 0.35788125000000004 0.3351421875 0.3570015625 0.3370953125 0.3567078125 0.342175 0.35612187500000003 0.346471875 0.3552421875
0 0.4421859375 0.3666734375 0.435153125 0.3666734375 0.430075 0.369896875 0.432028125 0.37224218750000004 0.4347625 0.37517187500000004 0.43827812499999996 0.3772234375 0.4402328125 0.3760515625 0.4421859375 0.37429375 0.4460921875 0.374 0.4460921875 0.3719484375 0.4460921875 0.3690171875 0.44374843750000004 0.367259375 0.4421859375 0.3666734375
0 0.43827812499999996 0.30805625000000003 0.4410140625 0.312159375 0.44374843750000004 0.3133328125 0.44547187499999996 0.3113734375 0.45038906250000005 0.31098750000000003 0.45625 0.31274531250000004 0.459765625 0.31274531250000004 0.4609375 0.31069375 0.46171875 0.306884375 0.45859375 0.30424687499999997 0.45546875 0.3019015625 0.4519515625 0.30131562500000003 0.4488265625 0.3007296875 0.44531093750000006 0.30131562500000003 0.4410140625 0.30278125 0.43827812499999996 0.30805625000000003
0 0.48320625 0.3130390625 0.489846875 0.3156765625 0.49140937500000004 0.31772812500000003 0.49766093749999996 0.3215390625 0.5007859375 0.323296875 0.5043015625 0.326228125 0.5070359375 0.32769375 0.5101625000000001 0.3297453125 0.515240625 0.33296875 0.51875625 0.3347265625 0.5226640625 0.3376578125 0.5250078125 0.3388296875 0.5281328125 0.3402953125 0.5332109375 0.339709375 0.5332109375 0.33795156249999997 0.5269609375 0.33502031250000003 0.5238359375 0.33296875 0.520709375 0.3300375 0.5195375 0.3282796875 0.516803125 0.32534843750000003 0.510553125 0.32183125 0.509771875 0.32183125 0.5035203125 0.3183140625 0.4992234375 0.3162625 0.49336250000000004 0.31274531250000004 0.489846875 0.31010781249999997 0.4796890625 0.30424687499999997 0.47148593749999995 0.29838437500000003 0.465625 0.29428125 0.46484375 0.287834375 0.459765625 0.285196875 0.45390625 0.282265625 0.44319375 0.28207499999999996 0.437496875 0.287834375 0.43710625 0.2884203125 0.4429671875 0.2913515625 0.44570156250000004 0.2913515625 0.4507796875 0.2939890625 0.4546875 0.2951609375 0.457421875 0.2963328125 0.465625 0.30043593749999997 0.47148593749999995 0.30424687499999997 0.4730484375 0.30541874999999996 0.4777359375 0.30981562500000004 0.48320625 0.3130390625
0 0.5046921875 0.3473296875 0.5039109374999999 0.34410625 0.49844218749999997 0.34176093750000003 0.4960984375 0.34088124999999997 0.492190625 0.340003125 0.489065625 0.339709375 0.486721875 0.339709375 0.48476875 0.3385375 0.4786765625 0.337740625 0.4757828125 0.3388296875 0.4757828125 0.3402953125 0.4750015625 0.342640625 0.4769546875 0.345278125 0.47929843749999995 0.34674375 0.4839875 0.3458640625 0.486721875 0.345571875 0.49414375 0.3458640625 0.4968796875 0.3473296875 0.5000046874999999 0.347915625 0.5027390625 0.3476234375 0.5046921875 0.3473296875
0 0.64623125 0.493146875 0.64949375 0.500896875 0.65384375 0.5074234375 0.6647171875 0.5245562500000001 0.6712421875000001 0.5306734375 0.6761359375 0.53556875 0.6799421875 0.5392406249999999 0.6842921875 0.54454375 0.6853796875 0.544134375 0.6929921875 0.5367921875 0.6902734374999999 0.5318984375 0.6832046875 0.5261875 0.6745046875 0.51395 0.6734171875 0.5110953125 0.6723296875 0.5037515625 0.6739609375 0.500896875 0.6815734375 0.5013046875 0.6859234375 0.5004890625 0.6962546875 0.500896875 0.704409375 0.50008125 0.712565625 0.50783125 0.711478125 0.5110953125 0.724528125 0.52006875 0.727790625 0.5212921875000001 0.729421875 0.5249640624999999 0.7364890625 0.53230625 0.7582390625000001 0.548621875 0.78161875 0.5596359375 0.78705625 0.5690171875 0.8006500000000001 0.5743203125 0.8120687500000001 0.5841093749999999 0.8245734375 0.588596875 0.8338171875 0.5975703125 0.8397984375 0.5996109374999999 0.8452359375 0.602465625 0.8506734375 0.6049140625 0.8512171875 0.5975703125 0.8452359375 0.5939 0.8392546875000001 0.5890046875 0.8343609375 0.5861500000000001 0.8283796875 0.5816625 0.8234859374999999 0.579215625 0.8175046874999999 0.5751359375 0.8104374999999999 0.5698328125 0.8039125 0.565346875 0.7930375 0.56004375 0.78379375 0.5543328125 0.78270625 0.5510703125 0.7821625 0.544134375 0.7799875000000001 0.5359765624999999 0.7983578125 0.54795625 0.8114890625 0.5572109375000001 0.8234265625000001 0.5670625 0.8274062499999999 0.570046875 0.8378015624999999 0.5759328125 0.8433734375 0.580709375 0.847353125 0.58399375 0.8493421874999999 0.5887703125 0.8553109375 0.59414375 0.8596890625 0.596234375 0.8624750000000001 0.5977265625 0.864065625 0.6016078125 0.8752078125 0.60698125 0.8787890624999999 0.608175 0.8811765625 0.6084734375 0.8835640625 0.608771875 0.8819734374999999 0.6045921875 0.8795859374999999 0.6016078125 0.8771984375 0.597428125 0.8752078125 0.5956359375 0.8668515625 0.5899640625 0.8616781250000001 0.5854859375 0.856903125 0.583396875 0.8561078125 0.5825015625 0.8501390625 0.5789187499999999 0.84416875 0.5747390625000001 0.8385984375 0.5711578125 0.8382 0.569365625 0.8322312500000001 0.564290625 0.8302421875 0.563096875 0.8222828124999999 0.558021875 0.8179062500000001 0.5550359375 0.8131296875 0.5514546874999999 0.8059671875 0.5448859374999999 0.801590625 0.5422 0.77453125 0.5231640625 0.766571875 0.5165968750000001 0.761796875 0.509134375 0.7554296875000001 0.5043578125 0.7339421875000001 0.49719218749999994 0.7255843750000001 0.490028125 0.7132484375 0.4876390625 0.7044937499999999 0.4831609375 0.696934375 0.48166875 0.6929546875 0.4774890625 0.68061875 0.4718171875 0.67465 0.46674218749999996 0.6635078125 0.46107031249999997 0.65395625 0.45599531249999997 0.6440078125 0.4551 0.6388359375 0.44703906250000003 0.6201734375 0.4460171875 0.6212187499999999 0.4519484375 0.6217625 0.45561875 0.62448125 0.4613296875 0.62448125 0.4666328125 0.62448125 0.47193593749999996 0.6239375 0.47479062499999997 0.6223062500000001 0.47805468749999996 0.6206750000000001 0.4837640625 0.6223062500000001 0.48784375 0.6326375 0.4890671875 0.64025 0.49233125 0.64623125 0.493146875
0 0.9782734375000001 0.686409375 0.9711109375 0.684915625 0.9651406250000001 0.683721875 0.96355 0.6846171875 0.9655390625000001 0.6879015625 0.9683249999999999 0.6908859374999999 0.9707125 0.6929765625 0.97429375 0.6947671875 0.9794671875000001 0.6956625 0.9834468749999999 0.6956625 0.987425 0.691484375 0.9842421874999999 0.68939375 0.9782734375000001 0.686409375
0 1 0.513578125 0.9953109375 0.5132578125 0.9938046875 0.5132578125 0.9847671874999999 0.5138234374999999 0.9794953124999999 0.5138234374999999 0.9742234375000001 0.5206031249999999 0.9697046874999999 0.5296421875 0.9704578125 0.5307734375 0.9787421875 0.534728125 0.9945578125000001 0.5415078125 1 0.54355 1 0.513578125
0 0.9260234374999999 0.49969843750000004 0.9199984375 0.4946125 0.9139734374999999 0.49348281250000003 0.9102078125 0.49291718749999996 0.9041828125 0.49178750000000004 0.8989109375 0.4906578125 0.882340625 0.48896249999999997 0.878575 0.49291718749999996 0.8815875 0.500828125 0.8861062499999999 0.5025234375000001 0.8913781249999999 0.5047828125 0.8981578125 0.5070421875 0.9064421875 0.5076078125000001 0.9132203125 0.5081734375 0.9177390624999999 0.5081734375 0.9237640624999999 0.5087375 0.9275296875000001 0.5019578124999999 0.9260234374999999 0.49969843750000004
0 0.8409187499999999 0.45167343750000005 0.8476968749999999 0.45732343750000004 0.861253125 0.46240781249999996 0.866525 0.4657984375 0.871796875 0.466928125 0.873303125 0.4646671875 0.870290625 0.4601484375 0.8605 0.4511078125 0.853721875 0.447153125 0.8476968749999999 0.44376249999999995 0.83489375 0.43585312500000006 0.831128125 0.433028125 0.8205843749999999 0.42850781250000003 0.8190781250000001 0.42681250000000004 0.8190781250000001 0.42285781250000004 0.82585625 0.4138171875 0.826609375 0.4081671875 0.82585625 0.404778125 0.8190781250000001 0.403646875 0.8138062500000001 0.403646875 0.813053125 0.403646875 0.8040796875 0.40498593749999995 0.790459375 0.4081671875 0.7851874999999999 0.4115578125 0.781421875 0.41494687499999994 0.7791625 0.42229218749999997 0.78368125 0.42794218749999996 0.788953125 0.4296375 0.796484375 0.4324625 0.8122999999999999 0.4364171875 0.82284375 0.4381125 0.82886875 0.44376249999999995 0.8341406250000001 0.4482828125 0.8409187499999999 0.45167343750000005
0 0.929734375 0.4545 0.9351703125 0.45606875 0.943953125 0.4595203125 0.95064375 0.46359843749999996 0.9544078125000001 0.46516718749999997 0.9569171875 0.46579375 0.953153125 0.46171562499999996 0.9510624999999999 0.4604609375 0.9472984375 0.458578125 0.9426984375 0.4557546875 0.9372624999999999 0.4523046875 0.934753125 0.4507359375 0.930153125 0.448225 0.927225 0.44634375000000004 0.9242984375000001 0.4444609375 0.9205343750000001 0.442578125 0.916353125 0.44006875 0.9125890625 0.4388140625 0.9092437500000001 0.4353625 0.90840625 0.43442187499999996 0.9033890625 0.43097031250000006 0.8983703125 0.4278328125 0.8937703125 0.42500937499999997 0.8908437499999999 0.42438281250000004 0.8845703125 0.4225 0.8778796874999999 0.4253234375 0.88540625 0.4300296875 0.8895890625 0.432225 0.8933515625 0.43347968750000004 0.89920625 0.43599062499999997 0.9050609375 0.43975468749999996 0.9096609375 0.4413234375 0.9167703125 0.44508749999999997 0.9205343750000001 0.44634375000000004 0.9234609375 0.4485390625 0.9280609375 0.451990625 0.929734375 0.4545
0 0.6211125 0.358228125 0.6248765625 0.3616796875 0.629059375 0.3657578125 0.6361687500000001 0.3692078125 0.6432765625 0.3698359375 0.6545687499999999 0.3670125 0.6662765625 0.3698359375 0.66753125 0.371090625 0.67213125 0.37516875 0.6788234375 0.38615 0.6942953125 0.3892875 0.6968046875 0.39022812500000004 0.70015 0.3924234375 0.706840625 0.39807187499999996 0.7114421875 0.399640625 0.7244046875000001 0.3977578125 0.7285874999999999 0.3961890625 0.7294234375 0.3955609375 0.735696875 0.391796875 0.7377875 0.3874046875 0.73695 0.3842671875 0.7315140625 0.38144374999999997 0.721478125 0.3776796875 0.7152046875 0.3732875 0.707259375 0.369521875 0.7043328125 0.3682671875 0.6997328125 0.36544374999999996 0.70056875 0.35885625 0.6988953125 0.3563453125 0.6947140625 0.351953125 0.6880234375 0.3488171875 0.6825859375000001 0.345365625 0.670459375 0.3416015625 0.6641859375 0.3378359375 0.6579140625 0.3350125 0.6533140625 0.330934375 0.6349140625 0.3290515625 0.6273859374999999 0.32465937500000003 0.6227859375 0.32465937500000003 0.6131671875 0.32246406250000004 0.6085671875 0.319640625 0.6027125 0.3161890625 0.596021875 0.3121109375 0.5805484375 0.3121109375 0.5700953125 0.31744374999999997 0.5613125 0.32058125 0.554621875 0.318384375 0.5483484375 0.318384375 0.5483484375 0.321209375 0.54793125 0.32246406250000004 0.545421875 0.3256015625 0.5445859375000001 0.326228125 0.540403125 0.32811093750000003 0.5429125 0.3328171875 0.5462578125 0.33156093750000004 0.5583859375 0.33156093750000004 0.5721859375 0.3321890625 0.5746953125 0.3328171875 0.5859859375 0.33595312499999996 0.5880765625000001 0.3403453125 0.591421875 0.34473750000000003 0.596440625 0.3510125 0.5993671875000001 0.35164062500000004 0.60313125 0.353209375 0.6089859375 0.35603281249999996 0.6156765625 0.3579140625 0.6211125 0.358228125
0 0.60355 0.2986484375 0.610659375 0.3068046875 0.6273859374999999 0.31307968750000004 0.6365859375 0.3196671875 0.642440625 0.3218640625 0.65415 0.32625625 0.66376875 0.331275 0.6742234375 0.3369234375 0.6926234375 0.35198125 0.70015 0.3588828125 0.7097687500000001 0.362334375 0.71855 0.3626484375 0.7336046875 0.3601390625 0.735278125 0.35605937499999996 0.7269140625 0.3529234375 0.7193875000000001 0.34884375 0.716459375 0.34664843749999996 0.711859375 0.3441390625 0.7060046875 0.3410015625 0.7009875 0.33911875 0.693459375 0.33598125 0.6901140625 0.3344125 0.6758953125 0.3275109375 0.6650234375 0.3184125 0.65833125 0.31339375 0.6524765625 0.30805937499999997 0.6462046875 0.3058640625 0.6416046875 0.301471875 0.632821875 0.2980203125 0.6190218749999999 0.2851578125 0.60815 0.2817078125 0.610240625 0.27888437499999996 0.6043859375 0.274178125 0.60815 0.2732359375 0.62195 0.2704125 0.6232046875 0.267903125 0.6202765625 0.2641390625 0.619440625 0.2644515625 0.605221875 0.26539375 0.5968578124999999 0.2669625 0.5968578124999999 0.2672765625 0.59393125 0.2666484375 0.5838953124999999 0.26257031249999996 0.577621875 0.26225624999999997 0.5700953125 0.26225624999999997 0.56173125 0.262884375 0.55169375 0.26382500000000003 0.5462578125 0.2650796875 0.54793125 0.26758906250000003 0.5520343750000001 0.2694140625 0.5462578125 0.27449218750000004 0.5521125 0.2795109375 0.5575484375 0.28453125 0.5604765625 0.2876671875 0.5700953125 0.29425625 0.5742765624999999 0.29676562500000003 0.5813859375 0.2955109375 0.58515 0.293628125 0.5910031250000001 0.2930015625 0.596440625 0.2945703125 0.60355 0.2986484375
0 0.964025 0.3503984375 0.9623531249999999 0.3503984375 0.9569171875 0.3507125 0.95064375 0.3551046875 0.9523171874999999 0.3588703125 0.9569171875 0.3604375 0.9606796875000001 0.3604375 0.9648625 0.3607515625 0.971553125 0.3598109375 0.9740624999999999 0.35541875 0.9740624999999999 0.3535359375 0.9702984375 0.35290937499999997 0.9682078125 0.3519671875 0.964025 0.3503984375
0 0.9518984375 0.322478125 0.952734375 0.31996718749999997 0.945625 0.31682968749999996 0.941025 0.3165171875 0.9360078125 0.3165171875 0.9314078125 0.3187125 0.9326625 0.32404687499999996 0.941025 0.3262421875 0.9447890624999999 0.3268703125 0.9489703125 0.3268703125 0.9510624999999999 0.322478125 0.9518984375 0.322478125
0 0.8933515625 0.34914375 0.888334375 0.34600624999999996 0.8795515625 0.340359375 0.8757890625 0.338478125 0.8661703125000001 0.333771875 0.8569703125 0.33000625 0.844425 0.32341875 0.839825 0.3183984375 0.8498609374999999 0.31996718749999997 0.8594796875 0.32185 0.8632421875 0.321221875 0.8598968749999999 0.3183984375 0.8678421875 0.32028124999999996 0.92764375 0.34569375 0.927225 0.3478890625 0.9351703125 0.35228125 0.9422796874999999 0.3535359375 0.9656984375000001 0.36514375 0.973225 0.36828125 0.9799171875000001 0.3685953125 0.98284375 0.367653125 0.98284375 0.36608593749999996 0.9769890625000001 0.363575 0.973225 0.36169375000000004 0.9694625 0.3588703125 0.9694625 0.35792812500000004 0.971971875 0.35667343749999997 0.9728078124999999 0.35290937499999997 0.96444375 0.3525953125 0.95524375 0.351653125 0.9514796875 0.3478890625 0.9380984375000001 0.34255625 0.9280609375 0.338790625 0.9188609375000001 0.3340859375 0.9058984375 0.330634375 0.8916796874999999 0.325928125 0.887915625 0.322790625 0.887915625 0.322478125 0.888334375 0.3183984375 0.878296875 0.3152625 0.8649156250000001 0.313065625 0.8544609375000001 0.3086734375 0.8448421875 0.306790625 0.8385703124999999 0.3045953125 0.8293703125 0.2992625 0.8155703125 0.3005171875 0.8172421875 0.30334062500000003 0.8151515625 0.30585 0.805115625 0.3071046875 0.79716875 0.30741874999999996 0.7892234375 0.306790625 0.7779328125 0.3071046875 0.7716609375 0.3086734375 0.7733328125 0.312125 0.7775140625 0.314634375 0.7829515625 0.3190265625 0.7825328125000001 0.31996718749999997 0.777096875 0.32373281249999997 0.7783515624999999 0.325928125 0.7825328125000001 0.3293796875 0.790478125 0.33251718750000003 0.795496875 0.3318890625 0.8013515625000001 0.32530156250000003 0.79800625 0.3205953125 0.7900609375000001 0.31682968749999996 0.7917328125 0.3152625 0.8021874999999999 0.31682968749999996 0.81640625 0.32404687499999996 0.827278125 0.3231046875 0.887915625 0.3541640625 0.9021343749999999 0.36169375000000004 0.9008796875 0.36200625 0.8874968750000001 0.3607515625 0.8837343750000001 0.3613796875 0.878296875 0.36169375000000004 0.8728609374999999 0.36232031249999996 0.8640796875 0.363575 0.8649156250000001 0.36985 0.872025 0.3764375 0.881225 0.3820859375 0.938934375 0.37455625000000003 0.9397703125 0.3720453125 0.9351703125 0.3670265625 0.934753125 0.36514375 0.9247156249999999 0.3638890625 0.922625 0.3632625 0.9138437500000001 0.3604375 0.9054796875 0.356359375 0.90004375 0.3541640625 0.8933515625 0.34914375
0 1 0.3540671875 0.9280609375 0.3246734375 0.916353125 0.320909375 0.90380625 0.3152625 0.8950250000000001 0.3102421875 0.88164375 0.306790625 0.8757890625 0.3020859375 0.8791343749999999 0.2973796875 0.8707703125 0.2917328125 0.85780625 0.2879671875 0.850696875 0.28514375 0.8456796875 0.2813796875 0.8410796875000001 0.27604687499999997 0.839825 0.27228125 0.8498609374999999 0.2700859375 0.850696875 0.269771875 0.8527875 0.266634375 0.8356421875000001 0.261615625 0.83020625 0.26569375 0.8260249999999999 0.26914375 0.8218421875 0.2707125 0.818915625 0.27385000000000004 0.8126421875000001 0.27541875 0.807415625 0.276203125 0.8080421875000001 0.28169374999999997 0.8155703125 0.2845171875 0.8193328125000001 0.2854578125 0.8360609374999999 0.28985 0.8410796875000001 0.2933015625 0.8536250000000001 0.2992625 0.8611515624999999 0.3045953125 0.8657515625000001 0.306478125 0.8732796875 0.309928125 0.89460625 0.31682968749999996 0.904225 0.32185 0.9280609375 0.32969375 0.9431156250000001 0.3375359375 0.9581703125000001 0.34255625 0.9736437499999999 0.347575 0.9853531249999999 0.35228125 1 0.3579234375 1 0.3540671875
0 0.716459375 0.26883124999999997 0.7189687499999999 0.26883124999999997 0.7206421875 0.2685171875 0.7218953124999999 0.26506562499999997 0.721478125 0.2638109375 0.7193875000000001 0.26318281250000003 0.7152046875 0.2628703125 0.7135328125 0.26506562499999997 0.7131140625 0.268203125 0.716459375 0.26883124999999997
0 0.7402968750000001 0.21207343750000002 0.737065625 0.21191875 0.7331875 0.2123875 0.7340234375 0.2133296875 0.7365328124999999 0.21552500000000002 0.7398781249999999 0.2167796875 0.7419687500000001 0.216153125 0.744059375 0.2158390625 0.7474046875 0.2158390625 0.749496875 0.2158390625 0.7511687499999999 0.2136421875 0.7453140625 0.21207343750000002 0.7402968750000001 0.21207343750000002
0 0.9422796874999999 0.240309375 0.9426984375 0.2378 0.9397703125 0.23654531250000002 0.9360078125 0.23497656249999999 0.9309890624999999 0.2343484375 0.92764375 0.23623124999999998 0.930153125 0.23936875 0.9332484375 0.23909843749999998 0.939353125 0.240309375 0.9422796874999999 0.240309375
0 0.9477156250000001 0.278584375 0.9523171874999999 0.278896875 0.95524375 0.2792109375 0.96444375 0.28077968750000004 0.9723890624999999 0.28077968750000004 0.975734375 0.2814078125 0.9790796875 0.2814078125 0.9702984375 0.277015625 0.9669531250000001 0.2741921875 0.9656984375000001 0.27325 0.96904375 0.2726234375 0.9698796875 0.2698 0.966534375 0.26666249999999997 0.9627703125 0.266034375 0.9560796874999999 0.26446562500000004 0.95064375 0.2632109375 0.9464625 0.26195625 0.937778125 0.260790625 0.9280609375 0.2607015625 0.9259703125 0.2607015625 0.9213703125 0.2638390625 0.9213703125 0.266034375 0.9238796875 0.26823125000000003 0.9268078125000001 0.2694859375 0.9293156249999999 0.2698 0.934334375 0.2710546875 0.9355890625000001 0.27136875 0.941025 0.27481875 0.943953125 0.2760734375 0.9477156250000001 0.278584375
0 1 0.2528640625 0.9962265625000001 0.2509765625 0.9924625 0.2503484375 0.9849343749999999 0.247525 0.9832625 0.24501562500000001 0.9794984375 0.24250625 0.9761531250000001 0.2421921875 0.968625 0.243446875 0.9701859374999999 0.24641562499999997 0.966534375 0.247525 0.9564984375 0.2472109375 0.9510624999999999 0.24909374999999997 0.9702984375 0.2569375 0.9832625 0.2613296875 0.98828125 0.2632109375 0.9978984375 0.263525 1 0.263525 1 0.2528640625
0 0.943953125 0.2832890625 0.9440500000000001 0.286140625 0.9481343750000001 0.286740625 0.9523171874999999 0.289878125 0.9548249999999999 0.2911328125 0.9569171875 0.2927015625 0.96444375 0.29364218750000004 0.968625 0.29238749999999997 0.9656984375000001 0.28893749999999996 0.9623531249999999 0.28736875 0.9556625000000001 0.2832890625 0.9523171874999999 0.2826625 0.9472984375 0.2826625 0.943953125 0.2832890625
0 1 0.3152125 0.9970625 0.31466249999999996 0.9914406250000001 0.314365625 0.9903718749999999 0.31434843749999997 0.9912078125000001 0.31591718750000003 0.994134375 0.31968125000000003 1 0.321734375 1 0.3152125