1 0.002703125 0.9505859375 0.99635 0.9056625 0.99635 0.542096875 0.1132859375 0.4841875 0.004096875 0.8596953125000001 0.002703125 0.9505859375
0 0.3125 0.7626953125 0.33984375 0.75390625 0.3411453125 0.7470703125 0.3111984375 0.74609375 0.3020828125 0.7607421875 0.3125 0.7626953125
0 0.3932296875 0.6181640625 0.4010421875 0.6142578125 0.39453125 0.607421875 0.3385421875 0.6083984375 0.3450515625 0.6171875 0.3932296875 0.6181640625
0 0.2083328125 0.8017578125 0.2135421875 0.7919921875 0.2018234375 0.783203125 0.171875 0.7861328125 0.1809890625 0.80078125 0.2083328125 0.8017578125
0 0.3658859375 0.712890625 0.3919265625 0.712890625 0.3958328125 0.7060546875 0.37890625 0.69921875 0.3450515625 0.69921875 0.3489578125 0.7177734375 0.3567703125 0.7177734375 0.3580734375 0.705078125 0.3658859375 0.712890625
0 0.19140625 0.68359375 0.2200515625 0.685546875 0.2265625 0.6708984375 0.2473953125 0.6591796875 0.2356765625 0.65234375 0.19140625 0.6796875 0.1653640625 0.677734375 0.1640625 0.6865234375 0.171875 0.6904296875 0.19140625 0.68359375
0 0.1692703125 0.8505859375 0.2005203125 0.8310546875 0.1783859375 0.82421875 0.1354171875 0.8369140625 0.1419265625 0.84765625 0.1692703125 0.8505859375
0 0.2760421875 0.8447265625 0.3203125 0.8388671875 0.2903640625 0.828125 0.2083328125 0.8330078125 0.21484375 0.841796875 0.2760421875 0.8447265625
0 0.2515765625 0.7642390625 0.2984515625 0.7544734375 0.315503125 0.7347546875 0.2713578125 0.7347546875 0.206003125 0.73591875 0.18386875 0.7447078125 0.187775 0.761309375 0.22683749999999997 0.761309375 0.2320453125 0.75545 0.23464999999999997 0.761309375 0.2515765625 0.7642390625
0 0.4466140625 0.771484375 0.4375 0.7880859375 0.4557296875 0.7900390625 0.4609375 0.7744140625 0.4466140625 0.771484375
0 0.06640625 0.876953125 0.0611984375 0.85546875 0.015625 0.8740234375 0.0377609375 0.88671875 0.1276046875 0.8876953125 0.14453125 0.88671875 0.1484375 0.8798828125 0.06640625 0.876953125
0 0.3684890625 0.873046875 0.33984375 0.87109375 0.2955734375 0.87890625 0.2825515625 0.87109375 0.2174484375 0.87109375 0.19140625 0.865234375 0.15625 0.8759765625 0.1666671875 0.9052734375 0.1796875 0.9052734375 0.19140625 0.892578125 0.26171875 0.896484375 0.2721359375 0.90234375 0.2903640625 0.8984375 0.2955734375 0.884765625 0.3684890625 0.880859375 0.3854171875 0.8740234375 0.3763015625 0.875 0.37109375 0.8671875 0.3684890625 0.873046875
0 0.52734375 0.904296875 0.51953125 0.892578125 0.4934890625 0.892578125 0.48046875 0.884765625 0.4375 0.8876953125 0.4466140625 0.927734375 0.4921875 0.9267578125 0.5768234375 0.923828125 0.5794265625 0.916015625 0.5846359375 0.923828125 0.6393234375 0.921875 0.6822921875 0.9111328125 0.6549484375 0.8984375 0.6080734375 0.904296875 0.5846359375 0.896484375 0.5638015625 0.90625 0.52734375 0.904296875
0 0.10286406249999999 0.9453125 0.2265625 0.9443359375 0.2434890625 0.94140625 0.2447921875 0.9345703125 0.2356765625 0.9296875 0.1809890625 0.9296875 0.16796875 0.9375 0.1419265625 0.939453125 0.1341140625 0.92578125 0.11588593750000001 0.92578125 0.09895781249999999 0.9345703125 0.10286406249999999 0.9453125
0 0.3854171875 0.7509765625 0.3971359375 0.75390625 0.4127609375 0.751953125 0.4205734375 0.744140625 0.4518234375 0.744140625 0.4622390625 0.73828125 0.4752609375 0.7421875 0.48046875 0.736328125 0.4986984375 0.73828125 0.5065109375 0.748046875 0.52734375 0.736328125 0.5481765625 0.74609375 0.5611984375 0.7421875 0.56640625 0.75390625 0.5885421875 0.7568359375 0.5963546875 0.7529296875 0.5885421875 0.7431640625 0.5963546875 0.7255859375 0.58984375 0.716796875 0.50390625 0.720703125 0.4934890625 0.708984375 0.4856765625 0.720703125 0.4153640625 0.724609375 0.3776046875 0.7353515625 0.3854171875 0.7509765625
0 0.9635421875000001 0.5607421875 0.96484375 0.571484375 0.9817703124999999 0.5705078125 1 0.5626953125 0.9635421875000001 0.5607421875
0 0.1263015625 0.724609375 0.11328125 0.734375 0.0611984375 0.73046875 0.0442703125 0.7412109375 0.0455734375 0.75 0.11197968750000001 0.7548828125 0.11979218750000001 0.7509765625 0.11848906249999999 0.7421875 0.1393234375 0.75390625 0.15234375 0.75390625 0.171875 0.7451171875 0.171875 0.7353515625 0.1575515625 0.728515625 0.1419265625 0.7421875 0.1354171875 0.7275390625 0.1263015625 0.724609375
0 0.03515625 0.798828125 0.0286453125 0.8134765625 0.046875 0.8154296875 0.046875 0.8017578125 0.03515625 0.798828125
0 0.1393234375 0.5390625 0.1171875 0.5498046875 0.1276046875 0.5615234375 0.11979218750000001 0.5693359375 0.1315109375 0.576171875 0.13671875 0.5703125 0.1497390625 0.57421875 0.1627609375 0.591796875 0.18359375 0.59375 0.1940109375 0.587890625 0.19921875 0.595703125 0.2109375 0.5947265625 0.21484375 0.580078125 0.2330734375 0.59375 0.23828125 0.583984375 0.2643234375 0.576171875 0.2708328125 0.5595703125 0.2174484375 0.55859375 0.2135421875 0.5537109375 0.2213546875 0.5478515625 0.1966140625 0.5390625 0.1393234375 0.5390625
0 0.5099484375000001 0.66935625 0.46017656249999994 0.67134375 0.45529374999999994 0.70245 0.539378125 0.7032375 0.6100640625 0.6953609375 0.6570968749999999 0.6764484375 0.6570968749999999 0.652021875 0.614003125 0.6599015625 0.5814203124999999 0.663053125 0.545684375 0.6662046875 0.5099484375000001 0.66935625
0 0.1573953125 0.49946718749999997 0.1599984375 0.5092328125 0.18994687500000002 0.525834375 0.2784890625 0.521928125 0.3045296875 0.529740625 0.3670296875 0.57856875 0.3826546875 0.580521875 0.40869687499999996 0.568803125 0.4269265625 0.568803125 0.4269265625 0.5746625 0.41260312499999996 0.5775921875 0.42432187499999996 0.58638125 0.4373421875 0.584428125 0.4425515625 0.592240625 0.4503640625 0.584428125 0.47119687499999996 0.584428125 0.4894265625 0.596146875 0.4972390625 0.584428125 0.506353125 0.5951703125 0.5115609375 0.5932171875 0.5050515625 0.5746625 0.4764046875 0.55513125 0.4425515625 0.549271875 0.4425515625 0.53950625 0.4113015625 0.545365625 0.3865609375 0.5248578125 0.3878640625 0.514115625 0.2185921875 0.49849062499999997 0.1573953125 0.49946718749999997
1 0.995575 0.5362359375 0.995575 0.511021875 0.8494781250000001 0.3581640625 0.1683921875 0.27621875 0.1683921875 0.27543125 0.1063796875 0.4708375 0.995575 0.5362359375
0 0.31640625 0.365234375 0.2825515625 0.3515625 0.25 0.3505859375 0.25 0.3564453125 0.3033859375 0.392578125 0.3932296875 0.3994140625 0.3971359375 0.392578125 0.44921875 0.392578125 0.453125 0.3876953125 0.4361984375 0.37890625 0.41796875 0.37890625 0.421875 0.3720703125 0.41015625 0.36328125 0.4049484375 0.37109375 0.3580734375 0.37109375 0.31640625 0.365234375
0 0.2018234375 0.4453125 0.2955734375 0.443359375 0.4388015625 0.458984375 0.5208328125 0.4580078125 0.4622390625 0.4453125 0.4127609375 0.44921875 0.3919265625 0.4296875 0.35546875 0.4375 0.3528640625 0.431640625 0.2669265625 0.431640625 0.1966140625 0.421875 0.171875 0.4306640625 0.1809890625 0.443359375 0.2018234375 0.4453125
0 0.2916671875 0.3310546875 0.3098953125 0.3251953125 0.2903640625 0.302734375 0.2513015625 0.302734375 0.2330734375 0.296875 0.203125 0.3076171875 0.2057296875 0.3271484375 0.2486984375 0.349609375 0.2864578125 0.3486328125 0.2916671875 0.3310546875
0 0.51314375 0.36817968749999996 0.47004999999999997 0.36660312500000003 0.46269218749999996 0.40206093750000005 0.5152453125 0.40678749999999997 0.5919734375 0.411515625 0.6371687500000001 0.40915156250000007 0.7002312500000001 0.4083640625 0.7296609375 0.39654531249999997 0.6571390625 0.3839375 0.57620625 0.377634375 0.51314375 0.36817968749999996
0 0.8489578124999999 0.4189453125 0.8528640624999999 0.4296875 0.8671875 0.4287109375 0.8684890624999999 0.419921875 0.8489578124999999 0.4189453125
0 0.23040781250000003 0.40436249999999996 0.2577359375 0.39333125 0.250378125 0.3736328125 0.2325109375 0.35472187499999996 0.21569375000000002 0.34211562500000003 0.1957234375 0.3287203125 0.197825 0.3326609375 0.169446875 0.3216296875 0.17470312500000001 0.3389640625 0.1799578125 0.357875 0.16524375 0.3673296875 0.1515796875 0.39175468750000003 0.1599875 0.40436249999999996 0.196775 0.409878125 0.23040781250000003 0.40436249999999996
1 0.7469484375000001 0.24815468749999997 0.2022109375 0.16885624999999999 0.201490625 0.1704734375 0.1655109375 0.27404843749999996 0.8455328124999999 0.354965625 0.7469484375000001 0.24815468749999997
0 0.270859375 0.21487812499999998 0.263046875 0.22269062499999998 0.22528593749999998 0.22366718749999998 0.333359375 0.24222187499999998 0.3580984375 0.24124531249999998 0.348984375 0.22854999999999998 0.2969 0.21683124999999998 0.270859375 0.21487812499999998
0 0.26171875 0.21875 0.2747390625 0.19921875 0.2838546875 0.2060546875 0.2825515625 0.19140625 0.3125 0.1904296875 0.2565109375 0.177734375 0.2018234375 0.173828125 0.1875 0.2138671875 0.2447921875 0.2216796875 0.26171875 0.21875
0 0.2784875 0.271890625 0.31374843750000003 0.2654171875 0.2900015625 0.2611015625 0.259059375 0.2600234375 0.243228125 0.24653593749999997 0.2604984375 0.24060312499999997 0.2820859375 0.2411421875 0.3123578125 0.2457390625 0.31374843750000003 0.24383906249999998 0.23531249999999998 0.22657656249999997 0.2130046875 0.22549843749999998 0.1921359375 0.23089218749999998 0.1863796875 0.24168125 0.1791828125 0.25894375 0.212284375 0.26218125 0.246825 0.26649687499999997 0.2784875 0.271890625
0 0.5519359374999999 0.271890625 0.5519359374999999 0.2627203125 0.5346656249999999 0.25732499999999997 0.4986859375 0.2503125 0.48573281250000006 0.25570781249999996 0.5066015625 0.26919375 0.5058812500000001 0.26649687499999997 0.5303484375 0.271890625 0.5519359374999999 0.271890625
0 0.4591078125 0.24491875 0.450471875 0.2433 0.42672499999999997 0.2433 0.40225937500000003 0.2379046875 0.3792328125 0.23143125000000003 0.364840625 0.22765624999999998 0.359803125 0.22765624999999998 0.3641203125 0.24222031249999998 0.3792328125 0.2551671875 0.3929046875 0.257865625 0.4195296875 0.2567859375 0.4432765625 0.25894375 0.4612671875 0.2643390625 0.465584375 0.25408906249999996 0.4591078125 0.24491875
0 0.62245625 0.31774375 0.6217374999999999 0.31720468749999997 0.6310921875 0.3247578125 0.65915625 0.3296125 0.698734375 0.3344671875 0.7080890625 0.325296875 0.6821843750000001 0.3226 0.6605953125 0.3199015625 0.6397265625 0.3161265625 0.62245625 0.31774375
1 0.9996921875 0.476115625 1 0.2991078125 0.9468296875 0.25842187499999997 0.7367890625 0.2298890625 0.7367890625 0.23094687500000002 0.9806625 0.4782296875 0.9996921875 0.476115625
0 0.90625 0.3935546875 0.91796875 0.384765625 0.9544265624999999 0.392578125 0.9635421875000001 0.3798828125 0.9635421875000001 0.3564453125 0.9361984375000001 0.34765625 0.9361984375000001 0.33984375 0.8997390624999999 0.3359375 0.8671875 0.3525390625 0.8854171875000001 0.3798828125 0.90625 0.3935546875