1 0 0.4310015625 0.14479843750000002 0.442375 0.31745625 0.1859859375 0.1274375 0.1786 0.0009171874999999999 0.31911093749999997 0 0.3587453125 0 0.4310015625
1 0 0.6588265625 0.14604999999999999 0.44401875 0 0.43426875000000004 0 0.6588265625
1 0.41359843749999997 0.0378265625 0.26327968749999997 0.039865625 0.128884375 0.1781796875 0.31663593749999996 0.1862921875 0.41359843749999997 0.0378265625
1 0.576171875 0.0351359375 0.41668593749999994 0.0362046875 0.3209578125 0.18710312499999998 0.5229140625 0.1895375 0.576171875 0.0351359375
1 0.4243578125 0.4588828125 0.521678125 0.187878125 0.3197234375 0.18544531250000001 0.1486484375 0.44505625000000004 0.4243578125 0.4588828125
1 0.22540624999999997 1 0.4216265625 0.45789375000000004 0.1548234375 0.4457234375 0 0.6761015625 0 1 0.22540624999999997 1
1 0.709509375 1 0.728575 0.47334375 0.4305328125 0.45820625000000004 0.23401875 1 0.709509375 1
1 0.7390734375 0.190290625 0.5257390625 0.1858453125 0.4302734375 0.45558125 0.7279578124999999 0.4718078125 0.7390734375 0.190290625
1 0.577715625 0.0351359375 0.52661875 0.1887046875 0.7396921875 0.18951562500000002 0.7477203125 0.0321265625 0.577715625 0.0351359375
1 0.753278125 0.030503125 0.7464859374999999 0.18789375 0.9806874999999999 0.18789375 0.9294265625 0.0240125 0.753278125 0.030503125
1 1 0.26339999999999997 0.9776 0.18627031249999998 0.746 0.18951562500000002 0.7359625000000001 0.4744265625 1 0.48787812500000005 1 0.26339999999999997
1 1 0.49017968749999996 0.7361187499999999 0.47498125 0.721596875 1 1 1 1 0.49017968749999996
1 1 0.025710937499999996 0.9351234375 0.027025 0.9837765624999999 0.1887046875 1 0.1893625 1 0.025710937499999996
1 1 0.18821875 0.9850109375 0.18951562500000002 1 0.2407078125 1 0.18821875
0 0.2512578125 0.14417968750000001 0.2530453125 0.140153125 0.25636562500000004 0.1361265625 0.2599421875 0.1324359375 0.264284375 0.128409375 0.2691375 0.1280734375 0.2688828125 0.13109375 0.2676046875 0.1324359375 0.2609640625 0.14048906249999998 0.2556 0.147534375 0.25049062499999997 0.1532390625 0.24538125000000002 0.15994999999999998 0.235675 0.172365625 0.23158906250000003 0.1800828125 0.23363125 0.1807546875 0.23720781249999998 0.1784046875 0.2412953125 0.17504999999999998 0.2451265625 0.1676671875 0.25074687500000004 0.160621875 0.2561109375 0.1539109375 0.260196875 0.14585781250000002 0.2655609375 0.14082343749999998 0.270415625 0.135790625 0.27526875 0.130421875 0.27935468750000003 0.1213625 0.278078125 0.1321 0.2724578125 0.1431734375 0.26709375 0.15256875 0.26735000000000003 0.1579375 0.2668390625 0.162634375 0.26351874999999997 0.168675 0.2609640625 0.172365625 0.258409375 0.1757203125 0.2571328125 0.181425 0.2609640625 0.1827671875 0.2647953125 0.1800828125 0.2668390625 0.17874062500000001 0.27118125000000004 0.1747140625 0.274246875 0.1703515625 0.2755234375 0.166996875 0.27731249999999996 0.1629703125 0.2803765625 0.158271875 0.2813984375 0.1539109375 0.2852296875 0.145521875 0.287784375 0.14250156249999998 0.29085 0.1388109375 0.293915625 0.1351203125 0.296725 0.13075781250000001 0.29979062500000003 0.125725 0.3031109375 0.11800625000000001 0.299534375 0.11263749999999999 0.29493749999999996 0.10961875000000001 0.288040625 0.10525625000000001 0.2890625 0.1005578125 0.2926375 0.0968671875 0.2980015625 0.09451875 0.301834375 0.09082812500000001 0.30592031249999996 0.0871375 0.31077499999999997 0.082775 0.3148609375 0.0787484375 0.319203125 0.0764 0.323290625 0.07304374999999999 0.325078125 0.0720375 0.32737812499999996 0.07103125 0.3286546875 0.0700234375 0.32942187500000003 0.06666875 0.3289109375 0.064990625 0.33223125 0.062978125 0.3345296875 0.0619703125 0.3337640625 0.056937499999999995 0.3296765625 0.058279687499999996 0.3248234375 0.0589515625 0.3186921875 0.060628125 0.3128171875 0.0613 0.3079640625 0.0646546875 0.301834375 0.0727078125 0.2962140625 0.0790828125 0.2778234375 0.10089375 0.276034375 0.10189999999999999 0.2745015625 0.10391406249999999 0.272203125 0.10525625000000001 0.26939375 0.1065984375 0.2665828125 0.1065984375 0.262240625 0.1062625 0.2596859375 0.10592656250000002 0.2571328125 0.10559218749999999 0.2550890625 0.106934375 0.2550890625 0.11263749999999999 0.25636562500000004 0.1146515625 0.2589203125 0.11532187499999999 0.2596859375 0.1173359375 0.2627515625 0.11934843749999999 0.2609640625 0.12236875 0.2550890625 0.1280734375 0.2443609375 0.14183125000000002 0.23720781249999998 0.1512265625 0.2341421875 0.1622984375 0.2382296875 0.15994999999999998 0.2423171875 0.15592343749999998 0.24538125000000002 0.1512265625 0.2512578125 0.14417968750000001
0 0.2696484375 0.052575000000000004 0.2696484375 0.054589062499999993 0.27118125000000004 0.05794375 0.27347968749999996 0.059621875000000005 0.278078125 0.0589515625 0.2826765625 0.0562671875 0.2865078125 0.050562499999999996 0.290084375 0.0465359375 0.2921265625 0.046200000000000005 0.29595937499999997 0.0475421875 0.3026 0.049890625 0.3061765625 0.049890625 0.309496875 0.047878125 0.311284375 0.0455296875 0.31179531250000003 0.04083125 0.26632812499999997 0.039153125 0.25636562500000004 0.04955625 0.24614843749999998 0.06029375 0.2520234375 0.0589515625 0.2561109375 0.0589515625 0.260453125 0.0589515625 0.2637734375 0.05794375 0.26632812499999997 0.0566015625 0.26837187500000004 0.0529109375 0.2696484375 0.052575000000000004
0 0.32124687500000004 0.12035625000000001 0.317415625 0.12874375 0.3110296875 0.141159375 0.3069421875 0.14619218750000001 0.303878125 0.1512265625 0.3010671875 0.1565953125 0.2972359375 0.163640625 0.2934046875 0.1710234375 0.2893171875 0.18243125 0.291615625 0.18243125 0.296725 0.1827671875 0.30362187500000004 0.1817609375 0.3041328125 0.18041875000000002 0.30362187500000004 0.177734375 0.30081250000000004 0.17504999999999998 0.3010671875 0.17169375 0.3026 0.1676671875 0.3082203125 0.1586078125 0.3138390625 0.1488765625 0.3148609375 0.14417968750000001 0.32124687500000004 0.1364625 0.323546875 0.130421875 0.3268671875 0.12371093749999999 0.32839999999999997 0.1216984375 0.33018749999999997 0.11934843749999999 0.3327421875 0.114315625 0.331975 0.1112953125 0.33401875 0.1076046875 0.3375953125 0.10189999999999999 0.3427046875 0.0931765625 0.3475578125 0.087471875 0.35317656249999996 0.0780765625 0.3552203125 0.0743859375 0.35751875 0.0727078125 0.3603296875 0.06868125 0.3649265625 0.0619703125 0.3659484375 0.0599578125 0.364415625 0.0535828125 0.3603296875 0.051904687500000005 0.356753125 0.0512328125 0.35624218750000003 0.0492203125 0.3603296875 0.0465359375 0.3631390625 0.04083125 0.3365734375 0.0401609375 0.3347859375 0.0418375 0.33044375000000004 0.0465359375 0.3317203125 0.049890625 0.3368296875 0.0562671875 0.33810625 0.0572734375 0.34015 0.0592859375 0.34219374999999996 0.060628125 0.3452578125 0.0619703125 0.3462796875 0.062306249999999994 0.3511984375 0.0618015625 0.352665625 0.0656625 0.3513890625 0.06868125 0.34806875000000004 0.0723734375 0.34500312499999997 0.077740625 0.3419375 0.0841171875 0.33785 0.08915 0.3327421875 0.09653125 0.329165625 0.10391406249999999 0.3245671875 0.11196718750000001 0.3230359375 0.11666406250000001 0.32124687500000004 0.12035625000000001
0 0.43900468750000005 0.1653046875 0.43466250000000006 0.1656390625 0.429553125 0.1700015625 0.4290421875 0.17503437500000002 0.4308296875 0.1767125 0.43466250000000006 0.180403125 0.43619375 0.183759375 0.43772656249999997 0.1840953125 0.4410484375 0.1834234375 0.445134375 0.18308750000000001 0.44845625 0.1824171875 0.45075468750000003 0.1797328125 0.4517765625 0.1763765625 0.44998750000000004 0.1726859375 0.4469234375 0.169665625 0.44462343750000005 0.1679890625 0.43900468750000005 0.1653046875
0 0.41064999999999996 0.1512109375 0.4124390625 0.14986875 0.41371562500000003 0.14785625 0.41320468750000006 0.14349375 0.41269375 0.141815625 0.4114171875 0.1394671875 0.4086078125 0.1421515625 0.40758593750000005 0.14785625 0.40835156250000004 0.151546875 0.41064999999999996 0.1512109375
0 0.43287343749999996 0.0391390625 0.4323625 0.0391390625 0.430575 0.0421578125 0.43210781249999997 0.045178125 0.433384375 0.046184375 0.43670468749999997 0.045178125 0.43900468750000005 0.043165625 0.44181406250000005 0.0391390625 0.4420703125 0.0384671875 0.4410484375 0.0364546875 0.44028124999999996 0.034440625 0.43772656249999997 0.033770312499999997 0.4369609375 0.0357828125 0.43466250000000006 0.03813125 0.43287343749999996 0.0391390625
0 0.5220125 0.1450328125 0.5185859374999999 0.14053125 0.5154703125 0.140121875 0.508928125 0.14053125 0.5045671875 0.14094062499999999 0.500828125 0.1438046875 0.4970890625 0.15485312499999998 0.49989375 0.1589453125 0.49989375 0.1601734375 0.502696875 0.1663125 0.5051890625000001 0.16590312499999998 0.50768125 0.16385624999999998 0.512665625 0.1597640625 0.510796875 0.164265625 0.5086171875 0.1695859375 0.51173125 0.17326875 0.5173390625 0.17326875 0.51983125 0.17326875 0.5223234375 0.1695859375 0.52388125 0.16549375 0.525128125 0.16140156249999998 0.5260625 0.1544453125 0.525128125 0.149125 0.5220125 0.1450328125
0 0.5541 0.17736093749999998 0.5578375 0.1691765625 0.56406875 0.16835781249999998 0.5715453125 0.176134375 0.5737265625 0.181453125 0.579021875 0.1835 0.58026875 0.18104375 0.5824484375 0.17736093749999998 0.5846296875 0.1740875 0.583071875 0.17040468749999998 0.5864984375 0.16713125 0.58805625 0.163446875 0.5899265625 0.1597640625 0.5914828125 0.156490625 0.59241875 0.1519890625 0.5933531249999999 0.14584999999999998 0.5933531249999999 0.1442140625 0.5886796875 0.13889374999999998 0.5796453125000001 0.13643906249999999 0.5808921875 0.129071875 0.5864984375 0.12170624999999999 0.59210625 0.11474999999999999 0.5955328125 0.11147499999999999 0.59615625 0.1004265625 0.5933531249999999 0.09592500000000001 0.5858765625 0.0979703125 0.581203125 0.1004265625 0.5774640625 0.0996078125 0.57216875 0.1008359375 0.5715453125 0.1073828125 0.573103125 0.113521875 0.575353125 0.118365625 0.5737265625 0.1262078125 0.5737265625 0.129071875 0.5696765625 0.1348015625 0.5650031249999999 0.139303125 0.5618875 0.146259375 0.5565921875 0.15485312499999998 0.5534765625 0.164265625 0.5475578125 0.1740875 0.5456890624999999 0.18431875 0.5503609375 0.183090625 0.5541 0.17736093749999998
0 0.605921875 0.11673125 0.603809375 0.1240140625 0.60090625 0.1306015625 0.6027546874999999 0.13649687500000002 0.6046015625 0.13406875000000001 0.6056578125 0.1316421875 0.6056578125 0.1285203125 0.6067140625 0.12574687499999998 0.607240625 0.1229734375 0.6088250000000001 0.11846562499999999 0.6101453125 0.1146515625 0.61225625 0.10945 0.6125203124999999 0.1056359375 0.6146328125 0.10182187499999999 0.6185921875 0.0980078125 0.619384375 0.0952328125 0.6204390625 0.09280625 0.621759375 0.091071875 0.6236078125 0.08829843750000001 0.6265109375 0.0862171875 0.6278312500000001 0.08205625 0.6294140625 0.0789359375 0.6312625 0.0785890625 0.633109375 0.07408125 0.6354859375 0.0723484375 0.6346937500000001 0.0702671875 0.63231875 0.066453125 0.6304703125 0.0654125 0.626246875 0.065759375 0.6236078125 0.06749374999999999 0.6209671875 0.06853437500000001 0.6180640625 0.0702671875 0.614896875 0.07546875 0.61674375 0.077203125 0.6207640624999999 0.076971875 0.6199109375 0.0806703125 0.619384375 0.082403125 0.6172718749999999 0.08483125 0.6146328125 0.0869109375 0.6119921875000001 0.0889921875 0.612784375 0.09280625 0.611728125 0.0980078125 0.60988125 0.1028609375 0.6075046875 0.10702343750000001 0.6064499999999999 0.1108375 0.605921875 0.11673125
0 0.49482968749999995 0.322115625 0.4972046875 0.3255828125 0.502484375 0.3276640625 0.5061796875 0.33251718750000003 0.5082921875 0.33633281249999997 0.5096109375 0.339453125 0.511459375 0.34049375 0.5143625000000001 0.3398 0.5156828124999999 0.33633281249999997 0.5156828124999999 0.3342515625 0.5143625000000001 0.332171875 0.512515625 0.330090625 0.511459375 0.328703125 0.50855625 0.3252359375 0.506971875 0.322809375 0.5051249999999999 0.321075 0.5038046875 0.3193421875 0.5027484375 0.3169140625 0.50406875 0.314140625 0.5072359375 0.3106734375 0.5075000000000001 0.3082453125 0.5064437500000001 0.3037375 0.505915625 0.3020046875 0.5077640625 0.3006171875 0.512515625 0.295415625 0.513834375 0.288828125 0.5191140625 0.28570625 0.5225453124999999 0.2829328125 0.5299375000000001 0.278078125 0.5354796875 0.2756515625 0.542871875 0.2718375 0.54920625 0.2676765625 0.5510546875 0.261434375 0.553165625 0.260046875 0.5547500000000001 0.2593546875 0.55818125 0.2569265625 0.5584453125 0.25241875 0.5550140625 0.24999218750000002 0.5502625 0.24929843749999997 0.54471875 0.251378125 0.5439265625 0.2479109375 0.540759375 0.24825781249999998 0.533896875 0.25033906250000004 0.5270328125 0.252765625 0.5217546875 0.2562328125 0.518321875 0.2593546875 0.5122515625 0.2638625 0.5051249999999999 0.268715625 0.5009015625 0.2725296875 0.500109375 0.2735703125 0.499053125 0.2749578125 0.500109375 0.2770375 0.5022203125 0.279465625 0.5061796875 0.278078125 0.501428125 0.28085312500000004 0.5006375000000001 0.2843203125 0.4993484375 0.2866796875 0.5016921875 0.28952187500000004 0.502484375 0.29090781250000003 0.499053125 0.294721875 0.497996875 0.296109375 0.49746875 0.2999234375 0.49588593750000004 0.30581875 0.496678125 0.30893906250000003 0.49482968749999995 0.3117125 0.4943015625 0.3131 0.4940375 0.314834375 0.49377343749999997 0.320034375 0.49482968749999995 0.322115625
0 1 0.60021875 0.9974984375 0.5947421875 0.9966640625000001 0.575575 0.9912421874999999 0.5635265625 0.98665625 0.5580499999999999 0.96246875 0.5432640625 0.9457875 0.5410734374999999 0.939115625 0.54655 0.9295249999999999 0.54490625 0.9186828125 0.55093125 0.913678125 0.5591453125 0.9140953125 0.566265625 0.91159375 0.5695515624999999 0.9128437500000001 0.5799562500000001 0.9195156250000001 0.5876234375 0.9253546874999999 0.5909093750000001 0.930775 0.5903609375000001 0.9370312500000001 0.5958375 0.9424515625 0.5969328125 0.9474562499999999 0.6029578124999999 0.9562140625 0.6029578124999999 0.95788125 0.60898125 0.9662218749999999 0.6171953125 0.9674734375 0.6281484374999999 0.9745625 0.635815625 0.9745625 0.6434828125000001 0.9778984375 0.6549828125 0.9854046875 0.66265 0.9929109374999999 0.6993421875 0.9979156250000001 0.7075578124999999 0.9991656250000001 0.7212484375 1 0.723040625 1 0.60021875
0 0.8286078124999999 0.801753125 0.8298578125 0.8170859374999999 0.8323609375000001 0.8148953125 0.8365296875 0.795728125 0.8402828124999999 0.7897046875 0.8486234375 0.7935375 0.8552953125 0.8001093750000001 0.859465625 0.7990140625000001 0.8628015625 0.79518125 0.8628015625 0.7880609375 0.8523765624999999 0.773275 0.841534375 0.7721796875 0.8290234375000001 0.7672515625 0.8281906250000001 0.769440625 0.8261046875 0.7688937499999999 0.8252703125 0.7727265625 0.8252703125 0.7760125 0.8294406249999999 0.7814890625 0.82735625 0.788609375 0.8311093749999999 0.7902515625000001 0.8336109374999999 0.7864187499999999 0.8348625000000001 0.7880609375 0.834028125 0.79518125 0.8286078124999999 0.801753125
0 0.46412343749999996 1 0.46705625 0.98411875 0.469140625 0.9578312499999999 0.47915 0.9233296875000001 0.482903125 0.8795187500000001 0.48915781249999996 0.8346109374999999 0.494578125 0.8023 0.49958281250000003 0.78915625 0.502084375 0.7749171875 0.5012515625 0.7530125 0.499165625 0.7437015625 0.49541250000000003 0.7530125 0.4862390625 0.801753125 0.4849875 0.81818125 0.47664687499999997 0.859803125 0.47539687500000005 0.8833515625 0.4724765625 0.9008765625 0.45085312499999997 1 0.46412343749999996 1
0 0.4941625 0.5328593749999999 0.49291093750000003 0.539978125 0.48832343749999996 0.55093125 0.4787328125 0.564621875 0.469975 0.6007671875 0.4641375 0.635815625 0.4549625 0.6566265625 0.4516265625 0.6604593750000001 0.4478734375 0.673603125 0.43994999999999995 0.6851046875 0.4353625 0.7004374999999999 0.430775 0.708653125 0.42952500000000005 0.7168671875 0.430775 0.7250828125 0.4328609375 0.7234390625 0.44245156249999995 0.7004374999999999 0.44370312500000003 0.693865625 0.4582984375 0.66265 0.469140625 0.6566265625 0.47789843750000005 0.657721875 0.4816515625 0.6538875 0.5145953125 0.5405249999999999 0.520434375 0.5273828125 0.530025 0.5262875 0.530025 0.5410734374999999 0.5250203124999999 0.5717421875 0.52085 0.6407453125 0.5116765625 0.6862 0.510425 0.7124859375 0.5116765625 0.7146765625 0.527940625 0.640196875 0.5350296875 0.5569546875 0.5387828125 0.54655 0.5446203125 0.5405249999999999 0.5483734375 0.50438125 0.550459375 0.49945312499999994 0.554628125 0.49561875000000005 0.563803125 0.4945234375 0.569640625 0.4967140625 0.572978125 0.489046875 0.574228125 0.47809375000000004 0.563803125 0.475903125 0.550875 0.46987968750000003 0.5462890625 0.4654984375 0.5462890625 0.452903125 0.54336875 0.44797343749999996 0.533778125 0.44852187499999996 0.521684375 0.4408546875 0.5079234375 0.44578281249999996 0.5004171875 0.43044843750000006 0.494578125 0.429353125 0.488740625 0.435378125 0.4849875 0.4507125 0.4862390625 0.45783125 0.493328125 0.46221249999999997 0.487071875 0.4682359375 0.4837359375 0.4682359375 0.4808171875 0.47535625000000004 0.48331875 0.504928125 0.49082499999999996 0.5054765625 0.493328125 0.5104046875 0.4941625 0.5328593749999999
0 0.6055046875000001 0.3121578125 0.6030031250000001 0.32420625 0.595496875 0.3362546875 0.5934109375000001 0.3499453125 0.5950796875 0.3614453125 0.590075 0.3855421875 0.587990625 0.3877328125 0.58256875 0.387184375 0.5788156250000001 0.39101875 0.5771468750000001 0.39594687500000003 0.5646375 0.45345 0.5650546875 0.4589265625 0.569225 0.4561890625 0.5771468750000001 0.4123765625 0.5842375 0.4041625 0.590075 0.4014234375 0.593828125 0.4271625 0.589240625 0.459475 0.5950796875 0.46166406249999997 0.6025859375 0.46057031249999997 0.6005 0.401971875 0.6038359375 0.3921140625 0.609675 0.3828046875 0.6130109375 0.38061406249999996 0.61843125 0.3576125 0.6159296875 0.3400875 0.6130109375 0.3318734375 0.626771875 0.2612265625 0.6334453124999999 0.2322015625 0.6355296874999999 0.22836875 0.6376140625 0.22836875 0.638865625 0.25520312500000003 0.6355296874999999 0.278203125 0.6376140625 0.279846875 0.643453125 0.26067968750000003 0.6438703125 0.23712968750000002 0.646371875 0.220153125 0.6530437499999999 0.2141296875 0.6534609375 0.19715156250000002 0.6488734375 0.1927703125 0.6430359375 0.1927703125 0.6384484375 0.19496093750000001 0.630525 0.207009375 0.6196828125 0.2119390625 0.6130109375 0.2278203125 0.6113421875 0.2431546875 0.620934375 0.228915625 0.6246875000000001 0.2349390625 0.6251046875 0.24425 0.6230187500000001 0.2584890625 0.6130109375 0.2946328125 0.6055046875000001 0.3121578125
0 0.7022515625 0.4654984375 0.7047546875 0.46385468750000003 0.703503125 0.44195 0.7068390625000001 0.3986859375 0.7014171874999999 0.3866375 0.6976640625 0.38444687499999997 0.6909921875 0.38444687499999997 0.6859890625 0.3855421875 0.68306875 0.38882812499999997 0.6805671875 0.4074484375 0.6847375 0.40854375000000004 0.688490625 0.40470937500000004 0.6872390625 0.3943046875 0.694328125 0.39594687500000003 0.6989156249999999 0.42497187500000005 0.69683125 0.46166406249999997 0.6976640625 0.46495 0.7022515625 0.4654984375
0 0.7105921875 0.4364734375 0.7097578125 0.4452359375 0.7122609375 0.44906875 0.71309375 0.45509374999999996 0.7180984375 0.459475 0.7235203125 0.45728437499999997 0.7276890625 0.44906875 0.7276890625 0.43975937500000006 0.71935 0.435378125 0.7126765625 0.4348296875 0.7105921875 0.4364734375
0 0.6755625000000001 0.2064625 0.6818187499999999 0.19770000000000001 0.68015 0.1927703125 0.6755625000000001 0.19222343749999998 0.6693078125 0.19331875 0.6663890625 0.19660468749999999 0.6722265625 0.2075578125 0.6755625000000001 0.2064625
0 0 0.8789703125000001 0.010007812500000001 0.8691125 0.0241875 0.8389921875 0.048790625 0.8006578125000001 0.056714062499999995 0.7831328125 0.07965 0.7486312500000001 0.08757343749999999 0.7311062500000001 0.0950796875 0.7212484375 0.11009218750000001 0.6927703125 0.11843125000000002 0.6807234375 0.13678125000000002 0.640196875 0.1580484375 0.6035046875 0.16680625 0.5920046875 0.179315625 0.5673609374999999 0.1822359375 0.5635265625 0.19557968750000002 0.5553125 0.20725625 0.5361453125 0.21726406250000002 0.524096875 0.221434375 0.5142390625 0.22185156250000002 0.5060234375 0.21684687500000002 0.497809375 0.19557968750000002 0.49616718750000005 0.178065625 0.49890468749999994 0.1651375 0.50438125 0.1601328125 0.5087625 0.15054218749999998 0.5301203125 0.14887343749999998 0.5454546875 0.1451203125 0.5547640625 0.12135156250000001 0.598028125 0.11050937499999999 0.622671875 0.096746875 0.640196875 0.0859046875 0.6675796875 0.075896875 0.6829140625 0.0604671875 0.715225 0.051292187499999996 0.728915625 0.039615625 0.7584890625 0.035862500000000005 0.7606796874999999 0.030442187500000002 0.7513687499999999 0.02835625 0.750821875 0.017931250000000003 0.755203125 0.0087578125 0.7546546875 0.0020843750000000003 0.7601312499999999 0 0.7604359374999999 0 0.8789703125000001
0 0.16472031250000002 0.924971875 0.170559375 0.9271625 0.1751453125 0.9200437499999999 0.183903125 0.9145671875 0.19683124999999999 0.9145671875 0.2022515625 0.9052578125 0.2085078125 0.904709375 0.21476250000000002 0.8981375 0.223103125 0.8943046875 0.22894062499999998 0.88225625 0.229775 0.875684375 0.2356125 0.8691125 0.2385328125 0.859803125 0.238115625 0.8559687500000001 0.2301921875 0.8515874999999999 0.223103125 0.8521359374999999 0.21768125 0.8608984375000001 0.2097578125 0.8619937500000001 0.2022515625 0.8713031250000001 0.1909921875 0.8806140625 0.179315625 0.8959468749999999 0.1755625 0.9052578125 0.169725 0.9079953125 0.1655546875 0.9140203124999999 0.1634703125 0.9189484374999999 0.16472031250000002 0.924971875
0 0.42243593749999997 0.4496171875 0.4236859375 0.446878125 0.42035 0.4408546875 0.40241875 0.4507125 0.401584375 0.45345 0.4040875 0.459475 0.392828125 0.46987968750000003 0.3907421875 0.4769984375 0.3974140625 0.47809375000000004 0.413678125 0.471521875 0.4191 0.459475 0.42201875 0.4589265625 0.4236859375 0.455640625 0.42243593749999997 0.4496171875
0 0.392828125 0.224534375 0.3949125 0.226725 0.4028359375 0.2228921875 0.4049203125 0.2190578125 0.40950781249999996 0.2190578125 0.41326093750000004 0.215771875 0.41075937500000004 0.2059140625 0.4040875 0.2031765625 0.39324375 0.2185109375 0.392828125 0.224534375
0 1 0.310365625 0.9991656250000001 0.30996718749999996 0.9941625000000001 0.30120468749999996 0.98790625 0.2962765625 0.9787328125 0.295728125 0.9720593750000001 0.29791875 0.93828125 0.29791875 0.9261890625 0.301753125 0.915346875 0.3023 0.87823125 0.2995625 0.87239375 0.304490625 0.8523765624999999 0.30941874999999996 0.8511265625 0.31434843749999997 0.85279375 0.3548734375 0.8486234375 0.3636359375 0.8448703125 0.3658265625 0.8240203125000001 0.3674703125 0.816096875 0.3652796875 0.8035859375 0.37349375 0.796496875 0.37349375 0.7914921875 0.38225625 0.79274375 0.43921093750000006 0.7952453125 0.4501640625 0.7944125 0.4704265625 0.801084375 0.46933125000000003 0.8060890625000001 0.4720703125 0.830275 0.4720703125 0.8352796874999999 0.4742609375 0.8411171875000001 0.47261718750000004 0.83945 0.46659375000000003 0.8365296875 0.42552031250000005 0.8377812499999999 0.40525781250000004 0.841534375 0.3986859375 0.8440359374999999 0.3986859375 0.8469562500000001 0.4036140625 0.8552953125 0.44195 0.8598828125000001 0.44633124999999996 0.8694750000000001 0.47316562500000003 0.8719765625000001 0.47535625000000004 0.87698125 0.4737125 0.8698921875 0.45125937499999996 0.859465625 0.4320921875 0.8544625 0.39649531250000003 0.8515421875 0.3866375 0.8515421875 0.37951875 0.8532109374999999 0.377328125 0.86321875 0.37568437499999996 0.8661390625 0.3723984375 0.8644703125 0.3680171875 0.8598828125000001 0.36473125 0.8615515625000001 0.3455640625 0.8598828125000001 0.33515937500000004 0.8598828125000001 0.317634375 0.861134375 0.31379999999999997 0.8644703125 0.311609375 0.8744781250000001 0.30941874999999996 0.913678125 0.3105140625 0.9178484375 0.31434843749999997 0.9191 0.31818124999999997 0.9249375000000001 0.3592546875 0.927021875 0.364184375 0.9274390625000001 0.38827968749999997 0.9295249999999999 0.400328125 0.9341125 0.41128125000000004 0.936196875 0.44633124999999996 0.939115625 0.4507125 0.93995 0.4791890625 0.9482906249999999 0.4791890625 0.9499578124999999 0.47480781250000004 0.9445375 0.44852187499999996 0.940784375 0.4233296875 0.9412015625000001 0.41730625000000005 0.9320265624999999 0.37568437499999996 0.93244375 0.364184375 0.9291078125000001 0.3499453125 0.928690625 0.33899218750000004 0.93244375 0.3368015625 0.9424515625 0.3362546875 0.9445375 0.3384453125 0.951209375 0.3658265625 0.9637203124999999 0.39540000000000003 0.9674734375 0.42278281250000005 0.9674734375 0.43921093750000006 0.9741453124999999 0.4769984375 0.9766468749999999 0.480284375 0.9833187499999999 0.4797375 0.97915 0.4539984375 0.9804 0.43921093750000006 0.9724765625 0.39320937499999997 0.96246875 0.3740421875 0.952878125 0.34173125 0.949540625 0.33570625 0.950375 0.3324203125 0.9562140625 0.329134375 0.9637203124999999 0.3165390625 0.9720593750000001 0.31379999999999997 0.9891578125 0.3165390625 0.9949953125000001 0.31982499999999997 1 0.3289 1 0.310365625
0 0.8023359375 0.25575000000000003 0.8019187499999999 0.2880609375 0.8194328125 0.29518125 0.821934375 0.2924421875 0.8286078124999999 0.2935375 0.8311093749999999 0.3028484375 0.8311093749999999 0.30996718749999996 0.8331937500000001 0.31434843749999997 0.8365296875 0.3105140625 0.8365296875 0.3077765625 0.8327765625 0.297371875 0.8336109374999999 0.2880609375 0.8306921875000001 0.27765625 0.83194375 0.268346875 0.8436203125 0.2672515625 0.8477890625000001 0.2628703125 0.849040625 0.25465468750000003 0.8515421875 0.25520312500000003 0.85279375 0.26013125000000004 0.8586328125 0.2634171875 0.8640531250000001 0.26013125000000004 0.8640531250000001 0.25575000000000003 0.8598828125000001 0.2469875 0.8457046874999999 0.23986875 0.8311093749999999 0.22836875 0.8110921875000001 0.2272734375 0.8065046875 0.224534375 0.8006671875 0.22562968749999998 0.7952453125 0.22179687499999998 0.7760640624999999 0.21960625 0.7660546874999999 0.2278203125 0.7639703124999999 0.23329687500000001 0.7773140625 0.24644062500000002 0.7785656249999999 0.2530125 0.781484375 0.24917812499999997 0.7835703125 0.2393203125 0.7873234375 0.2349390625 0.791909375 0.23986875 0.8027515624999999 0.24260625 0.8048375 0.24863125 0.8023359375 0.25575000000000003
0 0.916596875 0.2393203125 0.9157624999999999 0.2343921875 0.9195156250000001 0.2322015625 0.9195156250000001 0.2294640625 0.9170140625000001 0.2239875 0.9128437500000001 0.2234390625 0.9111765625 0.23001093749999998 0.913678125 0.2322015625 0.915346875 0.2393203125 0.9074234375 0.24096406250000002 0.9053375000000001 0.24589218750000003 0.9090906249999999 0.24863125 0.9140953125 0.24863125 0.927021875 0.24534531249999997 0.9295249999999999 0.24096406250000002 0.927021875 0.238225 0.916596875 0.2393203125
0 0.19557968750000002 0.2163203125 0.191409375 0.2163203125 0.1864046875 0.2185109375 0.1859890625 0.2250828125 0.190575 0.2250828125 0.19599687500000001 0.2190578125 0.19557968750000002 0.2163203125
0 0.05462812500000001 0.38827968749999997 0.051709375 0.3860890625 0.0417015625 0.397590625 0.0417015625 0.401971875 0.0483734375 0.3992328125 0.052126562499999994 0.3943046875 0.05462812500000001 0.38827968749999997
0 0.060884375000000004 0.34446875 0.052960937500000006 0.34392187500000004 0.0454546875 0.3483015625 0.04336875 0.35323125 0.029607812500000004 0.3696609375 0.02251875 0.3745890625 0.0200171875 0.3811609375 0.0229359375 0.38061406249999996 0.030025000000000003 0.3723984375 0.035029687500000004 0.3696609375 0.0500421875 0.3521359375 0.06296874999999999 0.34885 0.060884375000000004 0.34446875
0 0.3924109375 0.3006578125 0.392828125 0.3050390625 0.4028359375 0.3006578125 0.4011671875 0.297371875 0.4011671875 0.288609375 0.3995 0.2880609375 0.395746875 0.2902515625 0.39616406249999997 0.29791875 0.3924109375 0.3006578125
0 0.4053375 0.3077765625 0.4028359375 0.3077765625 0.39866562499999997 0.30996718749999996 0.3995 0.31544374999999997 0.403253125 0.31544374999999997 0.4065890625 0.3127046875 0.4053375 0.3077765625
0 0.87698125 0.07886093749999999 0.87823125 0.07119375 0.8744781250000001 0.0635265625 0.871559375 0.061884375000000005 0.865721875 0.0525734375 0.8661390625 0.0454546875 0.8573812500000001 0.042715625 0.8482062499999999 0.044906249999999995 0.844453125 0.047096874999999996 0.8436203125 0.0498359375 0.8640531250000001 0.057503125 0.8719765625000001 0.0695515625 0.8740609375 0.0700984375 0.8740609375 0.09364687499999999 0.879065625 0.104053125 0.879065625 0.1073390625 0.8824015624999999 0.1073390625 0.87698125 0.07886093749999999
0 0.85279375 0.1369109375 0.8569640625 0.13526875 0.8557124999999999 0.133078125 0.8519593750000001 0.1325296875 0.8407 0.135815625 0.8440359374999999 0.1429359375 0.844453125 0.16429375 0.8436203125 0.170865625 0.8386156250000001 0.1746984375 0.8377812499999999 0.1807234375 0.8419515625 0.1851046875 0.849040625 0.1851046875 0.8482062499999999 0.1637453125 0.8494578125000001 0.1451265625 0.85279375 0.1369109375
0 0.9904093749999999 0.15498281249999998 0.9920765625 0.1516984375 0.9908250000000001 0.1456734375 0.982903125 0.141840625 0.9762296875 0.1434828125 0.9804 0.1544359375 0.9816515625 0.156078125 0.9904093749999999 0.15498281249999998