1 1 0.0700453125 0.944071875 0.08155625 1 0.1758640625 1 0.0700453125
1 0.8898343750000001 0 0.9428906250000001 0.0824421875 1 0.0687171875 0.9992953124999999 0 0.8898343750000001 0
1 1 0.3989046875 0.9134578125000001 0.20535781250000001 0.5881875 0.2643234375 0.558634375 0.7480078125 1 0.7069140625 1 0.3989046875
1 0.913615625 0.20594218749999998 0.8642937500000001 0.0964875 0.8270921875000001 0.0186390625 0.6026875 0.06511875 0.5897328125 0.2662953125 0.913615625 0.20594218749999998
1 0.60345625 0 0.6016046875 0.06511875 0.8260093749999999 0.0186390625 0.8209828124999999 0 0.60345625 0
1 1 0.7098515625 0.5570484375 0.74661875 0.5444453125 0.99975 1 1 1 0.7098515625
1 0.001184375 0.6440421875 0.0016468750000000001 1 0.140028125 0.9988828125 0.27694843750000003 0.6107437499999999 0.001184375 0.6440421875
1 0.27895625 0.6060359375 0.42629062500000003 0.180653125 0.1386765625 0.23348437500000002 0.002165625 0.4188828125 0.002165625 0.645034375 0.27895625 0.6060359375
1 0.2755765625 0.045946875 0.136975 0.23325 0.42337968750000005 0.181915625 0.48656249999999995 0.0043234375 0.2769640625 0.045946875 0.2755765625 0.045946875
1 0.2765015625 0.047334375 0.4902640625 0.0015484375 0.3125921875 0 0.2765015625 0.047334375
1 0.1083328125 0 0 0.0235609375 0 0.130496875 0.14656875 0 0.1083328125 0