1 0 0.130528125 0.2146546875 0.684159375 0.46393125 0.6816296875 0.446428125 0.1086171875 0 0.0972921875 0 0.130528125
1 0.4551796875 0.106675 0.46976562499999996 0.6835718749999999 0.7179375 0.68901875 0.9087875000000001 0.118328125 0.4551796875 0.106675
1 0 0.6794203125 0.2074609375 0.6806921874999999 0 0.158590625 0 0.6794203125
1 0.6372171875 0.9268750000000001 0.7025703125 0.7277984375 0.47270781250000005 0.722796875 0.47711718750000004 0.9181921875000001 0.6372171875 0.9268750000000001
1 0.46496562499999994 0.7261046875 0.23210000000000003 0.7241046875 0.3067171875 0.9198859374999999 0.47022343749999995 0.9221812500000001 0.46496562499999994 0.7261046875
1 0 0.7265578125000001 0.14126875 0.9187687499999999 0.30419375 0.9204531250000001 0.23132812500000002 0.722378125 0 0.720415625 0 0.7265578125000001
1 0 0.915175 0.13870312499999998 0.9184531249999999 0 0.73500625 0 0.915175
1 0.058470312499999996 1 0 0.9467484374999999 0 1 0.058470312499999996 1
1 0.1952609375 1 0.1494375 0.937659375 0 0.93480625 0 0.9451078125000001 0.061354687500000005 1 0.1952609375 1
1 0.334225 1 0.3112171875 0.9391984375 0.1575265625 0.937659375 0.20289687500000003 1 0.334225 1
1 0.47121250000000003 1 0.469734375 0.9443875 0.314309375 0.9397703125 0.3362046875 1 0.47121250000000003 1
1 0.61026875 1 0.6275734374999999 0.9463609375 0.47262343749999997 0.9428484375 0.47430000000000005 1 0.61026875 1
0 0.708971875 0.61661875 0.730853125 0.5510203125 0.7450765625 0.483965625 0.7538296875 0.4737609375 0.7768046875 0.4737609375 0.7855578125 0.45626875 0.8074390625 0.3819234375 0.8129109375000001 0.342565625 0.8194750000000001 0.33381875 0.8194750000000001 0.323615625 0.8435453125000001 0.28425625 0.84245 0.26530624999999997 0.8282281250000001 0.2696796875 0.829321875 0.23469375 0.8347921875000001 0.231778125 0.8435453125000001 0.2448984375 0.851203125 0.24635625 0.8654265625 0.2230328125 0.867615625 0.19387812499999998 0.8588625000000001 0.1807578125 0.85776875 0.1370265625 0.8533921875000001 0.13265312499999998 0.8402625 0.13556875 0.8336984375000001 0.157434375 0.8194750000000001 0.163265625 0.8150984375 0.1559765625 0.8172859375 0.138484375 0.8140046875 0.13265312499999998 0.7505468750000001 0.1311953125 0.7264765625 0.2142859375 0.6870890625 0.231778125 0.67943125 0.2230328125 0.680525 0.1341109375 0.670678125 0.1297375 0.6542671875 0.20116562500000001 0.6553609375 0.24927187499999998 0.648796875 0.2696796875 0.611596875 0.281340625 0.6028453125000001 0.281340625 0.5973734375 0.2725953125 0.6072203125 0.2026234375 0.6061265625 0.13265312499999998 0.60065625 0.126821875 0.5426703125000001 0.126821875 0.5350109375 0.13265312499999998 0.531728125 0.16618125 0.5251640625 0.17346875 0.5153171875 0.2113703125 0.5065640625000001 0.22740468749999998 0.5043765625 0.25364375 0.512034375 0.2667640625 0.528446875 0.26530624999999997 0.541575 0.1836734375 0.548140625 0.17346875 0.5547046875 0.17346875 0.570021875 0.212828125 0.571115625 0.24635625 0.5831515625 0.30029218750000003 0.5842453125 0.32798906250000004 0.58205625 0.367346875 0.5765859375 0.38775468750000003 0.5437640625 0.392128125 0.5328234375 0.41399375000000005 0.528446875 0.44752187499999996 0.531728125 0.4708453125 0.5754921875 0.47667656249999996 0.5864328125 0.4620984375 0.5929984375 0.43294531249999996 0.6050328125 0.30320625 0.64223125 0.30175 0.6772421875 0.274053125 0.6903718750000001 0.2755109375 0.6925609374999999 0.281340625 0.689278125 0.42565625 0.6903718750000001 0.4300296875 0.6969359374999999 0.4271140625 0.7035015625 0.40379062499999996 0.70240625 0.36443125 0.7133484375 0.2973765625 0.7199125000000001 0.2827984375 0.7253828125 0.2857140625 0.730853125 0.317784375 0.7264765625 0.40524843749999995 0.717725 0.4402328125 0.7166296875 0.47667656249999996 0.710065625 0.4883375 0.699125 0.49271093749999995 0.69803125 0.539359375 0.6870890625 0.58600625 0.6761484375 0.6705546874999999 0.7067828125 0.6705546874999999 0.708971875 0.61661875
0 0.5733046875000001 0.66618125 0.5754921875 0.6647234375 0.5754921875 0.6618078125 0.5765859375 0.6618078125 0.5765859375 0.66035 0.57768125 0.66035 0.578775 0.657434375 0.5842453125 0.657434375 0.5842453125 0.6559765625 0.5886218750000001 0.6559765625 0.5886218750000001 0.65451875 0.589715625 0.65451875 0.589715625 0.6530609375 0.591903125 0.6516031250000001 0.591903125 0.6311953124999999 0.590809375 0.6311953124999999 0.590809375 0.6297375 0.589715625 0.6297375 0.5886218750000001 0.626821875 0.5864328125 0.626821875 0.5864328125 0.6253640625 0.5765859375 0.6253640625 0.5765859375 0.626821875 0.5743984375 0.626821875 0.5743984375 0.6297375 0.5733046875000001 0.6297375 0.5733046875000001 0.6311953124999999 0.571115625 0.632653125 0.571115625 0.63556875 0.568928125 0.63556875 0.568928125 0.6370265625 0.5667390625000001 0.638484375 0.5667390625000001 0.6428578125 0.5656453124999999 0.6428578125 0.5656453124999999 0.657434375 0.5667390625000001 0.657434375 0.5667390625000001 0.6647234375 0.567834375 0.6647234375 0.568928125 0.6676390624999999 0.5733046875000001 0.6676390624999999 0.5733046875000001 0.66618125
0 0.512034375 0.6676390624999999 0.5164109375 0.663265625 0.5186 0.6559765625 0.5229765625 0.65451875 0.5240703124999999 0.645771875 0.528446875 0.645771875 0.5361046875000001 0.6530609375 0.5547046875 0.6516031250000001 0.5525171875 0.6443156250000001 0.548140625 0.6399421875 0.541575 0.6443156250000001 0.5339171875 0.6443156250000001 0.528446875 0.6399421875 0.5273515625 0.6253640625 0.530634375 0.602040625 0.5350109375 0.5932937500000001 0.5350109375 0.5845484375 0.528446875 0.577259375 0.5262578125 0.580175 0.5207875 0.580175 0.5175062500000001 0.5612250000000001 0.512034375 0.5612250000000001 0.5087531249999999 0.5670546875 0.509846875 0.58600625 0.512034375 0.5932937500000001 0.5153171875 0.5947515625 0.5153171875 0.61661875 0.512034375 0.6486875000000001 0.5087531249999999 0.6516031250000001 0.5087531249999999 0.645771875 0.5054703125 0.6443156250000001 0.5021875 0.657434375 0.5021875 0.66618125 0.5054703125 0.67346875 0.5131296875 0.6720109375 0.512034375 0.6676390624999999
0 0.37965 0.2857140625 0.39934375 0.298834375 0.40153125 0.2900875 0.3949671875 0.274053125 0.39387343750000003 0.250728125 0.40043749999999995 0.2667640625 0.41247187500000004 0.2725953125 0.4168484375 0.2667640625 0.4168484375 0.24635625 0.4135671875 0.2419828125 0.39387343750000003 0.2419828125 0.39934375 0.20699687500000002 0.390590625 0.20116562500000001 0.3829328125 0.163265625 0.349015625 0.163265625 0.3457328125 0.1836734375 0.3402625 0.1865890625 0.33916875 0.1953359375 0.3260390625 0.1836734375 0.3249453125 0.20116562500000001 0.330415625 0.2113703125 0.3369796875 0.2113703125 0.33916875 0.2026234375 0.3446390625 0.20699687500000002 0.35667343749999997 0.1997078125 0.368709375 0.20408125 0.37417968749999997 0.2638484375 0.36214375 0.2667640625 0.3544859375 0.250728125 0.3446390625 0.2551015625 0.3555796875 0.30029218750000003 0.3665203125 0.30903749999999997 0.37527343750000003 0.3075796875 0.37965 0.2857140625
0 0.1849015625 0.250728125 0.1739609375 0.2201171875 0.1739609375 0.20699687500000002 0.1870890625 0.20553906249999998 0.19803125 0.212828125 0.20459531250000002 0.22886250000000002 0.21225312500000001 0.22886250000000002 0.21334843750000002 0.21720156249999997 0.20678281250000002 0.2026234375 0.1827140625 0.188046875 0.1739609375 0.1530609375 0.1597375 0.12099062499999999 0.150984375 0.1195328125 0.147703125 0.1341109375 0.13895 0.1195328125 0.12144375 0.11807656250000001 0.10612656250000001 0.13556875 0.071115625 0.11661875 0.012034375 0.1195328125 0.0131296875 0.1341109375 0.0186 0.1414 0.056892187500000004 0.1472296875 0.0667390625 0.16472343750000001 0.0864328125 0.1705546875 0.10175000000000001 0.19096249999999998 0.11816249999999999 0.1953359375 0.13785624999999999 0.2521859375 0.1411375 0.23906718749999997 0.1345734375 0.21720156249999997 0.1356671875 0.19679375 0.1444203125 0.182215625 0.1433265625 0.1530609375 0.1531734375 0.15451874999999998 0.1630203125 0.1836734375 0.161925 0.231778125 0.1673953125 0.2521859375 0.1772421875 0.262390625 0.1849015625 0.2609328125 0.1849015625 0.250728125
0 0.2844640625 0.5043734375 0.2964984375 0.4985421875 0.2964984375 0.4868796875 0.2800875 0.47521874999999997 0.270240625 0.42565625 0.270240625 0.39504375 0.2855578125 0.379009375 0.2855578125 0.3688046875 0.268053125 0.2696796875 0.26039375 0.2696796875 0.2614875 0.2827984375 0.25711093749999997 0.293003125 0.271334375 0.3775515625 0.24288906250000003 0.38338125 0.2385125 0.397959375 0.249453125 0.44752187499999996 0.250546875 0.47959218750000004 0.2593 0.5291546874999999 0.27899375000000004 0.5539359375 0.28993437499999997 0.5510203125 0.2844640625 0.5043734375
0 0.43326093749999994 0.6516031250000001 0.4529546875 0.6399421875 0.44638906250000004 0.47959218750000004 0.4376375 0.4854234375 0.4376375 0.51895 0.4266953125 0.5102046875 0.4168484375 0.5102046875 0.432165625 0.5349859375 0.4354484375 0.6195328124999999 0.4256015625 0.6224484375 0.4234140625 0.6297375 0.411378125 0.6224484375 0.4059078125 0.5612250000000001 0.3949671875 0.53644375 0.39387343750000003 0.51895 0.39825 0.5116625 0.3829328125 0.497084375 0.3862140625 0.533528125 0.39825 0.58600625 0.40153125 0.6399421875 0.38949687499999996 0.61661875 0.3840265625 0.5918375 0.3829328125 0.6253640625 0.391684375 0.6472296875 0.4146609375 0.6486875000000001 0.41575468750000005 0.6676390624999999 0.42013125 0.67346875 0.429978125 0.6705546874999999 0.43326093749999994 0.6516031250000001
0 0.63785625 0.8994171874999999 0.688184375 0.75364375 0.689278125 0.7361515625 0.6028453125000001 0.7332359375 0.6028453125000001 0.7871718750000001 0.5951859374999999 0.7944609375 0.5634578125 0.793003125 0.5557984375 0.7973765625 0.560175 0.8177843749999999 0.5492343749999999 0.842565625 0.5514218750000001 0.8688046875 0.568928125 0.8746359375000001 0.5754921875 0.916909375 0.590809375 0.919825 0.6236328125 0.916909375 0.63785625 0.8994171874999999
0 0.5350109375 0.8731781249999999 0.5448578125 0.854228125 0.5437640625 0.79591875 0.5557984375 0.7915453125 0.5568921875 0.7580171874999999 0.5634578125 0.7332359375 0.47811875 0.7303203125 0.47592968750000003 0.7361515625 0.47702343750000004 0.9081625000000001 0.48030625000000005 0.916909375 0.510940625 0.9183671875 0.5207875 0.7580171874999999 0.5240703124999999 0.7448984375000001 0.5350109375 0.737609375 0.528446875 0.8250734375000001 0.5240703124999999 0.8279890625 0.5218812500000001 0.8440234375 0.5240703124999999 0.8935859374999999 0.5153171875 0.916909375 0.51969375 0.919825 0.529540625 0.916909375 0.5350109375 0.8731781249999999
0 0.45623593749999997 0.8979593749999999 0.4474828125 0.8848390625 0.44857812499999994 0.8381921875 0.43873125 0.7944609375 0.43873125 0.762390625 0.4452953125 0.7521859375 0.44638906250000004 0.7390671875 0.4431078125 0.7317781250000001 0.4245078125 0.7303203125 0.421225 0.73469375 0.4135671875 0.7361515625 0.41575468750000005 0.75364375 0.4234140625 0.7638484375 0.4256015625 0.774053125 0.4256015625 0.7900875 0.41794374999999995 0.8046640625 0.4146609375 0.8207000000000001 0.4146609375 0.8279890625 0.421225 0.836734375 0.4245078125 0.855684375 0.4256015625 0.8760937500000001 0.41903750000000006 0.886296875 0.4365421875 0.8965015624999999 0.44091874999999997 0.90670625 0.45623593749999997 0.9023328125000001 0.45623593749999997 0.8979593749999999
0 0.3862140625 0.8921281249999999 0.3949671875 0.8994171874999999 0.40372031249999996 0.8979593749999999 0.408096875 0.8921281249999999 0.408096875 0.88338125 0.39934375 0.8629734375 0.40043749999999995 0.842565625 0.388403125 0.8177843749999999 0.3763671875 0.8134109374999999 0.3643328125 0.7551015624999999 0.3665203125 0.740525 0.3873078125 0.7390671875 0.3873078125 0.7317781250000001 0.329321875 0.7288625 0.3260390625 0.7317781250000001 0.32713281250000004 0.7478140625 0.3326046875 0.7551015624999999 0.3435453125 0.75364375 0.3457328125 0.7580171874999999 0.35667343749999997 0.80320625 0.36323906250000004 0.8498546875 0.370896875 0.8688046875 0.370896875 0.8790093750000001 0.35667343749999997 0.8760937500000001 0.352296875 0.88338125 0.3555796875 0.8892125 0.367615625 0.8950437499999999 0.3730859375 0.90670625 0.3829328125 0.91399375 0.38949687499999996 0.91399375 0.3862140625 0.8921281249999999
0 0.3533921875 0.9037906250000001 0.349015625 0.8950437499999999 0.3347921875 0.88338125 0.3336984375 0.8600578125 0.328228125 0.8513125 0.32713281250000004 0.83381875 0.31838125 0.82653125 0.3140046875 0.8148687499999999 0.30853437499999997 0.7755109375 0.2954046875 0.76530625 0.2779 0.7288625 0.2538296875 0.7274046875 0.2549234375 0.7390671875 0.2669578125 0.7361515625 0.2768046875 0.7580171874999999 0.28993437499999997 0.774053125 0.3030640625 0.8177843749999999 0.3063453125 0.8527703125 0.3172859375 0.8790093750000001 0.32385156249999997 0.90670625 0.330415625 0.9125359375000001 0.3533921875 0.9096203125000001 0.3533921875 0.9037906250000001
0 0.251640625 0.8002921875 0.250546875 0.8002921875 0.2407 0.7711375 0.2385125 0.7696796875 0.22757187499999998 0.737609375 0.2253828125 0.7361515625 0.22428906249999997 0.7303203125 0.2231953125 0.7288625 0.20897187499999997 0.7288625 0.20678281250000002 0.7332359375 0.207878125 0.7332359375 0.210065625 0.7434406250000001 0.21553593750000002 0.750728125 0.217725 0.750728125 0.217725 0.75364375 0.22210000000000002 0.7580171874999999 0.22210000000000002 0.7609328125 0.22428906249999997 0.7638484375 0.22428906249999997 0.7725953125 0.21881875 0.7725953125 0.22210000000000002 0.793003125 0.22757187499999998 0.8002921875 0.229759375 0.8002921875 0.231946875 0.80320625 0.2407 0.8046640625 0.2407 0.806121875 0.24507656249999998 0.806121875 0.24507656249999998 0.8075796875 0.251640625 0.8075796875 0.251640625 0.8002921875
0 0.1069890625 0.781340625 0.0960484375 0.7682218749999999 0.0851078125 0.7448984375000001 0.08182500000000001 0.7434406250000001 0.071978125 0.7274046875 0.0347796875 0.7244890625 0.011803125000000001 0.7244890625 0.0041453125 0.7274046875 0.0161796875 0.74635625 0.0238390625 0.7521859375 0.0344546875 0.76161875 0.0441828125 0.76161875 0.043720312500000004 0.7557578125 0.0319078125 0.7480453125000001 0.033528125 0.74156875 0.027275 0.7366328125 0.0282015625 0.7332390625 0.0358453125 0.740334375 0.0455734375 0.7474296875 0.056228125 0.765628125 0.071978125 0.7667640625 0.0851078125 0.7711375 0.09386093749999999 0.781340625 0.1026125 0.78425625 0.1069890625 0.78425625 0.1069890625 0.781340625
0 0.21553593750000002 0.9008749999999999 0.2144421875 0.9008749999999999 0.2144421875 0.8979593749999999 0.21334843750000002 0.8979593749999999 0.21334843750000002 0.8950437499999999 0.21225312500000001 0.8950437499999999 0.20240624999999998 0.8658890625 0.2013125 0.8658890625 0.199125 0.8527703125 0.19803125 0.8527703125 0.19803125 0.8469390625000001 0.1859953125 0.8323609375000001 0.1859953125 0.8294453125000001 0.1838078125 0.82653125 0.180525 0.82653125 0.180525 0.8250734375000001 0.171771875 0.82653125 0.17286718750000002 0.8352765625 0.17833749999999998 0.842565625 0.180525 0.8498546875 0.1838078125 0.8527703125 0.1838078125 0.855684375 0.1849015625 0.855684375 0.1870890625 0.86443125 0.18927812500000002 0.8658890625 0.20021874999999997 0.8979593749999999 0.21115937499999998 0.9081625000000001 0.21553593750000002 0.9081625000000001 0.21553593750000002 0.9008749999999999
0 0 0.7900875 0.021881249999999998 0.8177843749999999 0.0229765625 0.8513125 0.061268750000000004 0.8965015624999999 0.0645515625 0.8965015624999999 0.061268750000000004 0.8819234375 0.0393875 0.8571421875 0.0350109375 0.8323609375000001 0.028446875 0.8221578125000001 0.030634375000000002 0.8177843749999999 0.0437640625 0.82653125 0.050328125 0.8192421875000001 0.0186 0.7944609375 0.012034375 0.7798828125 0.012034375 0.7667640625 0.0054703124999999995 0.76530625 0.0054703124999999995 0.774053125 0.0010937499999999999 0.7725953125 0 0.7714390625 0 0.7900875
0 0 0.901659375 0.0032828125 0.9023328125000001 0.0131296875 0.9096203125000001 0.036104687499999996 0.9037906250000001 0.0273515625 0.8950437499999999 0.008753125 0.8965015624999999 0 0.8903281249999999 0 0.901659375
0 0.38432499999999997 1 0.3829328125 0.9897953125000001 0.3818375 0.9897953125000001 0.3818375 0.9825078125 0.38074375 0.9825078125 0.38074375 0.97521875 0.37965 0.97521875 0.37965 0.9664718750000001 0.37855625000000004 0.9664718750000001 0.37855625000000004 0.9620984375000001 0.3774609375 0.9620984375000001 0.3774609375 0.9562687499999999 0.3763671875 0.9562687499999999 0.37527343750000003 0.947521875 0.37417968749999997 0.947521875 0.3730859375 0.9431484375 0.367615625 0.9431484375 0.368709375 0.9533531249999999 0.369803125 0.9533531249999999 0.369803125 0.9577265625000001 0.370896875 0.9577265625000001 0.370896875 0.9620984375000001 0.371990625 0.9620984375000001 0.371990625 0.9664718750000001 0.3730859375 0.9664718750000001 0.3730859375 0.972303125 0.37527343750000003 0.97521875 0.3763671875 0.9868796874999999 0.3774609375 0.9868796874999999 0.3774609375 1 0.38432499999999997 1
0 0.40919062500000003 0.9693875000000001 0.411378125 0.9693875000000001 0.411378125 0.9679296875000001 0.41247187500000004 0.9679296875000001 0.41247187500000004 0.9620984375000001 0.4135671875 0.9620984375000001 0.4146609375 0.9591843750000001 0.41903750000000006 0.9577265625000001 0.41903750000000006 0.9562687499999999 0.4256015625 0.9562687499999999 0.4256015625 0.9577265625000001 0.4420125 0.9562687499999999 0.4420125 0.9548109374999999 0.44857812499999994 0.9533531249999999 0.44857812499999994 0.9518953124999999 0.451859375 0.9518953124999999 0.451859375 0.9504374999999999 0.4540484375 0.9489796875 0.4540484375 0.9460640625 0.451859375 0.9460640625 0.451859375 0.94460625 0.428884375 0.94460625 0.428884375 0.9431484375 0.410284375 0.9431484375 0.410284375 0.94460625 0.4059078125 0.94460625 0.4059078125 0.9460640625 0.4048140625 0.9460640625 0.4048140625 0.947521875 0.4059078125 0.947521875 0.4059078125 0.9504374999999999 0.40700156249999997 0.9504374999999999 0.40700156249999997 0.9635562500000001 0.4059078125 0.9635562500000001 0.4059078125 0.9693875000000001 0.408096875 0.9693875000000001 0.408096875 0.9708453125000001 0.40919062500000003 0.9708453125000001 0.40919062500000003 0.9693875000000001
0 0.589090625 1 0.591903125 0.9912531250000001 0.5995625 0.9912531250000001 0.6028453125000001 0.9868796874999999 0.6072203125 0.9883374999999999 0.611596875 0.9854234375 0.6170671875 0.9650140625000001 0.6137859375 0.9591843750000001 0.609409375 0.9577265625000001 0.609409375 0.9548109374999999 0.6148796875 0.9533531249999999 0.6148796875 0.9489796875 0.58205625 0.9489796875 0.58205625 0.9577265625000001 0.5842453125 0.9606406249999999 0.591903125 0.9620984375000001 0.590809375 0.97521875 0.58205625 0.9825078125 0.57768125 0.978134375 0.571115625 0.9766765625 0.5743984375 0.9548109374999999 0.5733046875000001 0.947521875 0.550328125 0.9460640625 0.5470453125 0.9548109374999999 0.54048125 0.9562687499999999 0.54048125 0.9620984375000001 0.5426703125000001 0.9650140625000001 0.5459515625 0.9635562500000001 0.5448578125 0.9825078125 0.5536109375 0.98105 0.5547046875 0.9693875000000001 0.55908125 0.9693875000000001 0.5645515624999999 0.98105 0.5638734375000001 1 0.5750234375 1 0.5754921875 0.9985421875 0.5831515625 0.9897953125000001 0.5831515625 0.997084375 0.5822125 1 0.589090625 1
0 0.5229765625 1 0.5229765625 0.9927109375000001 0.5240703124999999 0.9927109375000001 0.5240703124999999 0.9825078125 0.5251640625 0.9825078125 0.5251640625 0.9664718750000001 0.5262578125 0.9664718750000001 0.5262578125 0.9562687499999999 0.528446875 0.9548109374999999 0.528446875 0.947521875 0.5273515625 0.9460640625 0.5175062500000001 0.9460640625 0.5164109375 0.9635562500000001 0.5131296875 0.9635562500000001 0.512034375 0.9620984375000001 0.512034375 0.947521875 0.5065640625000001 0.947521875 0.5065640625000001 0.9562687499999999 0.507659375 0.9562687499999999 0.507659375 0.9620984375000001 0.5087531249999999 0.9620984375000001 0.5087531249999999 0.9664718750000001 0.510940625 0.9679296875000001 0.510940625 0.9708453125000001 0.5087531249999999 0.9737609375 0.5065640625000001 0.9737609375 0.5054703125 0.9795921875 0.5065640625000001 0.9795921875 0.5065640625000001 0.9854234375 0.507659375 0.9854234375 0.507659375 0.99416875 0.510940625 0.9956265625 0.512034375 0.9985421875 0.5142234375 0.9956265625 0.5142234375 0.9825078125 0.5153171875 0.9825078125 0.5153171875 0.978134375 0.5175062500000001 0.9766765625 0.5175062500000001 0.9737609375 0.51969375 0.9766765625 0.51969375 0.997084375 0.5186 0.997084375 0.5186 1 0.5229765625 1