1 1 0.704221875 0.5495687499999999 0.35569375000000003 0.0891484375 0.44055 0.2849703125 1 0.8702406249999999 1 1 0.9402953125 1 0.704221875
1 0.32808125 0.1745296875 0.0044015625 0.216290625 0.081734375 0.44035 0.547309375 0.35400156250000003 0.32808125 0.1745296875
1 0 0.20162968750000002 0.004890625 0.21516562499999997 0.3190421875 0.17283593749999998 0.20402499999999998 0.0822984375 0 0.107165625 0 0.20162968750000002
1 0.5925109375 0.13897500000000002 0.42624843749999997 0.06537343749999999 0.203778125 0.0831015625 0.31678125 0.1762234375 0.5925109375 0.13897500000000002
1 0.8185171875 0.10680468750000001 0.6051546875 0.038575 0.416225 0.061090624999999996 0.5857296875 0.13728125 0.8185171875 0.10680468750000001
1 1 0.161215625 0.813996875 0.10341875 0.5902499999999999 0.13897500000000002 0.9179609375 0.2761171875 0.9157015625 0.2710375 1 0.2517953125 1 0.161215625
1 0.5430078125 0.3474609375 0.902140625 0.2778109375 0.587990625 0.13897500000000002 0.32356250000000003 0.17283593749999998 0.5430078125 0.3474609375
1 1 0.2551671875 0.915890625 0.27411875 1 0.3176984375 1 0.2551671875
1 1 0.3192984375 0.913440625 0.27273125 0.5631296875 0.350615625 1 0.70573125 1 0.3192984375
0 0.5774125 0.9038203125000001 0.5909734375 0.9156718749999999 0.609053125 0.9241375 0.6203546875 0.934296875 0.645215625 0.9359890625 0.6610359375 0.9122859375000001 0.6768562499999999 0.8953546875 0.6926765625 0.88858125 0.7333578125 0.880115625 0.7559578124999999 0.863184375 0.76951875 0.8428671874999999 0.78081875 0.82255 0.7830796875 0.7920734375 0.78081875 0.7717562499999999 0.78081875 0.7497453125 0.7559578124999999 0.70403125 0.7469187500000001 0.68540625 0.7401375 0.6650890625 0.719796875 0.6498515625 0.6768562499999999 0.61768125 0.6632953125000001 0.593978125 0.647475 0.578740625 0.6316546875 0.5550359375 0.615834375 0.526253125 0.5932328124999999 0.4957765625 0.575153125 0.47376562499999997 0.5728921875 0.4280515625 0.568371875 0.39926875 0.5615921875 0.38064375 0.557071875 0.37217812499999997 0.54803125 0.3687921875 0.545771875 0.3671 0.3491453125 0.4009625 0.36948593750000003 0.43651718749999996 0.383046875 0.456834375 0.38982656250000003 0.4788453125 0.383046875 0.494084375 0.3875671875 0.507628125 0.4033875 0.51609375 0.45310937500000004 0.51609375 0.46214843749999995 0.49239062499999997 0.46214843749999995 0.47715312499999996 0.46440937499999996 0.47545937499999996 0.5028296875 0.5177875000000001 0.50735 0.524559375 0.5118703124999999 0.5381046875 0.5096109375 0.5550359375 0.48927031249999997 0.5651953125 0.48700937499999997 0.5736609374999999 0.48700937499999997 0.60075 0.48700937499999997 0.6075234375 0.4983109375 0.6244546875 0.505090625 0.6312265625 0.44632812499999996 0.629534375 0.42372812499999996 0.626146875 0.41016718750000003 0.629534375 0.40790781249999997 0.6413859375000001 0.41242812500000003 0.6532375 0.4282484375 0.660009375 0.44406875 0.6667828124999999 0.45536875 0.67016875 0.43276875 0.6769406250000001 0.4305078125 0.68879375 0.43276875 0.6938718749999999 0.46312968750000005 0.7616828124999999 0.45084843750000003 0.778528125 0.4372890625 0.7853015625 0.40564687499999996 0.8073124999999999 0.42372812499999996 0.8123906249999999 0.4598890625 0.8191640625 0.4779703125 0.82085625 0.5231703125 0.831015625 0.557071875 0.8394812500000001 0.575153125 0.8496406249999999 0.5796734375 0.8682640625 0.5796734375 0.8851953124999999 0.5774125 0.9038203125000001
0 0.32582187500000004 0.9178124999999999 0.337121875 0.922890625 0.3687625 0.9211984375 0.39814375 0.9161187500000001 0.39814375 0.90088125 0.384584375 0.8924156249999999 0.36424218750000004 0.889028125 0.3348625 0.8991875 0.32356250000000003 0.9059593749999999 0.32582187500000004 0.9178124999999999
0 0.244459375 0.7755890625 0.23767812500000002 0.79929375 0.247340625 0.8002109374999999 0.26480000000000004 0.7976 0.267059375 0.790828125 0.26253906250000003 0.7840546875000001 0.24897968750000002 0.7755890625 0.244459375 0.7755890625
0 0.2602796875 0.655378125 0.255759375 0.6401390625000001 0.23541875 0.6299812499999999 0.2060375 0.6401390625000001 0.20829843750000002 0.6638437500000001 0.22411875 0.6672296875 0.2421984375 0.6672296875 0.2602796875 0.655378125
0 0.2825203125 0.6401390625000001 0.2825203125 0.6502984374999999 0.29834062499999997 0.6587640625 0.3232015625 0.66045625 0.32998125 0.653684375 0.32998125 0.6418328125 0.31416093749999996 0.6299812499999999 0.29834062499999997 0.6299812499999999 0.2847796875 0.636753125 0.2825203125 0.6401390625000001
0 0.93660625 0.6831453125 0.9360406250000001 0.7180234375000001 0.92248125 0.740034375 0.9247406249999999 0.7434203125 0.9383015625000001 0.7485 0.9563828125 0.7501921874999999 0.9789828125 0.72818125 0.9812421875 0.7146375 0.9812421875 0.706171875 0.9699421875 0.6960124999999999 0.9518625000000001 0.6824671875 0.9496015625 0.680775 0.93660625 0.6831453125
0 0.2592359375 0.386953125 0.2721765625 0.39463593750000003 0.276696875 0.39463593750000003 0.306078125 0.3861703125 0.31511875 0.3793984375 0.31511875 0.37601249999999997 0.31511875 0.3573875 0.3015578125 0.350615625 0.258615625 0.350615625 0.24957656250000002 0.35400156250000003 0.24053593750000002 0.364159375 0.2592359375 0.386953125
0 0.25855625 0.2663703125 0.2555734375 0.2654765625 0.256765625 0.2534078125 0.2627328125 0.2538546875 0.271084375 0.2565375 0.2758578125 0.2538546875 0.2824203125 0.24715156249999998 0.284209375 0.23776562499999998 0.2836125 0.2248046875 0.2824203125 0.22033437500000003 0.2746640625 0.20424531250000003 0.265715625 0.19351875000000002 0.25020312499999997 0.1908359375 0.238271875 0.1894953125 0.2203734375 0.1903890625 0.2132140625 0.1894953125 0.1923328125 0.19441250000000002 0.1875609375 0.200221875 0.1869640625 0.2087140625 0.18994687500000002 0.21497187499999998 0.191140625 0.2252515625 0.18994687500000002 0.23642500000000002 0.18815625 0.23955312499999998 0.1798046875 0.2475984375 0.161309375 0.2565375 0.149975 0.26458125 0.1535546875 0.2690515625 0.1595203125 0.2686046875 0.17085625 0.2672640625 0.1792078125 0.2659234375 0.1918046875 0.26067968750000003 0.19054374999999998 0.261453125 0.1869640625 0.2672640625 0.180996875 0.2753078125 0.1923328125 0.281565625 0.203071875 0.283353125 0.21440781250000002 0.284246875 0.2203734375 0.2869296875 0.23170937500000002 0.2873765625 0.24125468749999998 0.284246875 0.25318593749999996 0.2838 0.2615390625 0.2753078125 0.2609421875 0.2721796875 0.25855625 0.2663703125
0 0.33909687499999996 0.31866249999999996 0.32418281250000003 0.324025 0.327165625 0.3276 0.3349203125 0.3307296875 0.33671093750000003 0.33564531249999996 0.33969375 0.3365390625 0.35043281249999997 0.3351984375 0.35818906250000004 0.3338578125 0.36833125 0.33251718750000003 0.37370000000000003 0.323578125 0.3695234375 0.3164265625 0.3701203125 0.3092765625 0.35818906250000004 0.304359375 0.3486421875 0.3092765625 0.33909687499999996 0.31866249999999996
0 0.420234375 0.30346562499999996 0.42799062499999996 0.3088296875 0.429184375 0.3146390625 0.42978125 0.32134375 0.43515 0.326259375 0.44051875 0.3289421875 0.4584171875 0.3320703125 0.4715421875 0.3298359375 0.4810875 0.32670625000000003 0.48765156249999997 0.325365625 0.48705468749999997 0.319109375 0.48586093750000003 0.3137453125 0.468559375 0.3115109375 0.46438281249999996 0.3124046875 0.45961093750000004 0.3115109375 0.45364531250000006 0.30659375 0.4512578125 0.30346562499999996 0.44708125 0.302571875 0.44290624999999995 0.30033750000000003 0.44051875 0.2963140625 0.43693906250000003 0.29273906250000004 0.4315703125 0.2869296875 0.4262015625 0.281565625 0.420234375 0.2694984375 0.414865625 0.263240625 0.41128593750000003 0.259665625 0.39994999999999997 0.2534078125 0.395775 0.2516203125 0.38563125 0.2493859375 0.3784734375 0.2511734375 0.37429687500000003 0.258325 0.37429687500000003 0.26368749999999996 0.3772796875 0.2668171875 0.383390625 0.272971875 0.38742187499999997 0.2753078125 0.3892109375 0.27754375 0.3892109375 0.27933125 0.38742187499999997 0.2869296875 0.38801874999999997 0.2918453125 0.3921953125 0.2967625 0.39875781250000003 0.301678125 0.4029328125 0.3039125 0.40591718749999994 0.30346562499999996 0.4184453125 0.30301875 0.420234375 0.30346562499999996
0 0.1505703125 0.3861703125 0.16190625 0.397790625 0.1792078125 0.394215625 0.1923328125 0.3848296875 0.1917359375 0.37946562500000003 0.18994687500000002 0.37365624999999997 0.1923328125 0.3700796875 0.201878125 0.3682921875 0.21440781250000002 0.3615875 0.21261718749999997 0.3544375 0.2060546875 0.35041406249999996 0.1941234375 0.3499671875 0.1875609375 0.3499671875 0.180996875 0.353096875 0.175628125 0.35801249999999996 0.17503125 0.36471718750000004 0.169065625 0.36605781249999997 0.1660828125 0.3642703125 0.161309375 0.361140625 0.1589234375 0.356225 0.1577296875 0.353990625 0.15534375 0.3468390625 0.14639531249999999 0.3454984375 0.14639531249999999 0.3450515625 0.13446249999999998 0.3454984375 0.1255140625 0.3463921875 0.11596875 0.35041406249999996 0.1111953125 0.356671875 0.1123890625 0.3638234375 0.1171609375 0.373209375 0.12730312500000002 0.377678125 0.1446046875 0.3799125 0.149975 0.382146875 0.1505703125 0.3861703125
0 0.2054578125 0.172084375 0.1845765625 0.16895625 0.17264531249999998 0.16493437500000002 0.1720484375 0.1600171875 0.17741875000000001 0.1573359375 0.180996875 0.151078125 0.1792078125 0.14482187500000002 0.1696625 0.1403515625 0.161309375 0.1394578125 0.1511671875 0.1399046875 0.140428125 0.14348125 0.128496875 0.14705625 0.13386562500000002 0.1564421875 0.136253125 0.1622515625 0.12909375 0.16493437500000002 0.1243203125 0.1631453125 0.12133750000000001 0.16180468750000002 0.10880937500000001 0.1644875 0.0986671875 0.1680625 0.0921046875 0.172084375 0.086734375 0.1756609375 0.0837515625 0.1810234375 0.0861375 0.186834375 0.094490625 0.19264375 0.10105312500000001 0.19309062500000002 0.10343906249999998 0.187728125 0.11775781249999999 0.18549374999999999 0.12789999999999999 0.1814703125 0.13326875 0.1756609375 0.135059375 0.1743203125 0.14818437499999998 0.1747671875 0.1475875 0.17253125 0.1631 0.1792359375 0.1798046875 0.1792359375 0.195315625 0.17700156250000001 0.20008906249999997 0.1756609375 0.2060546875 0.173425 0.2054578125 0.172084375
0 0.05213125 0.1314125 0.060484375 0.127390625 0.05869375 0.1188984375 0.053921874999999994 0.1175578125 0.0419890625 0.1184515625 0.0348296875 0.1206859375 0.031846875000000004 0.12336875 0.03125 0.1278375 0.0336375 0.13230625000000001 0.039603125 0.1340953125 0.03900625 0.13230625000000001 0.05213125 0.1314125
0 0.13565624999999998 0.0965515625 0.12730312500000002 0.0978921875 0.12014375 0.107725 0.1195484375 0.110853125 0.12014375 0.11711093749999998 0.1243203125 0.12202656249999999 0.129690625 0.12470937499999998 0.135059375 0.12470937499999998 0.141621875 0.12515625 0.14221875 0.122475 0.142815625 0.11621718750000001 0.149378125 0.10906562500000001 0.1523609375 0.10906562500000001 0.1589234375 0.110853125 0.16369687500000002 0.110853125 0.1720484375 0.110853125 0.175628125 0.10906562500000001 0.17741875000000001 0.10146875 0.169065625 0.0943171875 0.1523609375 0.09521093750000001 0.149378125 0.09521093750000001 0.13565624999999998 0.0965515625
0 0.0985375 0.128140625 0.0843484375 0.1327546875 0.0831546875 0.1336484375 0.08494531250000001 0.1403515625 0.0927 0.1403515625 0.10343906249999998 0.1376703125 0.1100015625 0.1345421875 0.1123890625 0.1336484375 0.11417812499999999 0.130965625 0.112984375 0.130071875 0.106421875 0.1278375 0.10164999999999999 0.12694375 0.0985375 0.128140625
0 0.4124796875 0.10906562500000001 0.4041265625 0.107725 0.39458125 0.10906562500000001 0.3898078125 0.1153234375 0.3892109375 0.11711093749999998 0.380859375 0.1193453125 0.37370000000000003 0.1188984375 0.3641546875 0.11979218750000001 0.35878437500000004 0.1211328125 0.354609375 0.12381562500000001 0.354609375 0.131859375 0.3563984375 0.1367765625 0.3575921875 0.1407984375 0.35938125 0.148396875 0.36176718750000003 0.1546546875 0.36176718750000003 0.1564421875 0.3707171875 0.15778281249999998 0.37906875 0.1564421875 0.388615625 0.151971875 0.38742187499999997 0.151971875 0.4035296875 0.149290625 0.4065125 0.14884375 0.4100921875 0.146609375 0.4065125 0.1345421875 0.4065125 0.130965625 0.416059375 0.129178125 0.42799062499999996 0.12605 0.4327640625 0.12381562500000001 0.43335937500000005 0.11621718750000001 0.42978125 0.11353593749999999 0.42083125 0.1113 0.4124796875 0.10906562500000001
0 0.694075 0.10549062499999999 0.7006375 0.10280937500000001 0.7113765625 0.0992328125 0.71495625 0.0974453125 0.7328828125 0.0965515625 0.7550609374999999 0.0969984375 0.7663968750000001 0.0987859375 0.764009375 0.0938703125 0.7532703125 0.088953125 0.7431281249999999 0.086271875 0.736565625 0.08314375 0.716878125 0.0773328125 0.7132984375 0.0764390625 0.695996875 0.07375781249999999 0.6918203125 0.08135624999999999 0.6924171875 0.085825 0.6882406249999999 0.08940000000000001 0.6739234374999999 0.09029374999999999 0.67034375 0.089846875 0.6661671874999999 0.08493125 0.66378125 0.0795671875 0.6590078125 0.0768859375 0.6542343749999999 0.0750984375 0.64170625 0.0742046875 0.6357406250000001 0.0795671875 0.6327578125 0.0840375 0.620825 0.088953125 0.6086609375 0.09029374999999999 0.6077 0.0925296875 0.59994375 0.0965515625 0.5981546875 0.0987859375 0.5981546875 0.10504374999999999 0.5987515625000001 0.107725 0.6041203125 0.1113 0.6099546874999999 0.109959375 0.62486875 0.10951249999999998 0.6308359375 0.10861875000000001 0.6368015625 0.107725 0.6427671875 0.0992328125 0.6421703125 0.0965515625 0.6493296875000001 0.0938703125 0.6564890625 0.0938703125 0.6612625000000001 0.09833906249999999 0.6654375 0.101915625 0.67975625 0.10683125 0.6898984375 0.10683125 0.694075 0.10549062499999999
0 0.5546031250000001 0.0523046875 0.5396875 0.0523046875 0.5253687499999999 0.0540921875 0.5080671875 0.0540921875 0.49553906249999996 0.0554328125 0.47709999999999997 0.0585171875 0.47048125 0.0657125 0.47048125 0.0715234375 0.4746578125 0.0742046875 0.4824140625 0.07554531249999999 0.49434531249999997 0.07554531249999999 0.5056812500000001 0.0715234375 0.5241765625 0.0675 0.5367046875 0.061690625 0.548040625 0.058114062499999994 0.553409375 0.0558796875 0.5569890625 0.0545390625 0.5546031250000001 0.0523046875
0 0.5349140625000001 0.26772968750000004 0.54625 0.2544140625 0.553409375 0.23957343749999999 0.5546031250000001 0.23510312500000002 0.552215625 0.22795312499999998 0.5492328125 0.2234828125 0.54088125 0.2167796875 0.5349140625000001 0.2118625 0.51880625 0.2024765625 0.5044875 0.188175 0.5003124999999999 0.1832578125 0.5026984375 0.18191718750000002 0.5170171875 0.1774484375 0.53193125 0.1752140625 0.533125 0.1716375 0.533125 0.16940312500000002 0.527159375 0.16180468750000002 0.5152265625 0.1573359375 0.505084375 0.1551015625 0.486590625 0.1582296875 0.451390625 0.1626984375 0.422753125 0.1680625 0.3971 0.16940312500000002 0.376815625 0.17253125 0.3803953125 0.17700156250000001 0.3923265625 0.1796828125 0.39829375 0.1792359375 0.41320781249999994 0.1832578125 0.4197703125 0.18728125 0.4346859375 0.1957734375 0.4490046875 0.2033703125 0.4597421875 0.209628125 0.4603390625 0.213203125 0.4627265625 0.215884375 0.4734640625 0.22884687499999998 0.47704375 0.231528125 0.49350468750000004 0.24207031250000002 0.49255625 0.251640625 0.486590625 0.2556625 0.47585156250000005 0.2650484375 0.4734640625 0.273540625 0.4746578125 0.2793515625 0.4806234375 0.2824796875 0.491959375 0.2851609375 0.49553906249999996 0.2851609375 0.5158234375 0.27890468749999997 0.5307390625 0.2755515625 0.5349140625000001 0.26772968750000004
0 0.6041203125 0.2811390625 0.6035234375 0.270859375 0.6011375 0.2623671875 0.5993484375 0.254321875 0.595171875 0.2520875 0.587415625 0.248065625 0.5832390625 0.248065625 0.5778703125 0.2556625 0.5790625 0.2646015625 0.580853125 0.271753125 0.58145 0.274434375 0.58145 0.27532812500000003 0.58145 0.2815859375 0.5802562499999999 0.29052500000000003 0.5802562499999999 0.296334375 0.5826421875000001 0.30348593749999997 0.588609375 0.30348593749999997 0.5981546875 0.2994640625 0.60233125 0.29499375 0.6029265625 0.290971875 0.6041203125 0.2811390625
0 0.6178421875 0.291865625 0.6130703125 0.3025921875 0.6112796875 0.312425 0.6124734375 0.31734062500000004 0.61545625 0.3213640625 0.6315640625000001 0.31868124999999997 0.64170625 0.316 0.6452859375 0.3106375 0.64826875 0.3039328125 0.655428125 0.295440625 0.6590078125 0.28828906249999997 0.6602015625 0.2842671875 0.6661671874999999 0.273540625 0.6691499999999999 0.2668359375 0.6721328125 0.257003125 0.6739234374999999 0.24582968749999998 0.67690625 0.2337625 0.6792921875 0.22795312499999998 0.6864515625000001 0.227059375 0.6930140625 0.2185671875 0.6936109375 0.214096875 0.682275 0.2118625 0.6757125 0.21230937499999997 0.6691499999999999 0.2154375 0.65721875 0.2042640625 0.655428125 0.1997953125 0.6506546875 0.192196875 0.642303125 0.188621875 0.6357406250000001 0.18728125 0.6291781249999999 0.19085625 0.6273875 0.19309062500000002 0.6196328125 0.1997953125 0.6232125 0.206053125 0.626790625 0.209628125 0.6321609375 0.21364999999999998 0.6405125 0.2163328125 0.6452859375 0.2172265625 0.6458828125 0.2248234375 0.6446890625 0.22884687499999998 0.6381265625 0.230634375 0.621421875 0.24270156250000002 0.616053125 0.24493593749999998 0.6112796875 0.2503 0.6166484375 0.25387499999999996 0.620825 0.25476875 0.62858125 0.25476875 0.629775 0.25476875 0.6303703125 0.2592390625 0.6250015624999999 0.2668359375 0.6244046875 0.2722 0.626790625 0.27890468749999997 0.6273875 0.2815859375 0.6178421875 0.291865625
0 0.5850296875 0.1613578125 0.5915921875000001 0.1586765625 0.5969609375 0.152865625 0.5945750000000001 0.14392812500000002 0.5915921875000001 0.143034375 0.5856265625 0.1421390625 0.5531609375000001 0.1486171875 0.558778125 0.1582296875 0.5659375 0.1622515625 0.5850296875 0.1613578125
0 0.85985625 0.1619890625 0.8632687499999999 0.157728125 0.86440625 0.1530421875 0.8592875 0.1509125 0.848484375 0.147078125 0.8439359375000001 0.147078125 0.8354062499999999 0.1432453125 0.8251703125000001 0.13855937499999998 0.8109546875 0.1343 0.80526875 0.13131718750000002 0.7961703124999999 0.12663125 0.787071875 0.12663125 0.7785421875 0.1287609375 0.7671703125 0.1338734375 0.7688765625 0.14281875 0.7813859375 0.1509125 0.787640625 0.152190625 0.7916203125 0.1543203125 0.7978765625 0.15730312500000002 0.80015 0.1598578125 0.8075421875 0.16241406249999998 0.816640625 0.16454375000000002 0.82971875 0.1649703125 0.8382484375000001 0.165821875 0.8467781249999999 0.1662484375 0.8530328125000001 0.16454375000000002 0.85985625 0.1619890625
0 0.8587203125 0.2173671875 0.8661125000000001 0.21523750000000003 0.8854453124999999 0.21821875 0.8951125 0.2156625 0.904209375 0.21268125000000002 0.9110343750000001 0.21097656250000002 0.9167203125000001 0.2096984375 0.9184265625 0.2054390625 0.9138765624999999 0.20032812500000002 0.904778125 0.1973453125 0.8985234375 0.1939375 0.8905625 0.19138125 0.8843078125 0.192234375 0.8689546874999999 0.19351093749999998 0.8530328125000001 0.1939375 0.8433671875 0.192234375 0.8354062499999999 0.19095625 0.8183468749999999 0.1918078125 0.820621875 0.19138125 0.8047000000000001 0.1939375 0.80526875 0.1986234375 0.8109546875 0.2050125 0.814934375 0.20799531249999997 0.820621875 0.211403125 0.8263078125 0.2156625 0.8393859375 0.2199234375 0.8422296875 0.2216265625 0.8564453125 0.2199234375 0.8587203125 0.2173671875
0 0.9729625000000001 0.4376515625 0.965984375 0.434165625 0.9578421875 0.43547343749999995 0.952609375 0.4389578125 0.9485671874999999 0.44565937499999997 0.9485374999999999 0.45115625000000004 0.9497015624999999 0.45246250000000005 0.954934375 0.454640625 0.96016875 0.4559484375 0.9648203125 0.45551250000000004 0.9717984375000001 0.453334375 0.9793593749999999 0.4507203125 0.9822671875 0.44984843750000003 0.9851734375 0.445928125 0.9781953124999999 0.43982968749999996 0.9729625000000001 0.4376515625
0 0.7583796875 0.367946875 0.7490765625 0.3675125 0.74675 0.3683828125 0.7438421875000001 0.37056093749999997 0.74675 0.3757890625 0.74675 0.37361093749999996 0.74733125 0.37666093749999996 0.7479125 0.3779671875 0.7508203124999999 0.379709375 0.755471875 0.381453125 0.75954375 0.38058125 0.7624515625 0.38058125 0.7641953125 0.3779671875 0.7647765625 0.37186875 0.7630328125 0.369690625 0.7583796875 0.367946875
0 0.7700109375 0.464225 0.7717546875 0.4659671875 0.7775703125 0.4677109375 0.786875 0.46858125 0.7955984375 0.466403125 0.8031578125 0.4559484375 0.8008312500000001 0.45202656250000006 0.795015625 0.44810625000000004 0.78629375 0.448978125 0.7746625 0.45943281249999995 0.7700109375 0.464225
0 0.9398156249999999 0.3187203125 0.9351625 0.32394687499999997 0.9339999999999999 0.3330953125 0.9345812499999999 0.33570937500000003 0.9345812499999999 0.3370171875 0.9345812499999999 0.3409375 0.9473750000000001 0.3439875 0.9566796875 0.34050156249999997 0.9642390625000001 0.33570937500000003 0.9688921875000001 0.33004687499999996 0.96075 0.32394687499999997 0.9560984375 0.32176875 0.9473750000000001 0.3191546875 0.9398156249999999 0.3187203125