1 1 0.8590546874999999 0.8932062500000001 0.49178750000000004 0 0.5503625000000001 0 0.9310171875 1 0.9762281249999999 1 0.8590546874999999
0 0.6969578125 0.7792578125 0.6874828125 0.76403125 0.656353125 0.765046875 0.65770625 0.772153125 0.6861296875 0.7812890625 0.6969578125 0.7792578125
0 0.6522921875 0.6300375 0.659059375 0.6209015625000001 0.600859375 0.6198859375 0.5940921875 0.6269921875 0.6022140625 0.6310515624999999 0.6522921875 0.6300375
0 0.8228312499999999 0.8208781249999999 0.8323046875 0.8056515624999999 0.801175 0.80260625 0.78899375 0.8117421874999999 0.7944078125 0.8218937499999999 0.8228312499999999 0.8208781249999999
0 0.64823125 0.7345937499999999 0.6522921875 0.71530625 0.6171015625 0.71530625 0.59950625 0.7224125 0.6035671875 0.7295171875 0.6306359375 0.7295171875 0.6387578125 0.721396875 0.6401109375 0.7345937499999999 0.64823125 0.7345937499999999
0 0.8404265625 0.702109375 0.8390734375 0.6929734375 0.812003125 0.6950046875 0.765984375 0.66658125 0.753803125 0.6736875 0.775459375 0.68586875 0.7822265625 0.7010953125 0.812003125 0.6990640625 0.8323046875 0.7061703125000001 0.8404265625 0.702109375
0 0.8634359375 0.869603125 0.870203125 0.8584375 0.8255375 0.845240625 0.802528125 0.852346875 0.8350125 0.8726484375 0.8634359375 0.869603125
0 0.787640625 0.8635125 0.7944078125 0.8543765625 0.7091390625 0.8493015625 0.6780078125 0.8604671875 0.7240265625 0.8665578125 0.787640625 0.8635125
0 0.767053125 0.7798484375 0.769759375 0.7737578125 0.7751734375 0.7798484375 0.8157781249999999 0.7798484375 0.8198390625 0.7625921875 0.7968296875 0.7534562499999999 0.7288953125 0.7522453125 0.6830078125 0.7522453125 0.7007328125 0.7727421875 0.7494578125 0.78289375 0.767053125 0.7798484375
0 0.5561953125 0.8076812500000001 0.5467203125 0.790425 0.5318328125 0.7934703125 0.537246875 0.8097109375 0.5561953125 0.8076812500000001
0 0.9717140625 0.9102078125 0.9947234375 0.8970109374999999 0.9473515625 0.8777234375 0.9419375000000001 0.9000562499999999 0.8566687500000001 0.9031015625000001 0.860728125 0.9102078125 0.8783234375 0.9112234375 0.9717140625 0.9102078125
0 0.83771875 0.9294953125 0.848546875 0.8990421874999999 0.812003125 0.887875 0.7849328125 0.8939656250000001 0.717259375 0.8939656250000001 0.703725 0.9020875 0.65770625 0.8939656250000001 0.6279296875 0.895996875 0.6252234375 0.8899046875 0.619809375 0.8980265624999999 0.610334375 0.8970109374999999 0.6279296875 0.9041171875 0.703725 0.9081781250000001 0.7091390625 0.9223890625 0.7280875 0.92645 0.738915625 0.920359375 0.812003125 0.9162984375000001 0.824184375 0.9294953125 0.83771875 0.9294953125
0 0.5467203125 0.9528421874999999 0.5561953125 0.9112234375 0.5115296875 0.9081781250000001 0.49799531249999995 0.9162984375000001 0.4709265625 0.9162984375000001 0.4628046875 0.9284796875 0.4249078125 0.930509375 0.40325156250000005 0.920359375 0.3788890625 0.9284796875 0.3301640625 0.9223890625 0.301740625 0.9355859375 0.34640624999999997 0.9467515625 0.40325156250000005 0.94878125 0.408665625 0.9406609375 0.4113734375 0.94878125 0.4993484375 0.9518265625 0.5467203125 0.9528421874999999
0 0.904040625 0.9711140625000001 0.9080999999999999 0.9599484374999999 0.8905046875 0.9508125 0.87155625 0.9508125 0.8634359375 0.9650234375 0.836365625 0.9629937500000001 0.8228312499999999 0.954871875 0.765984375 0.954871875 0.7565109375 0.9599484374999999 0.7578640625 0.967053125 0.775459375 0.9700984375000001 0.904040625 0.9711140625000001
0 0.4222 0.772153125 0.4276140625 0.759971875 0.44115000000000004 0.76403125 0.4628046875 0.75388125 0.4844609375 0.7660625 0.49258125 0.7559109375 0.5115296875 0.75388125 0.51694375 0.759971875 0.5304796875 0.7559109375 0.54130625 0.7620015625 0.573790625 0.7620015625 0.5819109375 0.770121875 0.598153125 0.772153125 0.610334375 0.7691078124999999 0.6184546875 0.752865625 0.5792046875 0.7417 0.506115625 0.7376390625 0.49799531249999995 0.7254578125 0.4871671875 0.7376390625 0.3978375 0.733578125 0.3910703125 0.7427140624999999 0.399190625 0.7609859375 0.3910703125 0.7711375 0.399190625 0.7751984375000001 0.4222 0.772153125
0 0 0.582065625 0.0080359375 0.5825296875 0.0093890625 0.5713625 0 0.571865625 0 0.582065625
0 0.96359375 0.7680921875 0.9649468750000001 0.75895625 0.9473515625 0.747790625 0.8932125 0.75185 0.8796765625 0.7417 0.870203125 0.7447453125 0.8634359375 0.759971875 0.84719375 0.745759375 0.8323046875 0.752865625 0.8323046875 0.7630171875 0.8526078125 0.772153125 0.8661421875 0.772153125 0.8877984375000001 0.759971875 0.8864453125 0.7691078124999999 0.894565625 0.7731671875 0.96359375 0.7680921875
0 0.9811890625 0.834075 0.9744203125 0.8188484375 0.9622390624999999 0.8218937499999999 0.9622390624999999 0.8361046875 0.9811890625 0.834075
0 0.8038828125 0.6077046875 0.809296875 0.599584375 0.8201234375 0.605675 0.8417796875000001 0.60364375 0.8553140625 0.585371875 0.8688499999999999 0.5813109375 0.8742640625 0.587403125 0.8864453125 0.5802968749999999 0.8783234375 0.572175 0.8891515625 0.5599937500000001 0.8661421875 0.548828125 0.8065890625 0.548828125 0.7808734375 0.5579640625 0.78899375 0.5640546875 0.7849328125 0.5691296875 0.729440625 0.5701453125 0.7362078125 0.587403125 0.763278125 0.5955234375 0.7686921875 0.605675 0.787640625 0.5914625 0.7917015625 0.6066890625 0.8038828125 0.6077046875
0 0.44374062500000006 0.6809890625 0.40659375000000003 0.6777124999999999 0.37272500000000003 0.6744375 0.32793125 0.666246875 0.32793125 0.6916359375 0.3768203125 0.7112953125 0.45029531250000004 0.7194843750000001 0.5377 0.7186640625 0.5326234375000001 0.6863312500000001 0.48088749999999997 0.684265625 0.44374062500000006 0.6809890625
0 0.49409843750000004 0.595984375 0.50221875 0.608165625 0.52116875 0.595984375 0.5428234375 0.595984375 0.5509453125 0.60410625 0.5563578125 0.595984375 0.5698937500000001 0.598015625 0.582075 0.5888796875 0.5671859375 0.585834375 0.5671859375 0.57974375 0.586134375 0.57974375 0.6132046875 0.591925 0.629446875 0.58989375 0.6944140625 0.5391390625 0.7214828125 0.5310171875 0.8135203125 0.535078125 0.84465 0.517821875 0.84735625 0.5076703124999999 0.78374375 0.5066546875 0.607790625 0.522896875 0.60914375 0.5340625 0.583428125 0.5553796875 0.5509453125 0.5492890625 0.5509453125 0.5594406249999999 0.5157546875000001 0.56553125 0.48597812500000004 0.585834375 0.47920937500000005 0.6051203125 0.4846234375 0.6071515625 0.49409843750000004 0.595984375
1 0 0.5441312500000001 0.9003859375 0.477909375 0.8359249999999999 0.2747890625 0.8359249999999999 0.275609375 0.1279546875 0.3607875 0 0.49466406249999995 0 0.5441312500000001
0 0.695603125 0.3965609375 0.751096875 0.359003125 0.751096875 0.3529109375 0.717259375 0.3539265625 0.68206875 0.3681390625 0.6387578125 0.3742296875 0.5900328125 0.3742296875 0.58461875 0.3661078125 0.5724375 0.37524375 0.576496875 0.38235 0.5575484375 0.38235 0.539953125 0.3914859375 0.5440140625 0.3965609375 0.598153125 0.3965609375 0.6022140625 0.40366718749999997 0.695603125 0.3965609375
0 0.5548421875 0.4655890625 0.703725 0.449346875 0.801175 0.451378125 0.8228312499999999 0.449346875 0.8323046875 0.4361515625 0.8065890625 0.42701406249999996 0.7335015625 0.437165625 0.644171875 0.437165625 0.6414640625 0.44325625 0.6035671875 0.4351359375 0.5819109375 0.45543750000000005 0.5304796875 0.451378125 0.469571875 0.4645734375 0.5548421875 0.4655890625
0 0.75245 0.351896875 0.797115625 0.32854843749999996 0.799821875 0.308246875 0.7686921875 0.29708125 0.74974375 0.303171875 0.7091390625 0.303171875 0.6888359375 0.32651875 0.707784375 0.332609375 0.7131984375 0.35088125 0.75245 0.351896875
0 0.4120125 0.381028125 0.3278875 0.3875796875 0.2525015625 0.400684375 0.2830921875 0.4129703125 0.3486453125 0.41378906249999997 0.395625 0.416246875 0.47538125000000003 0.41133125000000004 0.5300078125 0.40641718750000005 0.5223609375 0.3695609375 0.477565625 0.37120000000000003 0.4120125 0.381028125
0 0.12443437500000001 0.4351359375 0.1284953125 0.42396874999999995 0.1081921875 0.424984375 0.109546875 0.4341203125 0.12443437500000001 0.4351359375
0 0.7692765625 0.3572109375 0.750703125 0.37686875 0.7430546875 0.39734375 0.7714609375 0.4088109375 0.8064234375 0.41454375 0.8446624999999999 0.4088109375 0.8534015625 0.39570625000000004 0.8391984375 0.37031562500000004 0.823903125 0.36048749999999996 0.829365625 0.34083125000000003 0.8348296875000001 0.3228125 0.8053296874999999 0.334278125 0.807515625 0.33018281250000003 0.78675625 0.3441078125 0.7692765625 0.3572109375
1 0.13205625000000001 0.357465625 0.8389203125 0.273353125 0.8015203124999999 0.165690625 0.800771875 0.16400781250000002 0.2345328125 0.2464375 0.13205625000000001 0.357465625
0 0.664446875 0.2402703125 0.7767859374999999 0.22098281250000001 0.737534375 0.21996875 0.7294140625 0.211846875 0.7023453125 0.213878125 0.6482046875 0.226059375 0.63873125 0.23925468749999998 0.664446875 0.2402703125
0 0.8160640625 0.210796875 0.801175 0.1691765625 0.7443296875 0.1732375 0.6861296875 0.1864328125 0.717259375 0.1874484375 0.71590625 0.202675 0.7253796875 0.19556875 0.738915625 0.215871875 0.7565109375 0.2189171875 0.8160640625 0.210796875
0 0.740184375 0.2385875 0.7581359375 0.2447546875 0.7416796875 0.25877343750000004 0.709515625 0.2598953125 0.68483125 0.26438125 0.721484375 0.2711109375 0.7543968750000001 0.265503125 0.7903 0.26101718749999997 0.824709375 0.2576515625 0.817228125 0.2397078125 0.8112453125 0.22849375 0.7895531250000001 0.2228859375 0.7663640625 0.22400781250000001 0.68483125 0.2419515625 0.6862765625 0.2439265625 0.71774375 0.2391484375 0.740184375 0.2385875
0 0.484365625 0.26830625 0.5060578125 0.2542875 0.49259375 0.2486796875 0.45519375 0.2559703125 0.4372421875 0.261578125 0.4372421875 0.2711109375 0.45968125000000004 0.2711109375 0.4851140625 0.265503125 0.484365625 0.26830625
0 0.5928265625 0.23578281250000002 0.5673953125 0.24139062500000003 0.5427109375 0.24139062500000003 0.533734375 0.24307343750000002 0.527003125 0.25260625000000003 0.531490625 0.26325937499999996 0.550190625 0.2576515625 0.574875 0.255409375 0.6025515625 0.25653125 0.6167625 0.2537265625 0.632471875 0.24026874999999998 0.636959375 0.2251296875 0.6317234375 0.2251296875 0.6167625 0.2290546875 0.5928265625 0.23578281250000002
0 0.3242921875 0.32101718749999997 0.301853125 0.3238203125 0.274925 0.3266234375 0.2846484375 0.33615625 0.3257890625 0.331109375 0.3549609375 0.32606250000000003 0.3646859375 0.3182125 0.36393749999999997 0.3187734375 0.3459859375 0.31709062499999996 0.3242921875 0.32101718749999997
1 0 0.47706875000000004 0.2450921875 0.22854999999999998 0.2450921875 0.22745156249999998 0.026759375000000002 0.25710937500000003 0 0.2775875 0 0.47706875000000004
0 0.090596875 0.38336562500000004 0.109546875 0.3549421875 0.075709375 0.337684375 0.0378125 0.3417453125 0.0378125 0.34986562499999996 0.0093890625 0.359003125 0.0093890625 0.38336562500000004 0.018862499999999997 0.3965609375 0.0567609375 0.388440625 0.0689421875 0.3975765625 0.090596875 0.38336562500000004