1 1 0.6970203125000001 0.5489265624999999 0.3512953125 0.106021875 0.4385875 0.11368437499999999 0.43743906250000003 0.3190453125 0.9990984375 0.7803421875 0.9968015625 1 0.8980234375 1 0.6970203125000001
0 0.48319687499999997 0.630859375 0.4337046875 0.6328125 0.42719218750000004 0.6376953125 0.42719218750000004 0.6435546875 0.46365937500000004 0.6591796875 0.46365937500000004 0.6650390625 0.44151875 0.673828125 0.44021718749999994 0.6806640625 0.44933281249999996 0.6875 0.46365937500000004 0.6865234375 0.5014296875 0.68359375 0.5248734374999999 0.677734375 0.5392 0.6669921875 0.5392 0.6591796875 0.5470140625 0.6533203125 0.5470140625 0.6494140625 0.5248734374999999 0.63671875 0.51185 0.634765625 0.49882499999999996 0.63671875 0.48319687499999997 0.630859375
0 0.5261765625 0.8115234375 0.5352921875 0.822265625 0.567853125 0.8232421875 0.5730625 0.8212890625 0.5756671875 0.8154296875 0.5652484375 0.8056640625 0.5639453125 0.796875 0.55613125 0.796875 0.550921875 0.791015625 0.5405031250000001 0.787109375 0.5326875 0.79296875 0.5235703125 0.7939453125 0.5261765625 0.8115234375
0 0.579575 0.81640625 0.5756671875 0.8193359375 0.5704578125 0.8310546875 0.584784375 0.845703125 0.58999375 0.845703125 0.6264624999999999 0.865234375 0.6407890625 0.8642578125 0.64339375 0.8603515625 0.635578125 0.8466796875 0.638184375 0.8251953125 0.6342765625 0.818359375 0.6303687499999999 0.8193359375 0.6303687499999999 0.8291015625 0.6264624999999999 0.83203125 0.608228125 0.830078125 0.5925984375 0.81640625 0.579575 0.81640625
0 0.45845 0.7626953125 0.45454375 0.765625 0.44412343749999994 0.765625 0.4376109375 0.7705078125 0.4376109375 0.7744140625 0.44542656249999996 0.7802734375 0.436309375 0.78515625 0.42849531250000006 0.78515625 0.419378125 0.7939453125 0.4311 0.80078125 0.4571484375 0.80078125 0.4779859375 0.80859375 0.4897078125 0.8095703125 0.48710312499999997 0.7939453125 0.4949171875 0.7919921875 0.4897078125 0.7841796875 0.4897078125 0.7744140625 0.4740796875 0.7607421875 0.47668437499999994 0.7568359375 0.4740796875 0.7470703125 0.4675671875 0.74609375 0.45845 0.7509765625 0.45845 0.7626953125
0 0.9390421874999999 0.685546875 0.935134375 0.6943359375 0.9286218749999999 0.6953125 0.9234125000000001 0.703125 0.907784375 0.701171875 0.8960625 0.7060546875 0.8960625 0.7158203125 0.89996875 0.71875 0.9221109375 0.7177734375 0.918203125 0.724609375 0.9103890625 0.72265625 0.90648125 0.7255859375 0.9103890625 0.73046875 0.9533687499999999 0.7314453125 0.9702999999999999 0.728515625 0.9781140625000001 0.72265625 0.9911375 0.728515625 0.9950453125 0.7255859375 0.9924406250000001 0.7197265625 0.968996875 0.7060546875 0.9716015625000001 0.6962890625 0.9624843750000001 0.693359375 0.9546703125 0.68359375 0.9390421874999999 0.685546875
0 0.3750953125 0.9130859375 0.389421875 0.90234375 0.40114375 0.8994140625 0.40114375 0.8916015625 0.389421875 0.8828125 0.3633734375 0.8828125 0.3529546875 0.88671875 0.34123281250000004 0.8994140625 0.34123281250000004 0.9091796875 0.34774531249999996 0.9140625 0.3750953125 0.9130859375
0 0.2552734375 0.7900390625 0.2669953125 0.787109375 0.2761125 0.7802734375 0.27871718749999996 0.7724609375 0.27480937499999997 0.767578125 0.25918125000000003 0.765625 0.23964375000000002 0.7783203125 0.2370390625 0.7822265625 0.23964375000000002 0.7880859375 0.24615625 0.791015625 0.2552734375 0.7900390625
0 0.7880046875 0.78235 0.7542890625 0.7203265625 0.734365625 0.6835718749999999 0.7404953125 0.653709375 0.7113765625 0.6192515625 0.6883890625 0.6169546875 0.66386875 0.5779015625 0.645478125 0.5399984375 0.5964359375 0.5124328125 0.5688500000000001 0.46304375000000003 0.5351343749999999 0.4331796875 0.5351343749999999 0.40561406250000004 0.47717187499999997 0.37757968750000004 0.44602031249999996 0.399315625 0.4922109375 0.49995 0.5330296875 0.5393984374999999 0.48039375 0.5667703125 0.4997296875 0.6223203125000001 0.616359375 0.66634375 0.683790625 0.8753859374999999 0.579578125 0.8581578125 0.5473953125000001 0.8811296875 0.571915625 0.8937640625000001 0.6071640625 0.9190328125 0.6654 0.9190328125 0.697584375 0.882278125 0.7328328125 0.8501171875000001 0.7619515625 0.9006546875 0.7926015625 0.8834265625000001 0.7926015625 0.8351859375 0.7880046875 0.78235
0 0.3829109375 0.4423828125 0.385515625 0.4541015625 0.3985390625 0.4658203125 0.395934375 0.4833984375 0.41286562499999996 0.501953125 0.42719218750000004 0.5048828125 0.43240156250000006 0.5009765625 0.42979687499999997 0.4970703125 0.43500625 0.4951171875 0.42719218750000004 0.4794921875 0.44021718749999994 0.4755859375 0.44021718749999994 0.4658203125 0.419378125 0.4501953125 0.41416875 0.4365234375 0.3998421875 0.43359375 0.3829109375 0.4423828125
0 0.338628125 0.6357421875 0.3243015625 0.625 0.3164875 0.623046875 0.3021609375 0.6318359375 0.3021609375 0.6376953125 0.3112765625 0.646484375 0.325603125 0.6474609375 0.3360234375 0.6416015625 0.338628125 0.6357421875
0 0.24745937499999998 0.6318359375 0.24355156249999999 0.62890625 0.22531718750000002 0.630859375 0.213596875 0.6396484375 0.21489843749999998 0.646484375 0.22792343750000002 0.65234375 0.2370390625 0.6513671875 0.24745937499999998 0.6455078125 0.24745937499999998 0.6318359375
0 0.4219828125 0.5458984375 0.423284375 0.55078125 0.43240156250000006 0.5517578125 0.44542656249999996 0.5439453125 0.44151875 0.5390625 0.4337046875 0.5390625 0.4219828125 0.5458984375
1 0.9084953125 0.2830265625 0.5743765625 0.35223125 0.575590625 0.3531421875 0.9996203124999999 0.6736671875 1 0.32855625 0.9084953125 0.2830265625
1 0.74498125 0.3720703125 0.7514937500000001 0.376953125 0.7658203125 0.3759765625 0.7658203125 0.3720703125 0.756703125 0.365234375 0.74498125 0.3662109375 0.74498125 0.3720703125
1 0.7710296875 0.4580078125 0.7749375 0.462890625 0.79186875 0.4619140625 0.8048921874999999 0.4521484375 0.79838125 0.447265625 0.7879609375000001 0.447265625 0.7710296875 0.4580078125
1 0.952065625 0.427734375 0.9429484374999999 0.4306640625 0.945553125 0.4443359375 0.9494609374999999 0.447265625 0.9794171875 0.4482421875 0.982021875 0.4404296875 0.9676953125000001 0.431640625 0.952065625 0.427734375
1 0.9273203125 0.3212890625 0.9390421874999999 0.333984375 0.9507640625 0.3330078125 0.9611828125 0.3291015625 0.9546703125 0.32421875 0.941646875 0.318359375 0.9273203125 0.3212890625
1 0.530959375 0.342203125 0.322859375 0.18076874999999998 0.32194687499999997 0.1780328125 0.0207515625 0.2177078125 0.1001578125 0.427025 0.530959375 0.342203125
1 0.48710312499999997 0.2861328125 0.5483171875 0.3359375 0.5600390625 0.3369140625 0.7827515625 0.29296875 0.7905656249999999 0.2890625 0.8556874999999999 0.27734375 0.87261875 0.2705078125 0.8504765624999999 0.2578125 0.58999375 0.14453125 0.35035 0.17578125 0.349046875 0.1826171875 0.37770000000000004 0.2060546875 0.48710312499999997 0.2861328125
0 0.372490625 0.3193359375 0.372490625 0.3154296875 0.3633734375 0.30859375 0.345140625 0.3125 0.328209375 0.3212890625 0.337325 0.328125 0.362071875 0.3330078125 0.3698859375 0.3291015625 0.372490625 0.3193359375
0 0.281321875 0.3916015625 0.3034625 0.388671875 0.3125796875 0.3837890625 0.29955625 0.3681640625 0.29695 0.3505859375 0.2904390625 0.34765625 0.27480937499999997 0.349609375 0.26308750000000003 0.3603515625 0.268296875 0.3857421875 0.2774140625 0.392578125 0.281321875 0.3916015625
0 0.2448546875 0.2822265625 0.264390625 0.27734375 0.2656921875 0.2724609375 0.251365625 0.2578125 0.24355156249999999 0.263671875 0.24225 0.2568359375 0.23573750000000002 0.25390625 0.22792343750000002 0.25390625 0.2031765625 0.2744140625 0.207084375 0.279296875 0.2448546875 0.2822265625
0 0.26308750000000003 0.2763671875 0.257878125 0.2626953125 0.24355156249999999 0.26171875 0.23573750000000002 0.255859375 0.2331328125 0.259765625 0.2201078125 0.259765625 0.2031765625 0.2724609375 0.207084375 0.279296875 0.25266875 0.2802734375 0.26308750000000003 0.2763671875
0 0.2031765625 0.2294921875 0.2031765625 0.2412109375 0.1758265625 0.255859375 0.16540625 0.255859375 0.1588953125 0.2607421875 0.160196875 0.265625 0.1693140625 0.2666015625 0.1992703125 0.2578125 0.2227125 0.25390625 0.22531718750000002 0.255859375 0.24745937499999998 0.2373046875 0.23964375000000002 0.2216796875 0.22531718750000002 0.208984375 0.217503125 0.208984375 0.2096890625 0.21484375 0.1979671875 0.2177734375 0.2031765625 0.2294921875
0 0.4389140625 0.3125 0.43500625 0.3154296875 0.43500625 0.3193359375 0.44151875 0.322265625 0.4610546875 0.3232421875 0.46626406249999997 0.3193359375 0.45454375 0.314453125 0.4389140625 0.3125
0 0.28653125 0.2353515625 0.2891359375 0.2177734375 0.2774140625 0.21484375 0.27090312499999997 0.2255859375 0.28262343749999996 0.236328125 0.28653125 0.2353515625
0 0.143265625 0.3642578125 0.14456875 0.3671875 0.1588953125 0.3662109375 0.15759218749999998 0.36328125 0.143265625 0.3642578125
0 0.1810359375 0.349609375 0.166709375 0.3544921875 0.177128125 0.3564453125 0.18233749999999999 0.3544921875 0.1810359375 0.349609375
0 0.18494375000000002 0.3271484375 0.19015312499999998 0.3251953125 0.183640625 0.3203125 0.1615 0.3212890625 0.1680109375 0.328125 0.18494375000000002 0.3271484375
0 0.1368359375 0.28465625 0.11856562500000001 0.2763421875 0.11269375 0.2866125 0.10225312499999999 0.2910140625 0.08333125 0.28856875 0.0774578125 0.2988375 0.08333125 0.3081296875 0.1100828125 0.3193765625 0.121828125 0.3267125 0.1420546875 0.3232890625 0.1400984375 0.32280000000000003 0.1329203125 0.310575 0.1355296875 0.303728125 0.1518421875 0.2988375 0.1622828125 0.31106406249999996 0.1799 0.3032390625 0.1583671875 0.29150312500000003 0.154453125 0.2841671875 0.1368359375 0.28465625
0 0.3893515625 0.282575 0.3984875 0.2962671875 0.40501250000000005 0.3031125 0.423934375 0.301646875 0.43502656249999994 0.287953125 0.42523906250000004 0.2644796875 0.40696875 0.2571453125 0.39130937499999996 0.24980937499999997 0.3730390625 0.245896875 0.3834796875 0.26154687499999996 0.3965296875 0.2674140625 0.3958765625 0.2771953125 0.3893515625 0.282575
0 0.4897078125 0.2119140625 0.4844984375 0.2099609375 0.48710312499999997 0.2021484375 0.48059062499999994 0.19921875 0.4688703125 0.2080078125 0.47928906250000003 0.2216796875 0.48710312499999997 0.2236328125 0.4923125 0.2197265625 0.4897078125 0.2119140625
0 0.5027328125 0.2490234375 0.4949171875 0.2529296875 0.48710312499999997 0.2626953125 0.48710312499999997 0.2685546875 0.49882499999999996 0.2734375 0.5235703125 0.2744140625 0.5300828125 0.2734375 0.5365953125 0.2646484375 0.5235703125 0.2548828125 0.5261765625 0.2490234375 0.5183609375 0.2431640625 0.51575625 0.2314453125 0.493615625 0.2265625 0.4897078125 0.2333984375 0.5027328125 0.2431640625 0.5027328125 0.2490234375
0 0.67725625 0.2353515625 0.6798609375 0.2255859375 0.6915828125 0.220703125 0.692884375 0.2158203125 0.67074375 0.203125 0.63688125 0.189453125 0.625159375 0.1962890625 0.625159375 0.2060546875 0.6329734375 0.2119140625 0.6329734375 0.2158203125 0.64339375 0.2216796875 0.6459984375000001 0.2294921875 0.6342765625 0.23046875 0.614740625 0.2431640625 0.614740625 0.2470703125 0.6303687499999999 0.2587890625 0.6329734375 0.2705078125 0.6446953125 0.27734375 0.6564171875 0.2783203125 0.6616265625 0.2744140625 0.659021875 0.2724609375 0.66423125 0.2705078125 0.6616265625 0.2685546875 0.67074375 0.265625 0.67725625 0.2568359375 0.672046875 0.2451171875 0.665534375 0.24609375 0.66423125 0.2412109375 0.67725625 0.2353515625
0 0.58999375 0.2890625 0.6043203125 0.2880859375 0.606925 0.2841796875 0.601715625 0.2666015625 0.6043203125 0.2626953125 0.597809375 0.25390625 0.5873890625 0.25390625 0.5860875 0.2568359375 0.591296875 0.2607421875 0.5769703125000001 0.263671875 0.5756671875 0.2685546875 0.58999375 0.2890625
0 0.3952953125 0.1840921875 0.4122265625 0.183115625 0.43436718750000003 0.1782328125 0.447390625 0.1704203125 0.47865 0.1665140625 0.48255625 0.163584375 0.45260156250000005 0.1626078125 0.43697187499999995 0.1704203125 0.4057140625 0.1723734375 0.40050468749999996 0.1704203125 0.3887828125 0.17725625 0.3952953125 0.1840921875
0 0.5824796875 0.2908453125 0.584325 0.3069828125 0.6025953125 0.3030703125 0.5993328124999999 0.2908453125 0.5824796875 0.2908453125
1 1 0.24496406249999997 0.99835625 0.161340625 0.8189187499999999 0.10852656249999999 0.611425 0.14226875 0.614034375 0.14226875 0.9030906249999999 0.2684375 1 0.24496406249999997
0 0.827034375 0.1953125 0.814009375 0.1953125 0.810103125 0.1982421875 0.8218234375 0.208984375 0.837453125 0.216796875 0.8621984375 0.2158203125 0.8895500000000001 0.21484375 0.8973640625 0.208984375 0.9103890625 0.20703125 0.911690625 0.2021484375 0.8973640625 0.193359375 0.8817359375 0.189453125 0.8530828125 0.1953125 0.8452671875 0.203125 0.8348484375 0.201171875 0.827034375 0.1953125
0 0.814009375 0.142578125 0.8022875 0.1474609375 0.7996828125000001 0.1572265625 0.8088 0.162109375 0.8465703124999999 0.1630859375 0.849175 0.1513671875 0.837453125 0.146484375 0.814009375 0.142578125
1 0.61141875 0.0472375 0.43524531250000004 0.06533125 0.43589687499999996 0.0658203125 0.5931484375 0.13477343749999998 0.8026 0.10347500000000001 0.61141875 0.0472375
0 0.59650625 0.1025390625 0.60301875 0.109375 0.61995 0.1083984375 0.6342765625 0.107421875 0.638184375 0.1044921875 0.62385625 0.099609375 0.59650625 0.1025390625
0 0.6811640625 0.091796875 0.6694421875 0.0927734375 0.6733484375 0.1015625 0.6863734375 0.107421875 0.692884375 0.1064453125 0.7007 0.1005859375 0.6967921875 0.095703125 0.6811640625 0.091796875
0 0.6616265625 0.0888671875 0.6577203125 0.083984375 0.6499046875000001 0.08203125 0.64339375 0.0849609375 0.6473 0.08984375 0.6616265625 0.0888671875
0 0.527478125 0.072265625 0.5313859375 0.0673828125 0.52878125 0.0576171875 0.4858015625 0.060546875 0.47928906250000003 0.0732421875 0.48319687499999997 0.076171875 0.4923125 0.0751953125 0.504034375 0.072265625 0.527478125 0.072265625
1 0.227759375 0.0886625 0.3326046875 0.1691796875 0.5785953125 0.1354359375 0.42460624999999996 0.066484375 0.227759375 0.0886625
0 0.3920265625 0.109375 0.38160781250000003 0.119140625 0.3646765625 0.1240234375 0.36728125 0.1376953125 0.37379375000000004 0.142578125 0.395934375 0.1435546875 0.40114375 0.1396484375 0.4037484375 0.1279296875 0.4206796875 0.125 0.42719218750000004 0.1201171875 0.42979687499999997 0.1142578125 0.423284375 0.109375 0.418075 0.107421875 0.4050515625 0.107421875 0.3972375 0.111328125 0.3920265625 0.109375
1 0.0012796875 0.16086562499999998 0.0182453125 0.2102578125 0.31382656249999996 0.1735796875 0.2100796875 0.09044687500000001 0.20877500000000002 0.091425 0.0019328125 0.11196406249999999 0.0012796875 0.16086562499999998
0 0.044282812500000004 0.1279296875 0.045584374999999996 0.130859375 0.06251562499999999 0.1298828125 0.06772500000000001 0.1279296875 0.0664234375 0.123046875 0.05339843749999999 0.123046875 0.044282812500000004 0.1279296875
0 0.1146125 0.1357421875 0.11982187500000001 0.1337890625 0.11852031249999999 0.130859375 0.1054953125 0.130859375 0.09898281249999999 0.1357421875 0.1146125 0.1357421875
0 0.1641046875 0.1064453125 0.1680109375 0.109375 0.18233749999999999 0.1083984375 0.17843124999999999 0.1015625 0.1641046875 0.1064453125
0 0.1419640625 0.16796875 0.126334375 0.1640625 0.11852031249999999 0.16796875 0.10419375 0.1689453125 0.09637812500000001 0.1767578125 0.1054953125 0.185546875 0.11982187500000001 0.1865234375 0.143265625 0.1767578125 0.1419640625 0.16796875
0 0.1615 0.1513671875 0.16540625 0.158203125 0.1797328125 0.1572265625 0.1927578125 0.1533203125 0.1810359375 0.142578125 0.1706171875 0.14453125 0.1615 0.1513671875
0 0.25723281249999996 0.1518578125 0.25332656249999996 0.156740625 0.26635 0.156740625 0.267653125 0.1518578125 0.25723281249999996 0.1518578125