1 0 0.31335 0.35378750000000003 0.8102609375000001 0.9542515625 0.37429999999999997 0.6029546875 0.142078125 0 0.3000046875 0 0.31335
1 1 0.411125 0.9650203125000001 0.387471875 0.3674921875 0.8231828125 0.49096875000000006 1 1 1 1 0.411125
1 0.202103125 0 0 0.0183578125 0 0.2916828125 0.5959796875000001 0.1396453125 0.3950875 0 0.202103125 0
1 0 0.9669062500000001 0.3128265625 0.7567265625 0 0.31761875 0 0.9669062500000001
1 0.48674999999999996 1 0.32065625 0.7675609375 0 0.9875375 0 1 0.48674999999999996 1
0 0.6596390624999999 0.5788375 0.6987953124999999 0.54356875 0.6746984375 0.5352703125 0.53915625 0.5477171875 0.41415625 0.5954359375 0.3418671875 0.599584375 0.30421718750000004 0.5912859375 0.28765 0.562240625 0.2590359375 0.54564375 0.2093375 0.4937765625 0.1987953125 0.46265625000000005 0.16716875 0.45435625 0.149096875 0.46472968750000004 0.1611453125 0.5020749999999999 0.29216875 0.6804984375 0.33735 0.7240656249999999 0.353915625 0.7551875 0.37650625 0.7614109375 0.4096390625 0.7572609375 0.43373437499999995 0.732365625 0.45783125 0.7219921874999999 0.57981875 0.62863125 0.6596390624999999 0.5788375
0 0.25451875 0.25103749999999997 0.227409375 0.24896250000000003 0.168675 0.2634859375 0.12048125000000001 0.2614109375 0.021084375 0.2863078125 0.00451875 0.3029046875 0.018071875 0.3070546875 0.043675000000000005 0.3361 0.185240625 0.3361 0.23644531249999998 0.30912812500000003 0.2575296875 0.2800828125 0.2590359375 0.2572609375 0.25451875 0.25103749999999997
0 0.6475906250000001 1 0.6475906250000001 0.95643125 0.6355421875 0.939834375 0.62349375 0.941909375 0.605421875 0.9647296875 0.6099390625 0.9481328124999999 0.5978921875000001 0.939834375 0.5948796875 0.9273859375000001 0.606928125 0.9211625 0.6084343750000001 0.9107890624999999 0.5993968749999999 0.9087140625 0.581325 0.933609375 0.5843375 0.96058125 0.5753015625 0.96058125 0.5722890625 0.933609375 0.5768078125 0.9273859375000001 0.5512046875000001 0.9377593750000001 0.54216875 0.9045640625000001 0.7906625 0.6742734375 0.7846390624999999 0.6597515625 0.75451875 0.6307046875 0.7243968749999999 0.6161828125000001 0.6716875 0.643153125 0.646084375 0.643153125 0.5722890625 0.6929453125 0.4277109375 0.8112031249999999 0.41114531249999997 0.83195 0.41265 0.8443984375 0.5256031250000001 1 0.6475906250000001 1
0 0 0.9316609375 0.2771078125 0.7572609375 0.269578125 0.7365140625000001 0.25 0.7178421875 0.2183734375 0.66805 0.17921718749999999 0.62863125 0.1762046875 0.6514515624999999 0.185240625 0.661825 0.1280125 0.6950203125 0.102409375 0.7302906250000001 0.0466875 0.7510375 0.043675000000000005 0.7593359375000001 0.0512046875 0.771784375 0.0466875 0.7780078125000001 0 0.7984718749999999 0 0.9316609375
0 0 0.284528125 0.0090359375 0.2863078125 0.0286140625 0.271784375 0.0843375 0.267634375 0.1611453125 0.2468875 0.147590625 0.224065625 0.12951875 0.21369218750000002 0.1174703125 0.22821562499999998 0.0903609375 0.22614062499999998 0.07680781249999999 0.2365140625 0.018071875 0.224065625 0 0.2276234375 0 0.284528125
0 0 0.1336828125 0.037128125 0.123140625 0.0708671875 0.1248015625 0.093759375 0.1214796875 0.0949640625 0.1148390625 0.093759375 0.1065375 0.082915625 0.0998953125 0.0708671875 0.0998953125 0.049178125 0.0998953125 0.04676875 0.0932546875 0.0503828125 0.0832921875 0.060021875 0.07332968749999999 0.06484218750000001 0.06336875 0.0636375 0.046765625 0.0479734375 0.0401234375 0.0058015625 0.036803125 0 0.0372234375 0 0.1336828125
0 0.210525 1 0.2335296875 0.9847828125 0.263653125 0.9731609375 0.297390625 0.9515765625 0.3419734375 0.9216906249999999 0.35884218749999997 0.8934656249999999 0.3419734375 0.8652390625 0.3251046875 0.8469749999999999 0.29257187500000004 0.8270515625 0.2624484375 0.8370124999999999 0.22389062499999998 0.8585968749999999 0.1889484375 0.8851625000000001 0.1407515625 0.9150484375 0.093759375 0.9615390625 0.0636375 0.9798031249999999 0.0311046875 0.9947453124999999 0.024431249999999998 1 0.210525 1