1 1 0.8348859375 0.9515984375000001 0.9167796875 1 0.9267749999999999 1 0.8348859375
1 1 0.9278375000000001 0.9503984375 0.915875 0.896440625 1 1 1 1 0.9278375000000001
1 1 0.2778671875 0.5596296875 0.2367265625 0.58968125 0.7302828124999999 0.920465625 0.7904515625 1 0.6119718749999999 1 0.2778671875
1 0.5912531249999999 0.72826875 0.604428125 0.9335531250000001 0.8326359374999999 0.9809796875 0.8704671875000001 0.9015437500000001 0.920625 0.7898546875 0.5912531249999999 0.72826875
1 0.8264234374999999 1 0.8315359375 0.9809796875 0.6033265625 0.9335531250000001 0.605209375 1 0.8264234374999999 1
1 0.5461984375 0 0.5580140625000001 0.23814375000000002 1 0.27495625 1 0 0.5461984375 0
1 0 0 0 0.3436953125 0.2731671875 0.3767921875 0.14070156250000002 0 0 0
1 0 0.5811171875000001 0.132553125 0.7617499999999999 0.4250421875 0.8156609375 0.275209375 0.3815953125 0 0.3426890625 0 0.5811171875000001
1 0.273184375 0.953115625 0.4863359375 0.9955875000000001 0.42208125 0.814371875 0.130821875 0.7619906249999999 0.271771875 0.953115625 0.273184375 0.953115625
1 0.4901 0.9984187500000001 0.2727140625 0.9517 0.309415625 1 0.4901 0.9984187500000001
1 0.1405796875 1 0 0.8744109375000001 0 0.9778078125 0.10169375 1 0.1405796875 1