1 1 0 0.2581125 0.003203125 0.341453125 0.9765828125 1 0.8649359375 1 0
0 0.44510625 0.2673609375 0.46759218750000003 0.258928125 0.48148125 0.2619046875 0.49603125 0.2619046875 0.5066140625 0.2678578125 0.5178578125 0.27926562499999996 0.5317453125 0.2807546875 0.5363749999999999 0.2782734375 0.538359375 0.2713296875 0.538359375 0.2638890625 0.5291 0.242559375 0.5317453125 0.22817500000000002 0.5410046875 0.216765625 0.5370375000000001 0.20287656250000002 0.5224875 0.18700468750000002 0.5066140625 0.180059375 0.49537031249999997 0.1716265625 0.4808203125 0.169146875 0.4583328125 0.1736109375 0.4332015625 0.17261875 0.4272484375 0.1750984375 0.41931250000000003 0.2068453125 0.40740781249999997 0.22817500000000002 0.410053125 0.241071875 0.42790937500000004 0.2529765625 0.44113749999999996 0.266865625 0.44510625 0.2673609375
0 1 0.393353125 0.9973546875 0.3928578125 0.9973546875 0.3829359375 0.9920640625000001 0.3745046875 0.9828046875 0.37003906249999996 0.9788359375000001 0.365575 0.9675921875 0.3650796875 0.9702375 0.3571421875 0.9656078125 0.3462296875 0.9464281250000001 0.330853125 0.939153125 0.3303578125 0.9318781250000001 0.3313484375 0.9272484375 0.334821875 0.9265874999999999 0.3432546875 0.921296875 0.3536703125 0.9113749999999999 0.356646875 0.9054234375 0.362103125 0.8928578125 0.365575 0.8888890625 0.3685515625 0.8888890625 0.378471875 0.8981484375000001 0.3958328125 0.8974875000000001 0.40228125 0.9014546875 0.4087296875 0.9074078125 0.412203125 0.9318781250000001 0.41021875 0.9550265625 0.412203125 0.9623015625000001 0.4047625 0.9715609374999999 0.40327343750000005 0.9742062499999999 0.39930625000000003 1 0.3983140625 1 0.393353125
0 0.8928578125 0.141865625 0.888228125 0.1334328125 0.8736765625 0.1329359375 0.8683859375 0.13839218749999999 0.8670640625000001 0.1453375 0.869709375 0.1483140625 0.8650796875 0.15277812500000001 0.8650796875 0.15674531249999998 0.87103125 0.1607140625 0.8816140625 0.1607140625 0.891534375 0.1537703125 0.8928578125 0.141865625
0 0.7235453125 0.14136875 0.7288359375 0.1374015625 0.7288359375 0.125 0.733465625 0.1205359375 0.7354499999999999 0.1091265625 0.7321421875 0.10416718750000001 0.7215609374999999 0.1056546875 0.7136250000000001 0.10317499999999999 0.7010578125 0.1111109375 0.6984125 0.11656718749999999 0.7010578125 0.12698437499999998 0.704365625 0.12847187499999999 0.70238125 0.130953125 0.7076718750000001 0.132440625 0.7083328125 0.1408734375 0.7175921875 0.1423609375 0.7235453125 0.14136875
0 0.5376984375 0.11656718749999999 0.5416671875 0.1240078125 0.5502640624999999 0.125 0.552909375 0.12152812500000001 0.5582015625000001 0.1279765625 0.5661375 0.1314484375 0.5892859374999999 0.1374015625 0.589946875 0.134425 0.5833328125 0.123015625 0.57010625 0.1220234375 0.564153125 0.1200390625 0.5595234375 0.11557500000000001 0.5727515624999999 0.1150796875 0.578703125 0.1116078125 0.57738125 0.09771875 0.572090625 0.0952375 0.5687828125000001 0.09771875 0.56283125 0.0922625 0.5562171874999999 0.0922625 0.5509265625 0.08829375 0.5376984375 0.08680625 0.5317453125 0.07886875 0.5251328125 0.0783734375 0.5231484375 0.07986093749999999 0.523809375 0.08680625 0.5125656249999999 0.087796875 0.4933859375 0.08333281249999999 0.49272499999999997 0.09176562499999999 0.5046296875 0.10168593749999999 0.5185187499999999 0.1056546875 0.527778125 0.11359062499999999 0.5376984375 0.11656718749999999
0 0.625 0.1721234375 0.6210312499999999 0.167659375 0.6130953124999999 0.165178125 0.6064812500000001 0.1661703125 0.6044968749999999 0.16964218749999999 0.6018515625 0.16964218749999999 0.6038359375 0.174603125 0.5998671875 0.18551562500000002 0.603175 0.1889875 0.61441875 0.1889875 0.6236765625 0.18253906250000002 0.625 0.1721234375
0 0.8207671875000001 0.014881249999999999 0.82738125 0.0004953125 0.777778125 0 0.796296875 0.019840625 0.8075390625000001 0.021825 0.81283125 0.0208328125 0.8207671875000001 0.014881249999999999
0 0.7182546875 0.3938484375 0.7182546875 0.3888890625 0.7129624999999999 0.3849203125 0.7076718750000001 0.3849203125 0.6997359375000001 0.3869046875 0.69510625 0.3908734375 0.6838625 0.393353125 0.677909375 0.40625 0.6937828125000001 0.40525781250000004 0.6977515624999999 0.40128906249999996 0.7050265625 0.40327343750000005 0.7123015625 0.3998015625 0.7182546875 0.3938484375
0 0.5376984375 0.4563484375 0.5370375000000001 0.4672625 0.5436515625 0.47172656249999995 0.5509265625 0.47271875 0.5575390625 0.466765625 0.5575390625 0.4603171875 0.552909375 0.4548609375 0.5436515625 0.4513890625 0.5376984375 0.4563484375
0 0.67261875 0.5471234375 0.6792328125 0.548115625 0.6845234375 0.545634375 0.685846875 0.540675 0.6812171874999999 0.53670625 0.6752640624999999 0.5362109375 0.6719578125 0.5391859375 0.67261875 0.5471234375
0 0.980159375 0.5818453124999999 0.98875625 0.58680625 0.9986765625 0.584821875 1 0.575396875 0.9973546875 0.5724203125 0.983465625 0.56944375 0.9775124999999999 0.5734125 0.980159375 0.5818453124999999
0 1 0.7341265625 0.98875625 0.733134375 0.9854499999999999 0.7579359375 0.9821421875 0.7584328124999999 0.9798203125 0.753909375 0.976984375 0.7561890625000001 0.9749593750000001 0.7601390625 0.9759718749999999 0.7619625 0.9792125 0.7622671875 0.9788359375000001 0.7688484375 0.9728843749999999 0.775296875 0.9728843749999999 0.7862109375 0.9775124999999999 0.7896828124999999 0.9828046875 0.78819375 0.9854499999999999 0.7673609375 0.987434375 0.7658734375 0.99603125 0.79761875 1 0.7991078125 1 0.7341265625
0 0.777778125 0.8521828125 0.77579375 0.853175 0.77579375 0.855159375 0.7764546875 0.855159375 0.7764546875 0.856646875 0.777115625 0.856646875 0.777115625 0.85863125 0.7764546875 0.85863125 0.7764546875 0.8596234375 0.77579375 0.8596234375 0.77579375 0.8630953124999999 0.7764546875 0.8630953124999999 0.7764546875 0.8645828124999999 0.777115625 0.8645828124999999 0.777115625 0.8650796875 0.777778125 0.8650796875 0.777778125 0.8645828124999999 0.7791 0.8645828124999999 0.7791 0.8650796875 0.7804234375 0.8650796875 0.7804234375 0.865575 0.7863749999999999 0.8660718749999999 0.7863749999999999 0.865575 0.7876984375 0.865575 0.788359375 0.8645828124999999 0.789021875 0.8645828124999999 0.789021875 0.8640874999999999 0.79034375 0.8640874999999999 0.79034375 0.863590625 0.7910046875 0.863590625 0.7910046875 0.8625984375 0.7916671875 0.8625984375 0.7916671875 0.8576390625 0.795634375 0.8561515625 0.795634375 0.855159375 0.796296875 0.855159375 0.796296875 0.8536703125 0.795634375 0.8536703125 0.795634375 0.8516859374999999 0.7943125 0.8511906249999999 0.7943125 0.8506937499999999 0.788359375 0.8501984374999999 0.788359375 0.8497031249999999 0.7870375000000001 0.8497031249999999 0.7870375000000001 0.8492062499999999 0.78306875 0.8487109374999999 0.78306875 0.8492062499999999 0.7817453125 0.8492062499999999 0.7817453125 0.8497031249999999 0.7804234375 0.8497031249999999 0.7804234375 0.8501984374999999 0.7791 0.8501984374999999 0.7784390625000001 0.8511906249999999 0.777778125 0.8511906249999999 0.777778125 0.8521828125
0 0.86375625 0.8487109374999999 0.8630953124999999 0.8487109374999999 0.8630953124999999 0.8497031249999999 0.862434375 0.8497031249999999 0.862434375 0.8511906249999999 0.861771875 0.8511906249999999 0.861771875 0.8536703125 0.862434375 0.8536703125 0.862434375 0.8546625000000001 0.8630953124999999 0.8546625000000001 0.8630953124999999 0.855159375 0.8644187499999999 0.855159375 0.8644187499999999 0.8556546875000001 0.8677250000000001 0.8556546875000001 0.8677250000000001 0.8561515625 0.87169375 0.8561515625 0.8723546875 0.855159375 0.8730156250000001 0.855159375 0.8730156250000001 0.8541671875000001 0.8736765625 0.8541671875000001 0.8736765625 0.8516859374999999 0.8743390625 0.8516859374999999 0.8743390625 0.84771875 0.8736765625 0.84771875 0.8736765625 0.8462296874999999 0.8730156250000001 0.8462296874999999 0.8730156250000001 0.8452375 0.8723546875 0.8452375 0.8723546875 0.8442453125 0.87169375 0.8442453125 0.87169375 0.84375 0.869709375 0.84375 0.869709375 0.8432546875 0.8683859375 0.8432546875 0.8683859375 0.84375 0.8670640625000001 0.84375 0.8664015624999999 0.8447421875 0.8657406249999999 0.8447421875 0.8650796875 0.8467265625 0.8644187499999999 0.8467265625 0.8644187499999999 0.84771875 0.86375625 0.84771875 0.86375625 0.8487109374999999
0 0.8015874999999999 0.8447421875 0.8022484375 0.8447421875 0.8022484375 0.8452375 0.8035718749999999 0.8452375 0.8035718749999999 0.8457343749999999 0.8075390625000001 0.8452375 0.8082015625000001 0.8442453125 0.8088625 0.8442453125 0.8088625 0.8432546875 0.8101859375 0.8427578125 0.8101859375 0.83978125 0.8095234375 0.83978125 0.8095234375 0.8387890625000001 0.8088625 0.8387890625000001 0.8088625 0.8377968750000001 0.8075390625000001 0.8377968750000001 0.8075390625000001 0.8373015625000001 0.8062171875 0.8373015625000001 0.8062171875 0.8368062500000001 0.8055562500000001 0.8368062500000001 0.8055562500000001 0.8373015625000001 0.8029093749999999 0.8373015625000001 0.8022484375 0.8382937500000001 0.8015874999999999 0.8382937500000001 0.8015874999999999 0.8392859375 0.8009265624999999 0.8392859375 0.8009265624999999 0.8432546875 0.8015874999999999 0.8432546875 0.8015874999999999 0.8447421875
0 0.8981484375000001 0.8204359374999999 0.8974875000000001 0.8204359374999999 0.8974875000000001 0.8214281250000001 0.896825 0.8214281250000001 0.896825 0.821925 0.8981484375000001 0.8224203125 0.8981484375000001 0.8229171875000001 0.8988093750000001 0.8229171875000001 0.8988093750000001 0.8234125000000001 0.8994703124999999 0.8234125000000001 0.8994703124999999 0.823909375 0.9001328125000001 0.823909375 0.9001328125000001 0.8244046875000001 0.9014546875 0.8244046875000001 0.9021156250000001 0.825396875 0.9034390625000001 0.825396875 0.9034390625000001 0.8258921875 0.9093921875 0.8258921875 0.9100531249999999 0.8249015625 0.9107140625 0.8249015625 0.9107140625 0.8224203125 0.9100531249999999 0.8224203125 0.9100531249999999 0.8209328125 0.9093921875 0.8209328125 0.9093921875 0.8199406249999999 0.9087296874999999 0.8199406249999999 0.9087296874999999 0.8184531249999999 0.9074078125 0.8179562499999999 0.9074078125 0.8174609374999999 0.9067453125 0.8174609374999999 0.9067453125 0.8169640625 0.902778125 0.8169640625 0.902778125 0.8174609374999999 0.9007937500000001 0.8174609374999999 0.9007937500000001 0.8179562499999999 0.8994703124999999 0.8179562499999999 0.8994703124999999 0.8184531249999999 0.8988093750000001 0.8184531249999999 0.8988093750000001 0.8194437499999999 0.8981484375000001 0.8194437499999999 0.8981484375000001 0.8204359374999999
0 0.924603125 0.821925 0.9259265624999999 0.8249015625 0.92989375 0.82738125 0.92989375 0.8283734375 0.9384921875 0.8283734375 0.9404765625 0.826884375 0.9417984374999999 0.815971875 0.9431218749999999 0.815971875 0.9444437499999999 0.8189484374999999 0.9477515625 0.8194437499999999 0.9477515625 0.8154765625 0.9497359375000001 0.8129953125 0.9530421875 0.8134921875 0.9550265625 0.8189484374999999 0.953703125 0.8263890625 0.9550265625 0.8298609375 0.95238125 0.8348218749999999 0.9497359375000001 0.8333328124999999 0.9417984374999999 0.834325 0.9365078125 0.8318453124999999 0.9285718749999999 0.8313484375 0.9252640624999999 0.8333328124999999 0.9239421875 0.8363093750000001 0.9239421875 0.8392859375 0.9252640624999999 0.840278125 0.9431218749999999 0.8387890625000001 0.950396875 0.8373015625000001 0.9530421875 0.8358140625000001 0.9656078125 0.834325 0.968915625 0.832340625 0.9695765625 0.8283734375 0.9682546875 0.82738125 0.9649468750000001 0.829365625 0.961640625 0.829365625 0.9629625 0.8234125000000001 0.9589953124999999 0.8184531249999999 0.9589953124999999 0.8129953125 0.961640625 0.8110125 0.9623015625000001 0.8070437500000001 0.9609781249999999 0.8060515625000001 0.953703125 0.8060515625000001 0.9404765625 0.80853125 0.93716875 0.8144843749999999 0.93716875 0.8204359374999999 0.9351859375 0.8224203125 0.92989375 0.8214281250000001 0.924603125 0.81646875 0.9199734375 0.8179562499999999 0.920634375 0.8209328125 0.924603125 0.821925
0 0.9021156250000001 0.709325 0.902778125 0.709325 0.902778125 0.709821875 0.9034390625000001 0.709821875 0.9034390625000001 0.7103171875000001 0.902778125 0.7103171875000001 0.902778125 0.7123015625 0.9021156250000001 0.7123015625 0.9021156250000001 0.7137890625 0.902778125 0.7137890625 0.902778125 0.7157734375 0.9034390625000001 0.7157734375 0.9034390625000001 0.7162703125000001 0.9047625 0.7162703125000001 0.9047625 0.7167656250000001 0.9093921875 0.7167656250000001 0.9093921875 0.7162703125000001 0.9113749999999999 0.7162703125000001 0.9120375 0.715278125 0.913359375 0.715278125 0.913359375 0.7147812499999999 0.9140218750000001 0.7147812499999999 0.9140218750000001 0.7137890625 0.9153437500000001 0.71329375 0.9153437500000001 0.7123015625 0.9160046875000001 0.7123015625 0.9160046875000001 0.7078375 0.9153437500000001 0.7078375 0.9153437500000001 0.7068453124999999 0.9140218750000001 0.7063484375 0.9140218750000001 0.705853125 0.913359375 0.705853125 0.913359375 0.7053578125 0.9126984374999999 0.7053578125 0.9126984374999999 0.7048609375 0.9120375 0.7048609375 0.9120375 0.704365625 0.9113749999999999 0.704365625 0.9113749999999999 0.70386875 0.9093921875 0.70386875 0.9093921875 0.7033734375 0.9047625 0.7033734375 0.9047625 0.70386875 0.9034390625000001 0.70386875 0.9034390625000001 0.704365625 0.9021156250000001 0.704365625 0.9021156250000001 0.7053578125 0.9007937500000001 0.705853125 0.9007937500000001 0.7083328125 0.9021156250000001 0.7088296875 0.9021156250000001 0.709325
0 0.9556875 0.73363125 0.9589953124999999 0.741071875 0.9609781249999999 0.7415671875000001 0.9609781249999999 0.741071875 0.9629625 0.741071875 0.9642859375 0.7400796875 0.9642859375 0.7341265625 0.9649468750000001 0.7341265625 0.9649468750000001 0.722221875 0.9682546875 0.7217265625 0.9695765625 0.7207343749999999 0.968915625 0.7157734375 0.9675921875 0.7157734375 0.9675921875 0.715278125 0.9629625 0.7157734375 0.9629625 0.715278125 0.9484125000000001 0.7147812499999999 0.9484125000000001 0.715278125 0.9457671875000001 0.7157734375 0.94510625 0.71875 0.9477515625 0.7212296874999999 0.9477515625 0.7227187500000001 0.9490734375000001 0.7232140625000001 0.9510578125 0.7311515625 0.954365625 0.73363125 0.9556875 0.73363125
0 0.2797625 0 0.2870375 0.102678125 0.31944374999999997 0.40178593749999997 0.3392859375 0.621528125 0.354496875 0.8382937500000001 0.358465625 0.9474203125 0.3611109375 0.951884375 0.3650796875 0.9533734375 0.3703703125 0.9499015625 0.3849203125 0.9499015625 0.45899531250000003 0.9379953125 0.46362500000000006 0.9360125 0.46560781249999994 0.9320437500000001 0.4623015625 0.8214281250000001 0.45238125 0.7495046875 0.4530421875 0.684028125 0.439153125 0.6587296874999999 0.4265875 0.569940625 0.414021875 0.51636875 0.40740781249999997 0.4995046875 0.406084375 0.4811515625 0.3928578125 0.4265875 0.3902109375 0.3963296875 0.3835984375 0.3670640625 0.375 0.3561515625 0.369709375 0.34176562499999996 0.36045 0.2673609375 0.354496875 0.2529765625 0.3412703125 0.23511875 0.33399531250000003 0.211309375 0.321428125 0.11557500000000001 0.310846875 0.0024796875 0.3101859375 0 0.2797625 0
4 0 0 0 1 0.218721875 0.9988734375 0.29324218750000003 0.988934375 0.21779687499999997 0 0 0