1 0.229509375 0 0.37465000000000004 0.201684375 0.9226546875 0.07164374999999999 0.912740625 0 0.229509375 0
4 0.9255093750000001 0 0.9377515624999999 0.061735937500000004 1 0.044846875 1 0 0.9255093750000001 0
4 0 0 0 0.29845781250000003 0.36645625000000004 0.20616875 0.2033640625 0 0 0
4 1 0.049571875 0.9332234375 0.066690625 0.9996484375 0.5571265624999999 1 0.557075 1 0.049571875
1 1 0.7568796875 0.7656515625 0.775096875 0.8335859375 0.8840828125 1 0.8693421875 1 0.7568796875
1 0.37917812500000003 0.20539999999999997 0.6463875 0.599234375 0.9853640625000001 0.5579765625 0.9196359375000001 0.074121875 0.37917812500000003 0.20539999999999997
0 1 0.657765625 0.9845515625000001 0.5558875 0.6457203125000001 0.6013078125 0.764140625 0.7763359375000001 1 0.76005625 1 0.657765625
1 0 0.35605625 0.3504953125 0.6376265625 0.64035 0.600471875 0.36645625000000004 0.21132656249999998 0 0.2975625 0 0.35605625
1 0.64035 0.6004171875 0.3474765625 0.6400484375 0.5376921875 0.7985734375 0.75641875 0.779790625 0.64035 0.6004171875
1 0.764140625 0.77751875 0.5376921875 0.796096875 0.647896875 0.8877437499999999 0.8318953125 0.880896875 0.764140625 0.77751875
1 0.647190625 0.884703125 0.5354765625 0.79305625 0.32714375 0.8079171875 0.47846093749999996 0.8931250000000001 0.647190625 0.884703125
1 0.3353984375 0.8109578125000001 0.5361828125 0.796096875 0.35200468749999997 0.6363328125 0.092225 0.6714625 0.3353984375 0.8109578125000001
1 0 0.6152953125 0.09234375 0.6722484375 0.3474765625 0.637571875 0 0.35716875 0 0.6152953125
1 0.48787343749999995 0.896303125 0.33086875 0.809609375 0.1512203125 0.8269484374999999 0.322428125 0.9046265625000001 0.48787343749999995 0.896303125
1 0 0.8460046875 0.1870953125 0.914234375 0.32440625 0.9031499999999999 0.1515171875 0.8267328125000001 0 0.8409859375 0 0.8460046875
1 0 0.9038671875000001 0.052968749999999995 0.9228921874999999 0.1865421875 0.9159890624999999 0 0.84706875 0 0.9038671875000001
1 0 0.9268484375 0.053149999999999996 0.9221015625 0 0.9027593749999999 0 0.9268484375
1 0 0.8400171875 0.1492171875 0.8276578125 0 0.7568671874999999 0 0.8400171875
1 0 0.76084375 0.153753125 0.8279546874999999 0.337075 0.8114484375 0.0945734375 0.6738578125 0 0.6846046875 0 0.76084375
1 0 0.6841984375 0.089665625 0.6702281250000001 0 0.6193125 0 0.6841984375
0 0.6670578125 0.423296875 0.6603515625 0.4361359375 0.661840625 0.45203125 0.6633312499999999 0.46486875000000005 0.6700390625 0.4856546875 0.6752546875000001 0.5021609375 0.6812171874999999 0.5143875 0.6856875 0.5198890625 0.69165 0.529059375 0.6961203125 0.5388421875 0.6991015625 0.546178125 0.702828125 0.5535140625 0.7214578125 0.559015625 0.731890625 0.559015625 0.74903125 0.5596265625 0.75871875 0.552903125 0.7773484374999999 0.54434375 0.7892718750000001 0.5339515625 0.7870359375 0.5229468749999999 0.7743671875 0.5119421875 0.7572281249999999 0.5107203124999999 0.7430687500000001 0.5076625 0.7244390625 0.499715625 0.7117703125 0.4856546875 0.7102796875 0.47342812500000003 0.7050640625 0.4605890625 0.6923953125 0.4410265625 0.687178125 0.4349125 0.6767453125 0.42818750000000005 0.6670578125 0.423296875
0 0.82876875 0.35307343750000003 0.827278125 0.3579640625 0.82876875 0.3659125 0.8213156250000001 0.3646890625 0.8123734375 0.35857656250000003 0.8041765625 0.36224375000000003 0.798959375 0.36957968750000003 0.7997046875 0.37875000000000003 0.8213156250000001 0.38730937499999996 0.8384562499999999 0.38730937499999996 0.851125 0.3732484375 0.851125 0.3726375 0.8444171875 0.35613125 0.8399468750000001 0.3481828125 0.8362203125000001 0.34390312500000003 0.8332390625 0.344515625 0.82876875 0.35307343750000003
0 0.6655671875 0.1531640625 0.6432109374999999 0.155609375 0.607440625 0.1611109375 0.6081859374999999 0.16539062499999999 0.6141484375 0.1708921875 0.61861875 0.1861765625 0.6238359375 0.20512812500000002 0.6260718749999999 0.21429843750000002 0.629796875 0.2289703125 0.6305421875 0.24119843749999997 0.6260718749999999 0.2424203125 0.6223453125 0.23630625 0.6119125000000001 0.2179671875 0.6066953125000001 0.2063515625 0.5858296875 0.172115625 0.5746515624999999 0.17822968749999998 0.57018125 0.1763953125 0.5679453125 0.175171875 0.5552765625 0.17700625 0.5396265625 0.181896875 0.527703125 0.1843421875 0.52919375 0.191678125 0.52919375 0.1935125 0.5284484375 0.2069625 0.52919375 0.208796875 0.53888125 0.2124640625 0.5418624999999999 0.2222453125 0.5403718750000001 0.225303125 0.53515625 0.22774843749999998 0.5262125 0.23263906250000002 0.5262125 0.23936406250000003 0.532175 0.2491453125 0.53888125 0.254646875 0.547825 0.24119843749999997 0.5537859375 0.24180937500000002 0.5567671875 0.255259375 0.556021875 0.264428125 0.5545312499999999 0.27665625 0.5545312499999999 0.287659375 0.5619828124999999 0.3004984375 0.5612375000000001 0.31272500000000003 0.568690625 0.3200609375 0.5821031249999999 0.311503125 0.58359375 0.30294374999999996 0.585084375 0.2864375 0.5873203124999999 0.281546875 0.597753125 0.29377343749999996 0.6119125000000001 0.2974421875 0.6275609375 0.29621875000000003 0.629796875 0.2901046875 0.6432109374999999 0.2821578125 0.6588609375 0.2803234375 0.6663125 0.27421093750000003 0.6849421875 0.2638171875 0.7013375 0.268096875 0.706553125 0.28276875 0.7035734375 0.2919390625 0.7080437500000001 0.306 0.702828125 0.31578125 0.702828125 0.328009375 0.702828125 0.34390312500000003 0.7229484375 0.3481828125 0.73934375 0.3469609375 0.7535015625 0.347571875 0.765425 0.334121875 0.76244375 0.32311875 0.7564828125 0.3133359375 0.7467953125 0.30294374999999996 0.7438140625 0.29438437500000003 0.7438140625 0.26993125 0.75275625 0.255259375 0.751265625 0.2387515625 0.7482859375 0.22958281249999998 0.7363625 0.2063515625 0.7326359375 0.19045625 0.7311453125 0.181896875 0.7296546875 0.1763953125 0.7244390625 0.1629453125 0.7132609375000001 0.14154843749999999 0.711025 0.1409375 0.6923953125 0.1433828125 0.6737640625 0.1446046875 0.6655671875 0.1531640625
0 0.5873203124999999 0.47712343749999997 0.5821031249999999 0.46367343749999995 0.5761421875 0.450834375 0.5664546875 0.43432812500000006 0.5567671875 0.421490625 0.5508046875 0.40620625 0.5396265625 0.38664375 0.5269578125 0.3744171875 0.51950625 0.36646875 0.5105640625000001 0.354853125 0.49715 0.3248984375 0.4911890625 0.323675 0.4688328125 0.3181734375 0.4725578125 0.3407921875 0.4837359375 0.35363125 0.49416874999999993 0.36952656250000004 0.5075828125 0.3897 0.645446875 0.596946875 0.6640765625 0.5951125 0.6827078125 0.5926671875 0.715496875 0.5889984375 0.7095343749999999 0.5816625 0.7050640625 0.57860625 0.690159375 0.573715625 0.6685484374999999 0.57860625 0.6588609375 0.5792171875000001 0.6402296875 0.5657671875 0.6268171875 0.55170625 0.6223453125 0.537034375 0.6193640625 0.5278640625000001 0.61489375 0.5180828125 0.6126578125 0.5089125 0.6052046875 0.4985203125 0.5992437500000001 0.490571875 0.5873203124999999 0.47712343749999997
0 0.2503546875 0 0.25346718749999997 0.0034921874999999996 0.291471875 0.04934375 0.2981796875 0.0585140625 0.3093578125 0.072575 0.3130828125 0.0786875 0.3160640625 0.08480156250000001 0.32426093749999996 0.09519531249999999 0.345871875 0.1257625 0.34661718750000003 0.1349328125 0.3607765625 0.1612203125 0.36599375 0.1673328125 0.3734453125 0.17528125 0.3779171875 0.1826171875 0.38387812499999996 0.18689687500000002 0.389840625 0.18811875 0.40176249999999997 0.18689687500000002 0.40623437500000004 0.1844515625 0.41219687499999996 0.1844515625 0.4151765625 0.186284375 0.41443125 0.18750781249999998 0.41890312500000004 0.189953125 0.4226296875 0.18689687500000002 0.42411875 0.18689687500000002 0.43529687499999997 0.1795609375 0.4379625 0.1757875 0.42411875 0.169778125 0.41815781249999995 0.1612203125 0.41145156250000003 0.15205 0.40623437500000004 0.1459359375 0.4002734375 0.137378125 0.3958015625 0.13187500000000002 0.386859375 0.12392812499999999 0.3779171875 0.113534375 0.3734453125 0.1031421875 0.36524843749999997 0.09764062500000001 0.35928593750000004 0.08908125 0.3384203125 0.07746562500000001 0.33692968749999996 0.0646265625 0.3227703125 0.0524 0.3130828125 0.038951562499999995 0.2937078125 0.0236671875 0.2855109375 0.0053265625 0.28169062500000003 0 0.2503546875 0
0 0.8436718750000001 0.606728125 0.8496343749999999 0.614675 0.8570859375 0.62506875 0.8637937499999999 0.6354609375 0.8548500000000001 0.641575 0.8488890625 0.6507453125 0.856340625 0.6538015625 0.8682640625 0.6556359375 0.8824234375 0.656246875 0.8958375000000001 0.6531906249999999 0.9174484375 0.65135625 0.923409375 0.649521875 0.9286265625000001 0.646465625 0.9338421875 0.636684375 0.9338421875 0.6275140625 0.9338421875 0.6220109375 0.9383140624999999 0.6012265625000001 0.933096875 0.5908328125 0.9241546875 0.5743265625 0.9204296875000001 0.570659375 0.9114859375 0.568825 0.9077609375 0.5694359375 0.904034375 0.57555 0.9055249999999999 0.590221875 0.9092499999999999 0.5993921875 0.9017984374999999 0.6073390625 0.898071875 0.61161875 0.8943468749999999 0.5975578125000001 0.8921109375 0.5889984375 0.8854046875 0.580440625 0.8786968749999999 0.5779953124999999 0.8682640625 0.57555 0.8630484375 0.5792171875000001 0.8414375 0.5810515625 0.83249375 0.587165625 0.8406921875 0.59878125 0.8436718750000001 0.606728125
0 0.8645375 0.721634375 0.8712453124999999 0.7326374999999999 0.891365625 0.737528125 0.904034375 0.7399734375 0.9196843749999999 0.744253125 0.9502375000000001 0.7509781249999999 0.9718484374999999 0.74914375 0.9763203125000001 0.7436421875 0.9793 0.7326374999999999 0.9800453125 0.7271359375 0.9524734374999999 0.721634375 0.94055 0.7173546875000001 0.9323515625000001 0.7075734375 0.9308624999999999 0.701459375 0.9308624999999999 0.68984375 0.91819375 0.6843421875 0.9107406250000001 0.6843421875 0.8958375000000001 0.6904546875 0.8965828124999999 0.697790625 0.901053125 0.705128125 0.8921109375 0.708184375 0.8801875000000001 0.713075 0.8652828124999999 0.71674375 0.8645375 0.721634375
0 0.76840625 0.7136859375 0.7915078125 0.7118515624999999 0.8071578125000001 0.7057390625 0.8160999999999999 0.7002375 0.8183359375 0.697790625 0.8213156250000001 0.6971796875 0.8011953125 0.6855640625 0.7982140625 0.6806734375 0.79374375 0.675171875 0.78778125 0.6727265625000001 0.766915625 0.678228125 0.76244375 0.6843421875 0.75871875 0.688009375 0.74903125 0.6892328125 0.7311453125 0.688621875 0.72369375 0.6892328125 0.7229484375 0.694734375 0.7244390625 0.7026828125 0.7430687500000001 0.7100187499999999 0.76840625 0.7136859375
0 0.8384562499999999 0.7363062499999999 0.8399468750000001 0.731415625 0.835475 0.727746875 0.833984375 0.727746875 0.8220609375000001 0.7301921874999999 0.8168453124999999 0.7301921874999999 0.804921875 0.734471875 0.801940625 0.7387515625 0.8026859375000001 0.7424203125 0.8138640625000001 0.7454765625 0.8213156250000001 0.7418078125 0.831003125 0.7405859375 0.8384562499999999 0.7363062499999999
0 0.9174484375 0.856103125 0.9055249999999999 0.8499890625000001 0.8958375000000001 0.8469328125000001 0.8824234375 0.8420421875 0.874971875 0.8408187500000001 0.8764609374999999 0.8518234375 0.8839140625 0.8567140625 0.88615 0.859159375 0.891365625 0.86710625 0.9129765624999999 0.86710625 0.9196843749999999 0.8664953125 0.9249 0.865884375 0.92355 0.8587234374999999 0.9174484375 0.856103125
0 0.7646796874999999 0.8108359374999999 0.7713875 0.808390625 0.7691515625 0.7986093750000001 0.765425 0.79371875 0.760209375 0.795553125 0.7564828125 0.796775 0.7535015625 0.8028890625 0.754246875 0.8059453124999999 0.7572281249999999 0.8090015625 0.7646796874999999 0.8108359374999999
0 0.5999890625 0.8444593749999999 0.6141484375 0.8444593749999999 0.6223453125 0.8444593749999999 0.6335234375 0.8456828125 0.6365046875 0.8389578125 0.6365046875 0.8352906250000001 0.630459375 0.834278125 0.6156390625 0.8340671875 0.6052046875 0.8352906250000001 0.5992437500000001 0.838346875 0.5999890625 0.8444593749999999
0 0.6700390625 0.716078125 0.6759999999999999 0.715465625 0.6819625 0.712409375 0.6834515624999999 0.7099640625 0.6856875 0.7081296874999999 0.6856875 0.7056843749999999 0.6812171874999999 0.7014046875 0.6722734375 0.7044625 0.664821875 0.7062953125 0.661840625 0.7148546875 0.6700390625 0.716078125
0 0.6029703125 0.683065625 0.6044609375000001 0.6836765625 0.60893125 0.68061875 0.6119125000000001 0.6732828125 0.6141484375 0.664725 0.6141484375 0.6635015625 0.6126578125 0.6604453125 0.6111671875 0.659221875 0.6066953125000001 0.658 0.5999890625 0.658 0.597753125 0.6622796875 0.5925374999999999 0.6635015625 0.5828484375 0.6653359375 0.5761421875 0.6683921875000001 0.5761421875 0.67145 0.5865750000000001 0.6781734375 0.5962625 0.68061875 0.6029703125 0.683065625
0 0.5023671875 0.7460328125 0.4934234375 0.7368625 0.48820781249999995 0.7313609375000001 0.48150000000000004 0.72769375 0.47553906250000005 0.725859375 0.46510625 0.722190625 0.466596875 0.7283046875 0.47181249999999997 0.735640625 0.4822453125 0.745421875 0.4896984375 0.749090625 0.49715 0.7533703125 0.501621875 0.755203125 0.508328125 0.76009375 0.5157796875 0.76681875 0.5202515625 0.7692640625 0.5262125 0.7729328125 0.5284484375 0.775378125 0.5299390625 0.7778234375 0.5314296875 0.778434375 0.5329203125 0.7845484375 0.537390625 0.7876046875 0.5426078125 0.7894390625 0.5575125 0.791884375 0.5671999999999999 0.791884375 0.570925 0.785159375 0.5612375000000001 0.7796578125 0.5530406250000001 0.7741546875 0.550059375 0.771709375 0.550059375 0.7686531249999999 0.5612375000000001 0.76743125 0.56421875 0.76681875 0.568690625 0.7570375 0.5619828124999999 0.752146875 0.547825 0.7527578125 0.5381359375 0.7576484375 0.5344109375 0.758871875 0.5284484375 0.7613171875 0.520996875 0.755203125 0.5023671875 0.7460328125
0 0.5694359375 0.5590703125 0.5649640625 0.5535687499999999 0.5537859375 0.541340625 0.54856875 0.534615625 0.5455890625 0.5285031250000001 0.5314296875 0.5113859374999999 0.51950625 0.49549062499999996 0.5128 0.485709375 0.498640625 0.46675625 0.4911890625 0.45636406249999995 0.4688328125 0.4312984375 0.4583984375 0.41907187500000004 0.43976875 0.3988984375 0.43008125 0.3866703125 0.4174125 0.3775 0.40101875 0.3671078125 0.3846234375 0.3719984375 0.380896875 0.3750546875 0.3816421875 0.389728125 0.390584375 0.4031765625 0.39505625 0.40684531249999994 0.403253125 0.412346875 0.41890312500000004 0.4245734375 0.43529687499999997 0.43374375 0.4420046875 0.44352656250000005 0.45020156250000004 0.46369999999999995 0.46436093749999996 0.478984375 0.4822453125 0.4906 0.49565937499999996 0.5107734374999999 0.49938593750000004 0.518109375 0.511309375 0.531559375 0.5284484375 0.545009375 0.543353125 0.55295625 0.550059375 0.561515625 0.559746875 0.5761875 0.5679453125 0.5871921875 0.5776328125 0.594528125 0.58359375 0.6006421875 0.5962625 0.6030875 0.6044609375000001 0.6030875 0.6119125000000001 0.6018640625 0.6275609375 0.59941875 0.45690937500000006 0.3524359375 0.453928125 0.3469328125 0.44349531249999996 0.3353171875 0.42486406250000003 0.339596875 0.4271 0.3457109375 0.43157187500000005 0.3524359375 0.441259375 0.36955312500000004 0.44945625 0.3848359375 0.4673421875 0.40134375 0.4852265625 0.4349671875 0.50013125 0.4612546875 0.5262125 0.48693125000000004 0.5694359375 0.5590703125
0 0.337675 0.53645 0.3317140625 0.5291140624999999 0.32351562500000003 0.525446875 0.316809375 0.5236125 0.3063765625 0.5272796875 0.3063765625 0.5285031250000001 0.29519843749999997 0.5285031250000001 0.283275 0.5285031250000001 0.26389999999999997 0.5174984375 0.25793750000000004 0.5144421875 0.2519765625 0.5058828125 0.24825 0.502215625 0.22812968749999998 0.4844859375 0.21620625000000002 0.47714999999999996 0.20949843750000002 0.46920312500000005 0.1998109375 0.4612546875 0.18267187499999998 0.44719375 0.1685125 0.43741250000000004 0.157334375 0.4319109375 0.1424296875 0.41479218749999996 0.1215640625 0.405621875 0.1036796875 0.397675 0.073871875 0.38911562499999997 0.06343750000000001 0.3921734375 0.064928125 0.399509375 0.07238125 0.405621875 0.22589375 0.53339375 0.24228906249999999 0.5370625 0.2519765625 0.5407296875000001 0.278803125 0.5535687499999999 0.304140625 0.5682406249999999 0.3086125 0.5725203125 0.3227703125 0.581078125 0.3272421875 0.5829125000000001 0.329478125 0.584746875 0.3384203125 0.5896375 0.3460609375 0.5918640625 0.353325 0.594528125 0.358540625 0.59941875 0.36450312500000004 0.5963625 0.36450312500000004 0.591471875 0.36450312500000004 0.5865812499999999 0.3630125 0.5804671875 0.35928593750000004 0.5755765625 0.3630125 0.5676296875 0.3637578125 0.5621265625 0.367484375 0.556625 0.358540625 0.5468437500000001 0.353325 0.5468437500000001 0.34214687499999996 0.5425640625 0.337675 0.53645
0 0.28625625 0.65558125 0.27656875 0.652525 0.2601734375 0.6543593750000001 0.25048593750000003 0.65558125 0.249740625 0.65558125 0.23483593749999998 0.6616953125 0.228875 0.665975 0.22812968749999998 0.6714765625 0.24526875 0.6800359375 0.2616640625 0.68859375 0.278803125 0.698375 0.2840203125 0.7044890625 0.29221718750000003 0.7124359375 0.29594375 0.7142703125 0.3063765625 0.7234406250000001 0.3145734375 0.7295546875000001 0.32351562500000003 0.7326109375 0.348853125 0.7411703125 0.35630625 0.7442265625 0.3779171875 0.7521734375 0.3928203125 0.7607328125 0.4084703125 0.7637890625 0.4226296875 0.7540078125 0.4278453125 0.7509515625 0.4330625 0.7442265625 0.44349531249999996 0.7362796875 0.44945625 0.733221875 0.453928125 0.72833125 0.4360421875 0.72221875 0.4330625 0.7271093750000001 0.4166671875 0.7277203125 0.40176249999999997 0.720384375 0.39654687499999997 0.7118249999999999 0.392075 0.7057125 0.3734453125 0.698375 0.3637578125 0.6947078125 0.3428921875 0.6879828125 0.33469375 0.6934843749999999 0.319790625 0.6922625 0.3160640625 0.6843140625 0.31010312500000003 0.6726984375 0.3019046875 0.6647515625 0.29519843749999997 0.6598609375 0.28625625 0.65558125
0 0.36450312500000004 0.7570640625 0.35034375 0.7515625 0.3443828125 0.7460609375 0.332459375 0.7423921874999999 0.3354390625 0.753396875 0.337675 0.75523125 0.3473625 0.76134375 0.3473625 0.7686796874999999 0.3481078125 0.7772390625 0.353325 0.784575 0.371209375 0.790078125 0.3823875 0.7992468749999999 0.3823875 0.8016937499999999 0.3704640625 0.8090296875 0.3734453125 0.8139203125 0.38536875 0.8139203125 0.40474375 0.8120859375 0.41368593750000004 0.8139203125 0.4226296875 0.8169765625000001 0.4323171875 0.8200328125 0.43976875 0.8206453125 0.4531828125 0.8169765625000001 0.447965625 0.80780625 0.4420046875 0.8053609375 0.43529687499999997 0.8023046875000001 0.43008125 0.799859375 0.42411875 0.7974140625 0.42411875 0.7906890625 0.42635468750000005 0.7857984375 0.42411875 0.779684375 0.41443125 0.7754046875 0.40474375 0.7760171875 0.39878281250000003 0.7717375 0.38313281250000003 0.7625671875 0.371209375 0.7582875 0.36450312500000004 0.7570640625
0 0.17149375 0.6488562499999999 0.185653125 0.6464109375 0.1945953125 0.64274375 0.20428281250000002 0.6402984375 0.1998109375 0.62929375 0.189378125 0.6219578125 0.1878875 0.6213453125 0.1789453125 0.61584375 0.16702187500000001 0.6121765625 0.16180624999999998 0.6152328125000001 0.15509843750000002 0.6213453125 0.1580796875 0.6268484375 0.1565890625 0.6347953125 0.1528640625 0.639075 0.1483921875 0.643965625 0.1513734375 0.6482453125000001 0.1595703125 0.6488562499999999 0.17149375 0.6488562499999999
0 0.0878 0.5457953125 0.0900359375 0.5372359375 0.0878 0.5341796875 0.0790484375 0.5312609375 0.06916875 0.5280671875 0.063953125 0.5280671875 0.054265625 0.5262328125 0.0453234375 0.5243984375 0.035634375 0.5237875 0.0311640625 0.528678125 0.038615625 0.5378484375 0.044578125 0.5390703125 0.057990625 0.5409046875 0.0676796875 0.5445734375 0.07513125000000001 0.5476296875 0.0825828125 0.5494640625 0.0878 0.5457953125
0 0.20256249999999998 0.7664093750000001 0.210759375 0.7578515625 0.2062875 0.7492921875 0.20256249999999998 0.7450125 0.195109375 0.7364531249999999 0.182440625 0.7364531249999999 0.1809515625 0.743178125 0.18020624999999998 0.7474578125 0.1556140625 0.7376765625 0.1444359375 0.740121875 0.11388125 0.7462359375000001 0.1079203125 0.7492921875 0.1064296875 0.7590734375 0.1176078125 0.7651875 0.13623749999999998 0.7688546875 0.1623203125 0.776803125 0.1749890625 0.778025 0.188403125 0.7731343749999999 0.19585468749999999 0.7700781250000001 0.20256249999999998 0.7664093750000001
0 0.070659375 0.6789875000000001 0.0624625 0.677153125 0.05575624999999999 0.6795984374999999 0.034890624999999995 0.686934375 0.028928125 0.6912140625000001 0.0408515625 0.69549375 0.0490484375 0.69855 0.056501562500000005 0.703440625 0.0743859375 0.705275 0.0870546875 0.7009953125 0.08481875 0.686934375 0.0758765625 0.6832671875 0.070659375 0.6789875000000001
0 0 0.7384109375000001 0.013278124999999998 0.7505140625 0.0393609375 0.7639640625 0.0758765625 0.7804703125 0.10717499999999999 0.7902515625000001 0.124315625 0.7969765625 0.12729531249999998 0.8018671875000001 0.121334375 0.8079812499999999 0.13847343750000002 0.8134828125 0.14369062500000002 0.8134828125 0.146671875 0.809815625 0.1556140625 0.7988109375 0.162878125 0.793028125 0.161575 0.7859734375 0.15934062499999999 0.7853609374999999 0.128040625 0.776190625 0.11984375 0.7731343749999999 0.11090156250000001 0.7700781250000001 0.0997234375 0.7584625 0.101959375 0.7529609374999999 0.10419375 0.743178125 0.09450625 0.7389 0.0788578125 0.7346203124999999 0.0624625 0.726671875 0.038615625 0.7144453125 0.02445625 0.7046640625 0.0088078125 0.69855 0 0.6949375 0 0.7384109375000001
0 0 0.81465 0.0080625 0.816540625 0.01775 0.8177625000000001 0.0237125 0.8183734375 0.0306140625 0.8169625 0.0453234375 0.8177625000000001 0.04979375 0.8159281249999999 0.0550109375 0.8079812499999999 0.0430875 0.8043125 0.028928125 0.8000343750000001 0.0237125 0.79514375 0.021476562499999997 0.7890296875 0.016259375 0.7810828125 0.0102984375 0.7774140625 0.00508125 0.776190625 0 0.775 0 0.81465
0 0 0.8348812499999999 0.0028453124999999998 0.8348812499999999 0.0088078125 0.8348812499999999 0.01476875 0.8306015625000001 0.016259375 0.8257109375 0.013278124999999998 0.8226531250000001 0.0073171875 0.8214312500000001 0 0.821115625 0 0.8348812499999999