1 0.56601875 1 0.8357531249999999 0.6862828125 0.6138546875 0.39958593750000004 0.1621125 0.528184375 0.389565625 1 0.56601875 1
1 0.3734484375 1 0.1504125 0.5336859375 0 0.5800953125 0 1 0.3734484375 1
1 0 0.5647453125 0.1504125 0.5275203125 0 0.216834375 0 0.5647453125
1 0 0.1965375 0.155034375 0.5244375 0.6150109375 0.39958593750000004 0.45390781249999995 0.1802125 0 0.1502328125 0 0.1965375
1 0 0 0 0.1441734375 0.44280937500000006 0.18225156250000002 0.317159375 0.0043015625 0.29994062499999996 0 0 0
1 0.66701875 0.18995937499999999 0.5492468749999999 0.06465 0.3237703125 0.00499375 0.4520546875 0.1807109375 0.66701875 0.18995937499999999
1 0.79963125 0.345853125 0.6658625 0.1915 0.45089843749999997 0.1807109375 0.6207890625 0.396503125 0.79963125 0.345853125
1 0.618478125 0.396503125 0.8323750000000001 0.6797 0.9698171875 0.53676875 0.8057046874999999 0.3487203125 0.618478125 0.396503125
1 0.69475625 0.095934375 0.5537578125 0.0666484375 0.6623953124999999 0.196125 0.7860578125 0.202290625 0.69475625 0.095934375
1 0.80005 0.3451265625 0.8991468749999999 0.3184359375 0.7863078125 0.2013859375 0.667440625 0.196884375 0.80005 0.3451265625
1 1 0.423003125 0.9074078125 0.3209765625 0.8022375 0.35026250000000003 0.9675046875 0.5321453125 1 0.489921875 1 0.423003125
0 0 0.8355124999999999 0.00016875 0.835796875 0.020971875 0.8573765625 0.02790625 0.8681656249999999 0.0440859375 0.8573765625 0.055643750000000006 0.848128125 0.06604375 0.8542937500000001 0.08106875 0.8419625 0.0984046875 0.835796875 0.1099609375 0.8203828124999999 0.11920781250000001 0.7864734375 0.1053390625 0.771059375 0.0799125 0.7679765625 0.057954687500000004 0.7648937499999999 0.032528125000000005 0.771059375 0.0163484375 0.791096875 0 0.7902578124999999 0 0.8355124999999999
0 0 0.49965624999999997 0.02790625 0.48744531249999995 0.038307812499999996 0.47357187500000003 0.0625765625 0.465865625 0.072978125 0.4674078125 0.082225 0.46894843750000004 0.046396875 0.3733828125 0.02559375 0.35951093749999996 0.0082578125 0.36567656249999997 0 0.357415625 0 0.49965624999999997
0 0.310765625 1 0.304121875 0.9683546875 0.2971875 0.93906875 0.2833203125 0.8866625000000001 0.25905 0.8527515625 0.2417140625 0.8327140625 0.223221875 0.8280890624999999 0.2197546875 0.8527515625 0.224378125 0.8897453125 0.21166562500000002 0.9082421875 0.2139765625 0.9359859374999999 0.2304875 0.9313687500000001 0.2336234375 0.957565625 0.23593437499999997 0.9776031250000001 0.23593437499999997 1 0.310765625 1
0 0.23824687500000002 0.299396875 0.20473124999999998 0.294771875 0.171215625 0.291690625 0.1515671875 0.3163515625 0.16018593750000001 0.3253078125 0.1735265625 0.3533453125 0.1850828125 0.36105156250000003 0.20241875 0.3672171875 0.2197546875 0.3672171875 0.24286875000000002 0.368759375 0.2694515625 0.37029999999999996 0.2948765625 0.36105156250000003 0.304121875 0.3425546875 0.3018109375 0.31326875 0.2879421875 0.294771875 0.23824687500000002 0.299396875
0 0.2532703125 0.425790625 0.24286875000000002 0.43503749999999997 0.2278453125 0.45045156249999996 0.23824687500000002 0.4627828125 0.2463359375 0.46894843750000004 0.248784375 0.479390625 0.2694515625 0.48744531249999995 0.3503515625 0.464325 0.359596875 0.453534375 0.359596875 0.4396625 0.34457343749999997 0.4365796875 0.33070468750000004 0.4365796875 0.3156796875 0.4442859375 0.3006546875 0.44736875 0.28909843749999997 0.4442859375 0.27291875 0.43503749999999997 0.2532703125 0.425790625
0 0.1781484375 0.7279 0.1804609375 0.714028125 0.171215625 0.7047796875000001 0.157346875 0.7124859375 0.155371875 0.7259249999999999 0.1781484375 0.7279
0 0.39482343750000004 0.2909328125 0.392565625 0.28491093749999996 0.3866953125 0.2788875 0.37947031249999996 0.27768281250000004 0.3740515625 0.27406874999999997 0.36863125 0.26744375 0.36908281249999997 0.2602171875 0.36817968749999996 0.2511828125 0.3618578125 0.2415453125 0.3528265625 0.24214843749999998 0.34740625 0.25057968750000004 0.3517484375 0.25970624999999997 0.34740625 0.27045625 0.3478578125 0.276478125 0.34830937500000003 0.28491093749999996 0.352375 0.2909328125 0.3559875 0.2921375 0.3618578125 0.2921375 0.36863125 0.2909328125 0.3758578125 0.2933421875 0.3830828125 0.29936562499999997 0.390759375 0.2987625 0.39482343750000004 0.2909328125
0 0.19476875 0.20420312499999999 0.1803171875 0.1945671875 0.1645109375 0.18854375 0.154125 0.1807140625 0.1464484375 0.172884375 0.14554375 0.1722828125 0.1324484375 0.168065625 0.12160937499999999 0.1674640625 0.112578125 0.17529375 0.11122343750000001 0.17770312500000002 0.11091875 0.1814375 0.11935156250000001 0.19818125 0.1297390625 0.20480625 0.1387703125 0.2084203125 0.149609375 0.2174546875 0.15954375 0.21504531249999997 0.1636078125 0.2120328125 0.16993125 0.210828125 0.1748984375 0.210828125 0.19296249999999998 0.2174546875 0.1970265625 0.21865937500000002 0.20199375000000003 0.21323750000000002 0.19476875 0.20420312499999999
0 0.12702968750000002 0.13915625 0.1220609375 0.136746875 0.11619062499999999 0.1355421875 0.10625625000000001 0.1343375 0.09948125 0.1343375 0.09045 0.13494062499999998 0.07855625000000001 0.1453125 0.0854828125 0.1512015625 0.093159375 0.1499984375 0.097675 0.1493953125 0.1030953125 0.1518046875 0.11393281250000001 0.15602031249999998 0.126578125 0.1512015625 0.14780312499999998 0.153009375 0.1509640625 0.14879375 0.14328593750000002 0.1445765625 0.1329 0.14216875 0.12702968750000002 0.13915625
0 0.48559374999999994 0.2457609375 0.4779171875 0.24275000000000002 0.47114375 0.24756874999999998 0.47028125000000004 0.250675 0.4765625 0.256 0.48378750000000004 0.256603125 0.4869484375 0.25298906250000003 0.48559374999999994 0.2457609375
0 0.3591484375 0.08201875 0.35779375 0.072984375 0.352375 0.0675640625 0.35011562500000004 0.0627453125 0.3442453125 0.0603375 0.337471875 0.058529687500000004 0.3352140625 0.0627453125 0.3415359375 0.0765984375 0.3496640625 0.0832234375 0.3591484375 0.08201875
0 0.28915156249999996 0.5437875 0.29095781249999997 0.5377640625 0.279215625 0.52571875 0.2670234375 0.5227078125 0.25889375000000003 0.5317421875 0.2557328125 0.5455953124999999 0.2557328125 0.5546296875000001 0.2593453125 0.5582421875 0.2616046875 0.5612546875 0.26205625 0.5714937499999999 0.25753906249999997 0.5751062499999999 0.248959375 0.5769140625 0.2412828125 0.5859484375 0.23631406250000003 0.59136875 0.2430890625 0.597390625 0.2566359375 0.6010046874999999 0.26928125 0.5949828125 0.275603125 0.5901640625 0.27786093749999996 0.5787203125 0.2747 0.5714937499999999 0.2751515625 0.5588453125 0.277409375 0.5546296875000001 0.281925 0.5498109375 0.28915156249999996 0.5437875
0 0.40295312499999997 0.6509953125 0.4142421875 0.6618359375 0.41604843750000003 0.6666546875 0.419209375 0.6738828125 0.42733906250000003 0.672678125 0.4282421875 0.663040625 0.427790625 0.66063125 0.42914531250000004 0.6485859375 0.423275 0.640153125 0.42869375 0.6311203125 0.4318546875 0.6329265625 0.4417890625 0.6365406250000001 0.4548859375 0.638346875 0.46075625000000003 0.6413578125 0.4697890625 0.6437671875000001 0.4770140625 0.6395515625 0.48243281250000003 0.6329265625 0.486496875 0.625096875 0.491465625 0.615459375 0.49372343750000003 0.6040171875 0.49372343750000003 0.5937781249999999 0.47836875 0.5805265625 0.4724984375 0.575709375 0.4661765625 0.5714937499999999 0.45443437500000006 0.570890625 0.4381765625 0.5720953125 0.4264359375 0.5745046874999999 0.4165 0.5883578125 0.4151453125 0.59136875 0.4124359375 0.5985953125 0.40746874999999994 0.608834375 0.3997921875 0.6112437500000001 0.39346875 0.606425 0.3857921875 0.6010046874999999 0.37947031249999996 0.5943796875 0.367728125 0.58173125 0.35824531249999997 0.5859484375 0.35011562500000004 0.5937781249999999 0.3415359375 0.6100390625000001 0.3460515625 0.6256984375 0.351471875 0.631721875 0.36153124999999997 0.6460375 0.3618578125 0.6528015625 0.3654703125 0.661234375 0.367728125 0.667859375 0.37947031249999996 0.67026875 0.383534375 0.66545 0.385340625 0.6576203125 0.38624375 0.6534046874999999 0.3894046875 0.6461765625 0.38985625 0.6413578125 0.3997921875 0.6485859375 0.40295312499999997 0.6509953125
0 0.53481875 0.5425828125 0.527140625 0.5311390625 0.519915625 0.5202984374999999 0.5122390625000001 0.523309375 0.5090765625 0.5371625 0.5050125000000001 0.5437875 0.49914218750000006 0.557640625 0.5000453125 0.564265625 0.5027546875 0.5702890625 0.505915625 0.5751062499999999 0.5126906250000001 0.579925 0.5212703125 0.5811296875 0.527140625 0.5841406250000001 0.5330109375000001 0.58655 0.5388828125 0.57811875 0.5406890625 0.566071875 0.5406890625 0.5540265625 0.53481875 0.5425828125
0 0.44630625 0.8268093750000001 0.438628125 0.8346390625 0.438628125 0.849696875 0.44630625 0.856925 0.44585468749999996 0.854515625 0.4512734375 0.8629468749999999 0.45714375 0.8665609375000001 0.46256250000000004 0.8695718749999999 0.46888593749999996 0.8671640625 0.46888593749999996 0.8575265625 0.468434375 0.847890625 0.4679828125 0.8358437500000001 0.4630140625 0.8256046874999999 0.4530796875 0.825003125 0.44630625 0.8268093750000001
0 0.46461406250000004 1 0.4639171875 0.9978328125000001 0.45940156249999997 0.993015625 0.45398281249999994 0.9948218750000001 0.44932343750000003 1 0.46461406250000004 1
0 0.7064234375 0.599171875 0.6892625 0.5913421875 0.6838437500000001 0.59194375 0.6752640624999999 0.59856875 0.672103125 0.612421875 0.681134375 0.6178421875 0.7086812499999999 0.639525 0.7217781249999999 0.6425359375 0.7267453125000001 0.6431390625 0.7312609375 0.6515703125 0.7267453125000001 0.6630140625000001 0.7082296875 0.6744578125 0.7028109375 0.678071875 0.69106875 0.684696875 0.682940625 0.6901171875000001 0.6712 0.6919234375000001 0.6666828125 0.6895156250000001 0.6608125 0.678071875 0.6572 0.673253125 0.6495234375 0.675059375 0.6418453125 0.6720484375 0.640490625 0.661809375 0.6391359375000001 0.6563890625 0.63778125 0.6497640625 0.636878125 0.6437406250000001 0.6346203125 0.639525 0.6323624999999999 0.6371156250000001 0.6305562499999999 0.6310921875 0.6364265625 0.6298890625 0.6427484375 0.6262749999999999 0.6427484375 0.6184453125 0.6337171875000001 0.6154328125 0.6246859375 0.614228125 0.6210718749999999 0.6160359375 0.6142984375 0.612421875 0.6061703125 0.6021828124999999 0.603009375 0.612421875 0.60075 0.625671875 0.601653125 0.639525 0.6088796875 0.6569906249999999 0.608428125 0.660003125 0.608428125 0.6720484375 0.610234375 0.6792765625 0.612040625 0.6877078125 0.6152015625 0.696140625 0.61475 0.7057765625 0.6115890625 0.711196875 0.6043640625 0.7099921874999999 0.6025578125 0.7063796875 0.6034609375 0.69373125 0.5948796875 0.6925265625 0.5890093750000001 0.6985484375000001 0.5822359374999999 0.70035625 0.5745578124999999 0.705175 0.5745578124999999 0.7172203125000001 0.5777187500000001 0.7214359375 0.5831390625 0.724446875 0.5903640625000001 0.7256515625 0.5944281250000001 0.735890625 0.5944281250000001 0.7370953124999999 0.5939765625 0.7479375 0.5939765625 0.74974375 0.596234375 0.7617890625 0.59894375 0.7720281250000001 0.6043640625 0.77925625 0.6161046875 0.7900968749999999 0.622878125 0.796721875 0.6292015625 0.8009375000000001 0.6382328125 0.8069609375000001 0.64500625 0.810575 0.6513296875 0.8117796875 0.656296875 0.8159953124999999 0.658103125 0.823825 0.6594578125 0.8340640625000001 0.6621671874999999 0.837678125 0.668096875 0.8388828125 0.671709375 0.8406890625000001 0.6762265625 0.8436999999999999 0.68119375 0.8449046875 0.8207359375 0.684696875 0.7628734374999999 0.6070015625 0.7533890624999999 0.6045921875 0.7443578125 0.6021828124999999 0.730809375 0.6009781249999999 0.716359375 0.5997734375 0.7064234375 0.599171875
0 0.60351875 0.5149578125 0.6143578125 0.5215828124999999 0.6179703125 0.531821875 0.6238406249999999 0.5354359375 0.627453125 0.541459375 0.63151875 0.536640625 0.6270015625 0.531821875 0.6242921875 0.5245953125 0.6215828125 0.5173671875 0.61751875 0.5107421875 0.613003125 0.5065265625 0.604421875 0.5059234375 0.60351875 0.5149578125
0 0.7421578125 0.41618281250000005 0.7362875 0.413171875 0.729965625 0.40654531250000003 0.7231921875 0.4023296875 0.7146109375 0.39992031250000004 0.708740625 0.3957046875 0.7001609375 0.390284375 0.6938375 0.3872734375 0.6870640625 0.38968125 0.6825484375 0.39449999999999996 0.6762265625 0.395103125 0.6712578125 0.390284375 0.668096875 0.38546562500000003 0.65996875 0.38546562500000003 0.653646875 0.38968125 0.65635625 0.40052343749999997 0.6649359375 0.413171875 0.6708062499999999 0.41798906249999995 0.6820968749999999 0.42702343750000005 0.694740625 0.43364843750000004 0.7064828125 0.43364843750000004 0.718675 0.4366609375 0.7281593749999999 0.441478125 0.737190625 0.4402734375 0.743965625 0.4360578125 0.7498359375 0.42581875 0.7498359375 0.421603125 0.7421578125 0.41618281250000005
0 0.87175625 0.6024625 0.867240625 0.5976453125 0.8591109375 0.58740625 0.851434375 0.5831906250000001 0.8473703125000001 0.580178125 0.8392421875 0.5789734375 0.8369828125 0.5681328125 0.8302093749999999 0.5663265625 0.8252421875 0.562109375 0.8193718750000001 0.55126875 0.8107906249999999 0.54645 0.805371875 0.5566890625 0.8130484375 0.573553125 0.8193718750000001 0.578371875 0.8261453124999999 0.5849968750000001 0.8275 0.5952359375 0.8297578124999999 0.6000546875 0.8311125 0.6024625 0.834725 0.6090890625000001 0.8410484374999999 0.61390625 0.846015625 0.618725 0.8464671875 0.625953125 0.8410484374999999 0.634384375 0.835628125 0.6355890625 0.8261453124999999 0.625953125 0.8225328125000001 0.616315625 0.8166625 0.605475 0.8112421875000001 0.5970421875 0.8017593749999999 0.6000546875 0.8017593749999999 0.6127015625000001 0.808984375 0.6199296875 0.8116937500000001 0.636190625 0.817565625 0.64341875 0.8193718750000001 0.6464296875 0.8229843750000001 0.657271875 0.8261453124999999 0.6644984375 0.834725 0.6741359375 0.8925296875000001 0.611496875 0.890271875 0.6084859375 0.8853046875 0.605475 0.8803359374999999 0.605475 0.877175 0.6042703125 0.87175625 0.6024625
0 0.8541437500000001 0.5163359375 0.8541437500000001 0.524165625 0.8545953125000001 0.53500625 0.8622734375000001 0.54464375 0.8631765625 0.54464375 0.862725 0.5488593749999999 0.8663375 0.553678125 0.86995 0.5542796875 0.8762718749999999 0.5542796875 0.8776265625 0.5476546875 0.87536875 0.5410296875 0.8726593749999999 0.5332 0.8685953124999999 0.52838125 0.8640796875 0.517540625 0.8541437500000001 0.5163359375
0 0.4288890625 0.1377859375 0.433053125 0.134290625 0.43756874999999995 0.1397125 0.443890625 0.137303125 0.44434218750000004 0.130678125 0.43937499999999996 0.1222453125 0.43395625000000004 0.11983593749999999 0.4240203125 0.1132109375 0.4176984375 0.1156203125 0.4158921875 0.12104062499999999 0.4167953125 0.12826875 0.42627812499999995 0.14212031249999998 0.4288890625 0.1377859375
0 0.5581437499999999 0.109596875 0.56175625 0.109596875 0.5649171875000001 0.10899531250000001 0.5658203125 0.103575 0.56536875 0.0993578125 0.5640140625 0.0975515625 0.5608531250000001 0.0933359375 0.5581437499999999 0.09213125 0.553628125 0.0939375 0.5545312499999999 0.1047796875 0.5581437499999999 0.109596875
0 0.56105 0.20735 0.5562265625 0.20252656249999998 0.553815625 0.19963124999999998 0.5518875000000001 0.1980234375 0.5499578125 0.19448749999999998 0.54730625 0.193521875 0.544171875 0.19255781249999998 0.542484375 0.19255781249999998 0.53983125 0.19705937499999998 0.5436890625 0.2050984375 0.548753125 0.2089578125 0.5523687500000001 0.21152968749999998 0.5559859375 0.21378124999999998 0.5591203124999999 0.2186046875 0.5624953125000001 0.22149843749999998 0.565871875 0.22535781250000003 0.5694874999999999 0.22374999999999998 0.5678 0.220534375 0.5661125 0.2150671875 0.5639421875 0.21313749999999998 0.56105 0.20735
0 0.5669484375 0.24753906250000002 0.566465625 0.2449671875 0.5652609375 0.242715625 0.5642968749999999 0.2411078125 0.5623671875 0.23789218750000002 0.5606796875 0.2349984375 0.5558578125 0.23789218750000002 0.5575453125000001 0.2414296875 0.5594734375 0.24464531250000002 0.562034375 0.24584687500000002 0.5669484375 0.24753906250000002
0 0.693771875 0.252040625 0.689190625 0.2501125 0.6867796875 0.2507546875 0.682440625 0.2510765625 0.676653125 0.2523625 0.6807515625 0.25879375 0.68436875 0.2600796875 0.685815625 0.26233125 0.6879859374999999 0.26586875 0.6807515625 0.26586875 0.6790640625 0.2665109375 0.6797875 0.2713359375 0.681475 0.2742296875 0.6838859375 0.27840937499999996 0.68895 0.2796953125 0.6899140625 0.279053125 0.69184375 0.2758375 0.6925671875 0.274871875 0.6959421875 0.2768015625 0.6993171874999999 0.2803390625 0.7038984375 0.28387656250000004 0.70438125 0.2874140625 0.7055859375 0.29062968749999996 0.700040625 0.2932015625 0.6947359375 0.2935234375 0.6928078125 0.2935234375 0.6906375 0.2925578125 0.6865390625 0.29127187499999996 0.6836453125 0.2941671875 0.682921875 0.297703125 0.682440625 0.3038140625 0.684609375 0.3063859375 0.6884671875 0.307671875 0.6920843750000001 0.307671875 0.6944953125 0.305421875 0.7007640625 0.3102453125 0.70438125 0.3092796875 0.7067921875 0.3060640625 0.707515625 0.30574218750000004 0.7120968750000001 0.3038140625 0.718846875 0.30220625 0.7198125 0.30510000000000004 0.7258390625 0.311209375 0.7265625 0.31796250000000004 0.7316265625 0.320534375 0.7347609375 0.3231078125 0.738859375 0.3253578125 0.742234375 0.3260015625 0.74778125 0.32439375 0.7489859375 0.32439375 0.75115625 0.32439375 0.757665625 0.3215 0.7595953125 0.320534375 0.7634531250000001 0.3192484375 0.7636937500000001 0.3166765625 0.7634531250000001 0.3128171875 0.7024703125 0.2453109375 0.7034171875 0.25300625 0.707275 0.2594375 0.7125781250000001 0.2639390625 0.7164359375 0.2674765625 0.7176421875 0.2723 0.71354375 0.2713359375 0.7094437499999999 0.2668328125 0.7053453125 0.262975 0.7041390625 0.2604015625 0.7024515625000001 0.2575078125 0.6973890625 0.256221875 0.693771875 0.252040625
0 0.7323500000000001 0.1543140625 0.7306625 0.15367031250000002 0.72825 0.15174062500000002 0.72776875 0.14788125000000002 0.7268046874999999 0.14563125 0.7243937500000001 0.1430578125 0.7234281250000001 0.14209375 0.7215 0.14080781250000002 0.7169187499999999 0.14145000000000002 0.715471875 0.1475609375 0.7159546875 0.15270625 0.7198125 0.15624218750000002 0.7227046875 0.1572078125 0.7268046874999999 0.1594578125 0.730903125 0.161065625 0.735484375 0.16267343750000002 0.7403062499999999 0.16267343750000002 0.7405468749999999 0.1594578125 0.7378953125 0.1565640625 0.7352421875 0.155278125 0.7323500000000001 0.1543140625
0 0.690396875 0.18227500000000002 0.681475 0.1780953125 0.6778593749999999 0.1784171875 0.6708671875000001 0.17970312500000002 0.667490625 0.1838828125 0.6708671875000001 0.1877421875 0.6733374999999999 0.190128125 0.6783406249999999 0.19224375 0.71354375 0.1935296875 0.715471875 0.19224375 0.718365625 0.189028125 0.7195703124999999 0.1874203125 0.7193296874999999 0.18163281250000002 0.7169187499999999 0.18034531250000002 0.713784375 0.18034531250000002 0.7067921875 0.18227500000000002 0.69859375 0.18227500000000002 0.690396875 0.18227500000000002
0 0.72776875 0.205721875 0.726321875 0.2037921875 0.7243937500000001 0.20121875 0.7215 0.20025468750000003 0.7174015625 0.1999328125 0.7113734375 0.20089843749999997 0.704478125 0.2032546875 0.70775625 0.2111875 0.710409375 0.21440312499999997 0.7128203125 0.2166546875 0.7157125 0.217940625 0.7181234375 0.218584375 0.721740625 0.22115625 0.726321875 0.2205140625 0.7304203125 0.218584375 0.7335546875000001 0.21826249999999997 0.7352421875 0.21601093750000003 0.7313859375 0.2089375 0.72776875 0.205721875
0 0.7879953125 0.24865624999999997 0.784378125 0.242225 0.779796875 0.23933125 0.776421875 0.23740156250000002 0.7713578125 0.2309703125 0.767259375 0.22679062499999997 0.7646078125 0.22357343749999997 0.7619546875000001 0.21939375 0.7600265625 0.2174640625 0.7524546875 0.21852343749999997 0.7523109375 0.22453906250000003 0.7571328125 0.2277546875 0.7590625 0.2309703125 0.760990625 0.235471875 0.7658125 0.2386875 0.7716000000000001 0.24158125 0.77376875 0.24286875000000002 0.7759390625 0.24640468750000002 0.77955625 0.24962187500000002 0.781484375 0.2509078125 0.78703125 0.2528375 0.7879953125 0.24865624999999997
0 0.7884765625 0.2380453125 0.7930578125000001 0.23900937500000002 0.7971578125 0.2406171875 0.8027031250000001 0.24640468750000002 0.8068015624999999 0.2534796875 0.8092124999999999 0.25573125 0.814034375 0.2602328125 0.818615625 0.2605546875 0.82175 0.2608765625 0.8248843750000001 0.2570171875 0.8258484375 0.25219375 0.826571875 0.248978125 0.82633125 0.24737031250000002 0.8253671875 0.246084375 0.7957109375 0.2142484375 0.790646875 0.2148921875 0.787271875 0.2142484375 0.7841375 0.212640625 0.7817265625 0.21006874999999997 0.7785921874999999 0.2046015625 0.7725640625 0.2074953125 0.7713578125 0.2142484375 0.7728046875000001 0.2203578125 0.7769046875 0.22743281249999997 0.779796875 0.23193437499999997 0.7829312500000001 0.2348296875 0.7884765625 0.2380453125
0 0.8330828125 0.3120046875 0.830671875 0.31297031249999996 0.8219921875 0.31522031250000004 0.8164453125 0.3148984375 0.8065609374999999 0.3126484375 0.8019796875 0.307503125 0.7990859375 0.3026796875 0.7957109375 0.2991421875 0.7908875 0.293996875 0.783896875 0.290459375 0.778109375 0.2888515625 0.773046875 0.29174687499999996 0.7718406250000001 0.29624843749999996 0.77376875 0.3033234375 0.779796875 0.30718125 0.7834140625 0.3126484375 0.7899234374999999 0.31650625 0.7940234375 0.320365625 0.7945046875 0.3222953125 0.792334375 0.3290484375 0.7916109375 0.3322640625 0.8005328125 0.3415890625 0.861775 0.324546875 0.8651500000000001 0.32293906250000004 0.863703125 0.3197234375 0.863221875 0.3161859375 0.8610515624999999 0.3123265625 0.843209375 0.306859375 0.840315625 0.3084671875 0.835975 0.311040625 0.8330828125 0.3120046875
0 0.8622046875 0.3488796875 0.8655796875 0.354346875 0.86823125 0.3527390625 0.8689546874999999 0.3504875 0.8687140624999999 0.347271875 0.8670265625000001 0.34405625 0.8653390625 0.341484375 0.8626859375 0.3389109375 0.8607578124999999 0.337946875 0.858346875 0.33537343750000004 0.8569000000000001 0.3418046875 0.8622046875 0.3488796875
0 0.9179 0.35786875 0.9162125 0.354653125 0.9104265625 0.351115625 0.903915625 0.3411484375 0.8894500000000001 0.3366453125 0.8940296875 0.34307656249999996 0.8954765625000001 0.35079531249999996 0.9031921875 0.35786875 0.9097031250000001 0.36494375 0.9179 0.3749125 0.925615625 0.381665625 0.9345375 0.37780625 0.9371890625000001 0.371053125 0.93333125 0.3671953125 0.9260984375 0.36429999999999996 0.92079375 0.35979843749999996 0.9179 0.35786875
0 0.9762484375 0.49421406250000005 0.9704625 0.48424531249999997 0.9692562499999999 0.48102968749999997 0.9617828125000001 0.48585312500000005 0.9574421875000001 0.48906875000000005 0.9492437499999999 0.498715625 0.9477984375 0.5016093749999999 0.9497265625000001 0.505790625 0.9533437499999999 0.5096484375 0.9557546875 0.5128640625 0.9600937500000001 0.5160796875 0.96588125 0.52186875 0.97094375 0.5192953124999999 0.9745609375000001 0.514471875 0.9767312499999999 0.5083624999999999 0.978659375 0.5012875 0.9762484375 0.49421406250000005
0 1 0.421434375 0.99674375 0.418953125 0.9940906249999999 0.4163796875 0.991196875 0.4141296875 0.9873390625 0.4105921875 0.9856515625 0.408340625 0.9813124999999999 0.4105921875 0.9793828124999999 0.416059375 0.9801062500000001 0.42088281250000004 0.9839640624999999 0.428278125 0.9868578125 0.4292421875 0.991196875 0.43213749999999995 1 0.4332546875 1 0.421434375