1 0.1305125 0 0 0.058643749999999994 0 0.2980375 0.4428515625 0.6371875 0.902646875 0.5466390624999999 0.8946921874999999 0.54783125 0.6942265625 0 0.1305125 0
0 0.5313703125 0.31781875 0.5313703125 0.311740625 0.5543546874999999 0.30262500000000003 0.5557078125 0.29553281249999996 0.5462421875000001 0.2884421875 0.5313703125 0.28945468750000003 0.49215937500000007 0.29249375 0.467821875 0.29857187500000004 0.4529484375 0.309715625 0.4529484375 0.31781875 0.4448359375 0.32389687500000003 0.4448359375 0.3279484375 0.467821875 0.3411171875 0.4813421875 0.34314374999999997 0.49486406250000003 0.3411171875 0.5110890625 0.3471953125 0.5624671875 0.34517031249999997 0.569228125 0.3401046875 0.569228125 0.33402656249999996 0.5313703125 0.31781875
0 0.41509062500000005 0.15574062500000002 0.42590781250000004 0.1658703125 0.42725937500000005 0.17498750000000002 0.43537187499999996 0.17498750000000002 0.44077968749999996 0.181065625 0.451596875 0.1851171875 0.459709375 0.17903906249999998 0.4691734375 0.17802656249999999 0.4664703125 0.1597921875 0.4570046875 0.14865 0.423203125 0.1476375 0.4177953125 0.1496625 0.41509062500000005 0.15574062500000002
0 0.4002171875 0.12433749999999999 0.362359375 0.104078125 0.3474859375 0.105090625 0.3447828125 0.10914375000000001 0.3528953125 0.12332499999999999 0.35019062500000003 0.1456109375 0.35424687499999996 0.1527015625 0.358303125 0.1516890625 0.358303125 0.141559375 0.362359375 0.13852031250000002 0.3812890625 0.1405453125 0.3975140625 0.154728125 0.411034375 0.154728125 0.41509062500000005 0.1516890625 0.42049843750000004 0.1395328125 0.4056265625 0.12433749999999999 0.4002171875 0.12433749999999999
0 0.5584109374999999 0.1982859375 0.5502984375 0.19220781250000002 0.5597640625 0.18714375 0.5678765625 0.18714375 0.5773406249999999 0.17802656249999999 0.565171875 0.1709359375 0.5381296875 0.1709359375 0.516496875 0.16283125 0.504328125 0.16181874999999998 0.5070328125 0.17802656249999999 0.4989203125 0.18005312499999998 0.504328125 0.18815625 0.504328125 0.1982859375 0.520553125 0.21246874999999998 0.5178484375 0.2165203125 0.520553125 0.22665000000000002 0.5273140625 0.22766250000000002 0.536778125 0.2225984375 0.536778125 0.2104421875 0.540834375 0.207403125 0.5516515625 0.207403125 0.5584109374999999 0.20233906250000003 0.5584109374999999 0.1982859375
0 0 0.26525625 0.0067609375 0.2691953125 0.0040578125 0.279325 0.013521875 0.2823640625 0.021634375 0.29249375 0.037859375 0.29046875 0.041915625 0.2813515625 0.0486765625 0.2803390625 0.054084375 0.272234375 0.070309375 0.27426093749999997 0.082478125 0.2691953125 0.082478125 0.25906562499999997 0.078421875 0.2560265625 0.0554359375 0.25703906249999997 0.0594921875 0.2499484375 0.06760468750000001 0.251975 0.0716609375 0.24893593749999998 0.06760468750000001 0.2438703125 0.0229859375 0.2428578125 0.005409375 0.245896875 0 0.24994999999999998 0 0.26525625
0 0.6084390625 0.08584375 0.6354796875 0.08584375 0.646296875 0.0817921875 0.658465625 0.0686234375 0.658465625 0.05849375 0.6517046875 0.05342812500000001 0.6233109375 0.0544421875 0.6084390625 0.065584375 0.5962703125 0.0686234375 0.5962703125 0.07672812500000001 0.6084390625 0.08584375
0 0.727421875 0.2053765625 0.743646875 0.207403125 0.763928125 0.19423437500000001 0.7666328124999999 0.1901828125 0.763928125 0.1841046875 0.7571687500000001 0.181065625 0.7477031249999999 0.182078125 0.7355343750000001 0.1851171875 0.7260703125 0.19220781250000002 0.723365625 0.20031249999999998 0.727421875 0.2053765625
0 0.27420625 0.3592375 0.2980703125 0.36162031250000004 0.3235265625 0.40212812500000006 0.34261875 0.44144531249999996 0.3935296875 0.47004062500000005 0.42216875 0.5212718749999999 0.4571703125 0.5522484375000001 0.4571703125 0.58084375 0.51734375 0.6099234375 0.5496828125000001 0.5873765625 0.50173125 0.4829890625 0.4593546875 0.44206874999999995 0.513996875 0.413675 0.49392500000000006 0.35605312499999997 0.372846875 0.3103890625 0.30284374999999997 0.0935484375 0.41103125 0.11141875000000001 0.4444421875 0.087590625 0.4189859375 0.074484375 0.38239375 0.0482734375 0.3219359375 0.0482734375 0.28852500000000003 0.0864 0.2519328125 0.119759375 0.22170312499999997 0.0673359375 0.1898828125 0.08520781250000001 0.1898828125 0.13524843749999998 0.19465625 0.190053125 0.2296578125 0.254390625 0.250340625 0.2925171875 0.24397656250000002 0.32349375 0.27420625 0.3592375
0 0.5841015625 0.4809109375 0.569228125 0.47787187500000006 0.5638203125000001 0.4819234375 0.5665234375 0.485975 0.561115625 0.48800156250000004 0.569228125 0.5042093750000001 0.5557078125 0.5082609375 0.5557078125 0.518390625 0.5773406249999999 0.5345984374999999 0.5827484375 0.54878125 0.597621875 0.5518203125000001 0.6151984374999999 0.542703125 0.6124953125 0.530546875 0.5989734375 0.518390625 0.6016781250000001 0.5001578125 0.5841015625 0.4809109375
0 0.699028125 0.3401046875 0.6895640625 0.3309875 0.674690625 0.329975 0.663875 0.336053125 0.6611703125 0.34213125 0.67604375 0.3532734375 0.68415625 0.3553 0.699028125 0.3461828125 0.699028125 0.3401046875
0 0.78961875 0.3309875 0.776096875 0.324909375 0.7666328124999999 0.3259234375 0.755815625 0.3320015625 0.755815625 0.3461828125 0.759871875 0.349221875 0.7788015625 0.3471953125 0.7909703125 0.3380796875 0.78961875 0.3309875
0 0.5543546874999999 0.4424171875 0.5624671875 0.4424171875 0.5746359375 0.43532656249999996 0.573284375 0.43026093750000005 0.5638203125000001 0.42924843749999997 0.5502984375 0.43735156249999996 0.5543546874999999 0.4424171875
1 0 0.673415625 0.0695703125 0.7080031250000001 0.41643125000000003 0.6362171875 0.4151703125 0.635271875 0 0.3216953125 0 0.673415625
1 0.22715156250000001 0.6227296875 0.2393203125 0.621715625 0.2393203125 0.6156375 0.23255937499999998 0.6105734375 0.21768593749999998 0.6115859375 0.21768593749999998 0.6156375 0.22715156250000001 0.6227296875
1 0.18388437500000002 0.5376375 0.19470156249999998 0.5376375 0.212278125 0.5264953125 0.208221875 0.5214296875 0.1906453125 0.52244375 0.17712343749999998 0.5325734375 0.18388437500000002 0.5376375
1 0 0.548871875 0.0081140625 0.5538453125 0.0243390625 0.5578984375 0.033803125 0.554859375 0.0310984375 0.5406765625000001 0.0270421875 0.5376375 0 0.5367578125 0 0.548871875
1 0.021634375 0.6652750000000001 0.0351546875 0.671353125 0.050028125 0.6683140625 0.037859375 0.6551453125 0.025690625 0.6561578124999999 0.0148734375 0.660209375 0.021634375 0.6652750000000001
1 0.9087343750000001 0.5586328125 0.4615046875 0.64661875 0.6775390625 0.8140750000000001 0.6784875 0.8169140625000001 0.9911687499999999 0.775759375 0.9087343750000001 0.5586328125
1 0.191996875 0.7017421875000001 0.1243921875 0.7138984374999999 0.106815625 0.7209890624999999 0.1298015625 0.7341578125 0.4002171875 0.8516640625 0.6490015625 0.8192484375 0.650353125 0.8121578125 0.6206078125000001 0.787846875 0.5070328125 0.70478125 0.443484375 0.65311875 0.431315625 0.65210625 0.20010937499999998 0.697690625 0.191996875 0.7017421875000001
0 0.6719875 0.6683140625 0.662521875 0.6612234375 0.6368328125 0.6561578124999999 0.6287203124999999 0.660209375 0.626015625 0.6703390625 0.626015625 0.6743921875 0.6354796875 0.6814828125 0.654409375 0.6774312499999999 0.6719875 0.6683140625
0 0.7044374999999999 0.6379234375 0.711196875 0.6409625 0.727421875 0.6389375 0.7395906250000001 0.62779375 0.7341828125000001 0.60145625 0.72471875 0.594365625 0.7206625 0.595378125 0.6976765625 0.5984171875000001 0.6882125 0.6034828125 0.7017328125 0.6196906249999999 0.7044374999999999 0.6379234375
0 0.759871875 0.7280796875 0.761225 0.7351703125 0.7679843749999999 0.7382093750000001 0.776096875 0.7382093750000001 0.8017875 0.7169375 0.79773125 0.711871875 0.7585203125 0.7088328125000001 0.7382390625 0.7138984374999999 0.7368875 0.7189625000000001 0.751759375 0.7341578125 0.759871875 0.7280796875
0 0.7706890625 0.73213125 0.784209375 0.73213125 0.8017875 0.7189625000000001 0.79773125 0.711871875 0.7504078125 0.710859375 0.7395906250000001 0.7149109375 0.745 0.72909375 0.759871875 0.73010625 0.7679843749999999 0.736184375 0.7706890625 0.73213125
0 0.8477578125 0.73111875 0.84640625 0.7260546875 0.8369406250000001 0.725040625 0.80584375 0.7341578125 0.78150625 0.7382093750000001 0.7788015625 0.736184375 0.755815625 0.75543125 0.763928125 0.7716390625 0.7788015625 0.7848078125 0.7869140625 0.7848078125 0.7950265625 0.7787296875 0.8071953125 0.775690625 0.8017875 0.763534375 0.8017875 0.751378125 0.8301812500000001 0.736184375 0.8409968750000001 0.736184375 0.8477578125 0.73111875
0 0.5340734375 0.6662874999999999 0.528665625 0.6703390625 0.540834375 0.6754046875 0.5570593749999999 0.6774312499999999 0.561115625 0.6743921875 0.561115625 0.6703390625 0.5543546874999999 0.6673 0.5340734375 0.6662874999999999
0 0.719309375 0.7564437500000001 0.715253125 0.7574562499999999 0.71255 0.775690625 0.72471875 0.7787296875 0.731478125 0.7675859375 0.719309375 0.7564437500000001
0 0.8639828125 0.6237421875 0.86263125 0.620703125 0.8477578125 0.621715625 0.8491093749999999 0.6247546875000001 0.8639828125 0.6237421875
0 0.824771875 0.6389375 0.8396453125000001 0.633871875 0.828828125 0.6318453125 0.8234203125 0.633871875 0.824771875 0.6389375
0 0.8382937500000001 0.6612234375 0.8207156250000001 0.6622359375 0.8153078125000001 0.6642609375 0.82206875 0.6693265625 0.845053125 0.6683140625 0.8382937500000001 0.6612234375
0 0.926203125 0.7022546875 0.9323 0.691603125 0.926203125 0.6819640625 0.89843125 0.670296875 0.8862375 0.6626890624999999 0.8652390625 0.6662390625 0.8672718749999999 0.6667468750000001 0.874721875 0.679428125 0.8720125 0.6865296875 0.855078125 0.691603125 0.844240625 0.6789203125000001 0.8259515625 0.6870375 0.8483046875 0.6992109375 0.8523687499999999 0.7068203125 0.8706578125 0.7063125 0.889625 0.7149359375000001 0.8957218749999999 0.7042843750000001 0.906559375 0.69971875 0.926203125 0.7022546875
0 0.5610953125 0.7028921875 0.57125625 0.7272406250000001 0.590221875 0.73485 0.6064796875 0.7424593749999999 0.625446875 0.7465171875000001 0.6146078125 0.730284375 0.6010609375 0.7241984375 0.6017375 0.7140531250000001 0.6085125 0.7084718750000001 0.599028125 0.69426875 0.5922546875 0.6871671874999999 0.5726109375 0.6886890625000001 0.5610953125 0.7028921875
0 0.5259609375000001 0.7858203125000001 0.5151453125 0.7716390625 0.5070328125 0.7696125 0.5016234374999999 0.7736640625 0.504328125 0.78176875 0.5097359375 0.78379375 0.5070328125 0.7918984375 0.5137921875 0.7949375 0.5259609375000001 0.7858203125000001
0 0.49486406250000003 0.71795 0.4691734375 0.7169375 0.4624140625 0.71795 0.455653125 0.7270671875 0.4691734375 0.737196875 0.4664703125 0.743275 0.4745828125 0.7493531250000001 0.47728593750000003 0.7615093749999999 0.5002718749999999 0.7665734375000001 0.504328125 0.7594828125 0.49080781250000005 0.7493531250000001 0.49080781250000005 0.743275 0.4989203125 0.7392234375 0.5070328125 0.72909375 0.5070328125 0.723015625 0.49486406250000003 0.71795
0 0.3163890625 0.7908859374999999 0.3515421875 0.8050671875000001 0.3637109375 0.7979765624999999 0.3637109375 0.787846875 0.3555984375 0.78176875 0.3555984375 0.7777171875 0.3447828125 0.7716390625 0.342078125 0.763534375 0.35424687499999996 0.762521875 0.374528125 0.7493531250000001 0.374528125 0.7453015625 0.358303125 0.7331453125 0.3555984375 0.7209890624999999 0.34342968749999997 0.7138984374999999 0.3312609375 0.7128859375000001 0.32585312499999997 0.7169375 0.3285578125 0.7189625000000001 0.3231484375 0.7209890624999999 0.32585312499999997 0.723015625 0.3163890625 0.7260546875 0.30962812500000003 0.7351703125 0.3150359375 0.7473265625 0.321796875 0.7463140625 0.3231484375 0.751378125 0.30962812500000003 0.7574562499999999 0.3069234375 0.7675859375 0.2947546875 0.7726515625 0.293403125 0.7777171875 0.3163890625 0.7908859374999999
0 0.38534531250000004 0.72909375 0.3921046875 0.7382093750000001 0.402921875 0.7382093750000001 0.4042734375 0.7351703125 0.398865625 0.73111875 0.41373906250000003 0.7280796875 0.41509062500000005 0.723015625 0.4002171875 0.7017421875000001 0.38534531250000004 0.7027546874999999 0.38264062499999996 0.7068078125 0.3880484375 0.725040625 0.38534531250000004 0.72909375
0 0.515809375 0.8288625 0.511753125 0.8319015625 0.5428499999999999 0.8329140625000001 0.559075 0.8248109375 0.5915250000000001 0.822784375 0.596934375 0.8248109375 0.6091031250000001 0.8177203125 0.6023421875 0.810628125 0.584765625 0.8116421875000001 0.5617796875 0.81670625 0.548259375 0.8248109375 0.515809375 0.8288625
0 0.40801875 0.69989375 0.406103125 0.6831546875 0.38713593749999997 0.6872125 0.3905234375 0.69989375 0.40801875 0.69989375
1 0 0.841203125 0.1625625 0.8890125 0.3779703125 0.8540109375 0.3752609375 0.8540109375 0.07518125 0.7231375 0 0.7413328124999999 0 0.841203125
0 0.143321875 0.7767031249999999 0.11763281249999999 0.7777171875 0.0892390625 0.7787296875 0.0811265625 0.7848078125 0.06760468750000001 0.7868328124999999 0.066253125 0.7918984375 0.0811265625 0.801015625 0.0973515625 0.8050671875000001 0.127096875 0.7989890625 0.13520937500000002 0.7908859374999999 0.14602656249999998 0.7929109375000001 0.1541390625 0.7989890625 0.167659375 0.7989890625 0.17171562499999998 0.79595 0.159546875 0.7848078125 0.143321875 0.7767031249999999
0 0.1338578125 0.8324187500000001 0.131153125 0.8445734375 0.143321875 0.8496390625 0.167659375 0.8536906249999999 0.179828125 0.8486265625 0.1825328125 0.8384953124999999 0.1730671875 0.83343125 0.1338578125 0.8324187500000001
1 0.179503125 0.8942515625 0.3779765625 0.9525874999999999 0.56086875 0.93381875 0.5601921875 0.9333109374999999 0.3969421875 0.8617874999999999 0.179503125 0.8942515625
0 0.35019062500000003 0.8931968749999999 0.3650640625 0.8982625000000001 0.3934578125 0.8952234375 0.386696875 0.8881328125 0.3691203125 0.8891453125 0.35424687499999996 0.8901578125 0.35019062500000003 0.8931968749999999
0 0.293403125 0.8911718750000001 0.285290625 0.89725 0.289346875 0.9023140625 0.305571875 0.906365625 0.317740625 0.9053531250000001 0.313684375 0.8962359375 0.3001640625 0.8901578125 0.293403125 0.8911718750000001
0 0.3407265625 0.9083921875 0.32585312499999997 0.9094046875 0.329909375 0.9144703125 0.338021875 0.916496875 0.3447828125 0.9134578125000001 0.3407265625 0.9083921875
0 0.5151453125 0.9256125000000001 0.5110890625 0.9225734375 0.5016234374999999 0.9235875 0.4894546875 0.9266265625000001 0.46511718750000003 0.9266265625000001 0.4610609375 0.9316906250000001 0.463765625 0.9418203125 0.508384375 0.9387812500000001 0.5151453125 0.9256125000000001
1 0.7762671875 0.9096187499999999 0.6674234375 0.826096875 0.4120515625 0.8610984374999999 0.5719125 0.9326234375 0.7762671875 0.9096187499999999
0 0.6246640625000001 0.8536906249999999 0.6016781250000001 0.8526781250000001 0.5962703125 0.8567296875 0.593565625 0.8688859375 0.5759890624999999 0.8719250000000001 0.569228125 0.8769890625000001 0.5665234375 0.8830671875 0.573284375 0.8881328125 0.5786921875 0.8901578125 0.5922140625 0.8901578125 0.6003265625 0.8861062499999999 0.605734375 0.8881328125 0.6165515625 0.878003125 0.6341281249999999 0.8729374999999999 0.6314234375 0.8587562500000001 0.6246640625000001 0.8536906249999999
1 1 0.8016078125 0.9937703125 0.7834875 0.6869171875 0.8215312499999999 0.7946203125 0.9077671875 0.795975 0.906753125 1 0.8865093749999999 1 0.8016078125
0 0.9437562500000001 0.87395 0.9572765625 0.87395 0.9667406250000001 0.8688859375 0.9653890625000001 0.8658468750000001 0.9478125000000001 0.866859375 0.942403125 0.8688859375 0.9437562500000001 0.87395
0 0.909953125 0.8607812499999999 0.893728125 0.8607812499999999 0.8883203125 0.8628078125 0.889671875 0.8658468750000001 0.90319375 0.8658468750000001 0.909953125 0.8607812499999999
0 0.84235 0.8911718750000001 0.8382937500000001 0.8881328125 0.8234203125 0.8891453125 0.8274765625 0.8962359375 0.84235 0.8911718750000001
0 0.9126578125 0.8182359375000001 0.90319375 0.80911875 0.8883203125 0.80810625 0.8639828125 0.8182359375000001 0.865334375 0.8273531249999999 0.8815593749999999 0.8314046875000001 0.889671875 0.8273531249999999 0.9045453125 0.8263406249999999 0.9126578125 0.8182359375000001
0 0.824771875 0.8536906249999999 0.8355890625000001 0.8516640625 0.845053125 0.8445734375 0.8409968750000001 0.8374828125 0.826125 0.8384953124999999 0.8126031250000001 0.8425484375 0.824771875 0.8536906249999999
0 0.74566875 0.844065625 0.749725 0.8390000000000001 0.7362046875 0.8390000000000001 0.7348515625 0.844065625 0.74566875 0.844065625