1 0.313140625 0 0.109646875 0.55639375 0.10160781249999999 0.5551890625 0.5663265625 0.6467546875 1 0.314459375 1 0.055451562499999996 0.876653125 0 0.313140625 0
0 0.46182656250000004 0.294090625 0.4522609375 0.3012609375 0.453628125 0.3084328125 0.476859375 0.3176515625 0.476859375 0.3237984375 0.43859531250000006 0.3401875 0.43859531250000006 0.34633437499999997 0.445428125 0.35145624999999997 0.49735781250000005 0.35350468749999997 0.5137562499999999 0.3473578125 0.527421875 0.3494078125 0.5410874999999999 0.3473578125 0.56431875 0.33404218750000003 0.56431875 0.32994375 0.5561203124999999 0.3237984375 0.5561203124999999 0.315603125 0.5410874999999999 0.304334375 0.5164890625 0.2981890625 0.476859375 0.295115625 0.46182656250000004 0.294090625
0 0.5520203125 0.152728125 0.5424546875 0.1639953125 0.539721875 0.18243437499999998 0.5492874999999999 0.183459375 0.5574859375 0.18960468749999998 0.56841875 0.18550781249999998 0.5738859374999999 0.17936093749999998 0.582084375 0.17936093749999998 0.5834515625 0.17014218750000001 0.594384375 0.1598984375 0.59165 0.1537515625 0.586184375 0.151703125 0.5520203125 0.152728125
0 0.6476796874999999 0.1076546875 0.609415625 0.1281421875 0.60395 0.1281421875 0.5889171875 0.1435078125 0.594384375 0.1558015625 0.5984828125 0.1588734375 0.6121484374999999 0.1588734375 0.628546875 0.1445328125 0.6476796874999999 0.142484375 0.6517796875 0.1455578125 0.6517796875 0.1558015625 0.655878125 0.156825 0.6599781250000001 0.1496546875 0.6572453125 0.12711875 0.6654453124999999 0.11277656250000001 0.6627109375 0.10867968750000001 0.6476796874999999 0.1076546875
0 0.49189218749999997 0.16706875000000002 0.4700265625 0.17526406249999998 0.4426953125 0.17526406249999998 0.430396875 0.18243437499999998 0.43996250000000003 0.1916546875 0.44816093749999997 0.1916546875 0.45772812500000004 0.196775 0.44952812499999995 0.202921875 0.44952812499999995 0.20701874999999997 0.45636093750000006 0.21214062500000003 0.46729374999999995 0.21214062500000003 0.47139375 0.2152140625 0.47139375 0.22750625000000002 0.480959375 0.23262812500000002 0.48779218750000003 0.23160468750000002 0.490525 0.2213609375 0.48779218750000003 0.2172625 0.504190625 0.202921875 0.504190625 0.19267812499999998 0.50965625 0.1844828125 0.5014578125 0.18243437499999998 0.504190625 0.16604531250000001 0.49189218749999997 0.16706875000000002
0 1 0.24960624999999997 0.9906859375 0.24799375 0.9455890625000001 0.24901875 0.9414906249999999 0.254140625 0.9455890625000001 0.2572140625 0.9537890625 0.255165625 0.9578890624999999 0.2623359375 0.9346578125 0.2613109375 0.9305578125 0.264384375 0.9305578125 0.274628125 0.94285625 0.27975 0.9592546875 0.2777015625 0.9647218750000001 0.285896875 0.9715546875 0.2869203125 0.975653125 0.2961390625 0.992053125 0.2981890625 1 0.288259375 1 0.24960624999999997
0 0.3552359375 0.056437499999999995 0.34840312500000004 0.061559375000000006 0.34840312500000004 0.071803125 0.36070156249999996 0.08511874999999999 0.371634375 0.08921718749999999 0.398965625 0.08921718749999999 0.4112640625 0.079996875 0.4112640625 0.071803125 0.398965625 0.0687296875 0.3839328125 0.057460937499999996 0.3552359375 0.056437499999999995
0 0.24864375 0.18550781249999998 0.2418109375 0.18858124999999998 0.23907812499999997 0.1947265625 0.2418109375 0.198825 0.26230937499999996 0.21214062500000003 0.2787078125 0.2100921875 0.28280781250000003 0.20497031250000003 0.28007499999999996 0.196775 0.270509375 0.18960468749999998 0.25820937499999996 0.1865328125 0.24864375 0.18550781249999998
0 0.7078328125 0.09700625 0.6370796875 0.316284375 0.5147062499999999 0.36246093749999997 0.4944171875 0.42073124999999995 0.5496453125 0.44944375000000003 0.506815625 0.4908234375 0.45835 0.596384375 0.49103593749999996 0.619184375 0.5518546875 0.5897765625 0.5518546875 0.5608609375 0.58723125 0.5295359375 0.6161749999999999 0.4777296875 0.66763125 0.4488140625 0.686928125 0.4090546875 0.71265625 0.368090625 0.7367765625 0.36568125 0.7673296875 0.3295359375 0.760896875 0.2982109375 0.7818015625 0.25965781250000003 0.8171781250000001 0.194596875 0.8220015625 0.139175 0.8220015625 0.08857343749999999 0.7898421875 0.0705015625 0.7592890625 0.1235125 0.7223046875 0.089778125 0.6885359375 0.0512234375 0.62743125 0.0512234375 0.590446875 0.0777296875 0.56471875 0.0909828125 0.5984875 0.1150796875 0.7078328125 0.09700625
0 0.4235640625 0.488721875 0.4057984375 0.508184375 0.40853124999999996 0.5266234375 0.394865625 0.538915625 0.3921328125 0.5512078125000001 0.4098984375 0.5604281249999999 0.4249296875 0.5573546875 0.430396875 0.5430140625 0.4522609375 0.5266234375 0.4522609375 0.5163796875 0.43859531250000006 0.5122828125 0.44679531250000004 0.49589218749999997 0.44132812499999996 0.49384375 0.44406249999999997 0.48974687499999997 0.43859531250000006 0.4856484375 0.4235640625 0.488721875
0 0.316971875 0.3371140625 0.30740625 0.34633437499999997 0.30740625 0.35247968749999997 0.32243750000000004 0.3617 0.33063750000000003 0.35965156249999997 0.3456703125 0.3483828125 0.3429359375 0.34223593750000003 0.3320046875 0.33609062500000003 0.316971875 0.3371140625
0 0.2295125 0.33096875 0.215846875 0.3371140625 0.2144796875 0.34428593749999997 0.22677968750000002 0.35350468749999997 0.2459109375 0.355553125 0.25001093750000003 0.35247968749999997 0.25001093750000003 0.3381390625 0.23907812499999997 0.3319921875 0.2295125 0.33096875
0 0.4344953125 0.437503125 0.43312968749999997 0.44262499999999994 0.445428125 0.44979531250000004 0.453628125 0.44979531250000004 0.45772812500000004 0.4446734375 0.44406249999999997 0.436478125 0.4344953125 0.437503125
1 1 0.33823593750000003 0.5943031249999999 0.64481875 0.593028125 0.6457734375 0.9436046875 0.718365625 1 0.6903125 1 0.33823593750000003
1 0.77886875 0.6198406249999999 0.7720359375 0.6249625 0.7720359375 0.6311093750000001 0.7843359375000001 0.6321343749999999 0.7939015625 0.6249625 0.7939015625 0.620865625 0.77886875 0.6198406249999999
1 0.8034671875000001 0.529696875 0.7993671875 0.53481875 0.8171328125 0.5460859375 0.828065625 0.5460859375 0.8348984375 0.5409640625 0.8212328125000001 0.5307203125 0.8034671875000001 0.529696875
1 1 0.54565 0.9865859374999999 0.5460859375 0.9824859375000001 0.549159375 0.979753125 0.5635015625 0.98931875 0.5665734375 1 0.5639046875 1 0.54565
1 0.975653125 0.6649140625000001 0.9633546875000001 0.67823125 0.9783875 0.681303125 0.992053125 0.6751578125 0.9988859375000001 0.6700359375 0.987953125 0.6659375 0.975653125 0.6649140625000001
1 0.0954546875 0.5673171875 0.012137499999999999 0.7868828125 0.32816718749999996 0.8285 0.329125 0.8256296875 0.5474734375 0.6562921875 0.0954546875 0.5673171875
1 0.5656859375 0.662865625 0.5014578125 0.7151078125 0.3866671875 0.79910625 0.35660156249999997 0.823690625 0.35796875 0.8308625 0.609415625 0.8636421875 0.8827281250000001 0.7448140624999999 0.9059593749999999 0.7314984375 0.8881937499999999 0.7243265625 0.819865625 0.712034375 0.8116671875 0.7079375 0.577984375 0.661840625 0.5656859375 0.662865625
0 0.34430312500000004 0.671059375 0.3347375 0.67823125 0.35250312500000003 0.68745 0.371634375 0.691546875 0.3812 0.6843765625 0.3812 0.6802796875 0.37846718749999997 0.6700359375 0.3702671875 0.6659375 0.34430312500000004 0.671059375
0 0.281440625 0.6034515625 0.271875 0.610621875 0.266409375 0.63725625 0.2787078125 0.6485234375 0.29510625 0.650571875 0.3019390625 0.6475 0.30467343750000003 0.6290609375 0.3183390625 0.6126703124999999 0.30877187500000003 0.6075484375 0.285540625 0.604475 0.281440625 0.6034515625
0 0.207646875 0.722278125 0.20354687500000002 0.7274 0.2295125 0.7489125 0.2377109375 0.7489125 0.24454375 0.7458390625 0.2459109375 0.73866875 0.25410937499999997 0.7448140624999999 0.2691421875 0.7294484375 0.267775 0.7243265625 0.24727656250000002 0.7192046875 0.207646875 0.722278125
0 0.207646875 0.722278125 0.20354687500000002 0.7294484375 0.22131249999999997 0.742765625 0.23497812499999998 0.742765625 0.2377109375 0.7468640625 0.2459109375 0.7407171875 0.2609421875 0.7396921875 0.266409375 0.7253515625 0.2554765625 0.7212546875 0.207646875 0.722278125
0 0.1584515625 0.7366203125 0.157084375 0.7417421875 0.1639171875 0.7468640625 0.17485 0.7468640625 0.20354687500000002 0.7622296875 0.20354687500000002 0.774521875 0.19808125000000001 0.7868140625 0.2103796875 0.7898875000000001 0.21857968749999998 0.7960328125 0.22677968750000002 0.7960328125 0.2418109375 0.7827171875000001 0.25001093750000003 0.7663265625 0.22677968750000002 0.7468640625 0.2240453125 0.7489125 0.19944843750000002 0.7448140624999999 0.1680171875 0.7355953125 0.1584515625 0.7366203125
0 0.453628125 0.67720625 0.44679531250000004 0.6802796875 0.44679531250000004 0.6843765625 0.4508953125 0.68745 0.46729374999999995 0.6854015625 0.47959218750000004 0.6802796875 0.47412656249999996 0.67618125 0.453628125 0.67720625
0 0.2869078125 0.7673515625 0.2746078125 0.7786187499999999 0.281440625 0.7898875000000001 0.293740625 0.7868140625 0.2910078125 0.768375 0.2869078125 0.7673515625
0 0.1420515625 0.630084375 0.1406859375 0.6331578125 0.15571718750000002 0.6341828125 0.157084375 0.6311093750000001 0.1420515625 0.630084375
0 0.16528437499999998 0.6434015625 0.180315625 0.6485234375 0.1816828125 0.6434015625 0.17621562500000001 0.641353125 0.16528437499999998 0.6434015625
0 0.16665000000000002 0.671059375 0.1598171875 0.67823125 0.1830484375 0.6792546875000001 0.18988125 0.6741328125 0.184415625 0.6720843750000001 0.16665000000000002 0.671059375
0 0.10586875 0.6802359375 0.0777984375 0.692034375 0.07163749999999999 0.70178125 0.0777984375 0.712553125 0.097653125 0.7099890624999999 0.1086078125 0.7146046875 0.11476875 0.7253765624999999 0.1339390625 0.71665625 0.1524234375 0.7171703125 0.15653125 0.7094750000000001 0.179125 0.6971640625 0.16063906249999998 0.68895625 0.1496859375 0.70178125 0.13256874999999999 0.6966515625 0.12983125 0.6894703125 0.1373625 0.6766453125 0.139415625 0.6761328125 0.1181921875 0.6725421875 0.10586875 0.6802359375
0 0.40847656250000003 0.704478125 0.3988921875 0.718840625 0.40573750000000003 0.7244828125 0.40642187500000004 0.7347421875 0.39272968750000004 0.7408984375000001 0.38177656249999997 0.7573125 0.40094531250000004 0.753209375 0.4173765625 0.7455140625000001 0.436546875 0.7378203125 0.446815625 0.7131984375 0.4351765625 0.698834375 0.4153234375 0.6972968749999999 0.40847656250000003 0.704478125
0 0.4932578125 0.7827171875000001 0.482325 0.7970578125000001 0.494625 0.8062765625000001 0.5014578125 0.8032031249999999 0.49872500000000003 0.795009375 0.504190625 0.792959375 0.5069234375 0.784765625 0.5014578125 0.7806671875 0.4932578125 0.7827171875000001
0 0.5137562499999999 0.728425 0.5014578125 0.733546875 0.5014578125 0.7396921875 0.50965625 0.7499359375 0.51785625 0.754034375 0.51785625 0.7601796875 0.504190625 0.7704234375000001 0.508290625 0.7775953125 0.5315218749999999 0.7724734375 0.5342546875 0.7601796875 0.5424546875 0.754034375 0.539721875 0.7478875 0.5533875 0.7376437499999999 0.5465546875 0.728425 0.539721875 0.7274 0.5137562499999999 0.728425
0 0.6668109375 0.7243265625 0.6545124999999999 0.7314984375 0.6517796875 0.743790625 0.6353796875 0.7560828125 0.6353796875 0.7601796875 0.655878125 0.773496875 0.6681781250000001 0.774521875 0.6654453124999999 0.7827171875000001 0.6545124999999999 0.7888625 0.6545124999999999 0.792959375 0.6463125 0.79910625 0.6463125 0.80935 0.6586125 0.8165203125 0.6941421875 0.8021796875 0.7173734375 0.7888625 0.7160078125 0.783740625 0.7037078125 0.7786187499999999 0.700975 0.768375 0.687309375 0.7622296875 0.6886765625 0.7571078124999999 0.695509375 0.75813125 0.700975 0.7458390625 0.6941421875 0.7366203125 0.6845765625 0.733546875 0.687309375 0.7314984375 0.68184375 0.7294484375 0.6845765625 0.7274 0.6791109375 0.7233031249999999 0.6668109375 0.7243265625
0 0.609415625 0.712034375 0.594384375 0.733546875 0.59575 0.73866875 0.6107828125 0.7417421875 0.605315625 0.7458390625 0.6066828125 0.7489125 0.617615625 0.7489125 0.6244484375 0.7396921875 0.6217140624999999 0.7355953125 0.62718125 0.71715625 0.6244484375 0.713059375 0.609415625 0.712034375
0 0.4051265625 0.8221453125 0.39829375 0.8293156249999999 0.41059375 0.8364859375 0.416059375 0.8344374999999999 0.4488578125 0.8364859375 0.46525625000000004 0.84468125 0.4966875 0.8436562500000001 0.49258749999999996 0.8405828124999999 0.45978906249999996 0.8364859375 0.4461234375 0.828290625 0.4228921875 0.82316875 0.4051265625 0.8221453125
0 0.6034671875 0.6932375000000001 0.6015312500000001 0.7101656249999999 0.6192140625 0.7101656249999999 0.6226375 0.697340625 0.6034671875 0.6932375000000001
1 1 0.7487 0.9379328125 0.7336703124999999 0.6346406250000001 0.8660140625 0.6319015625 0.8660140625 0.849615625 0.9014093750000001 1 0.8571578125 1 0.7487
0 0.8690625000000001 0.7878375 0.8526640625 0.7960328125 0.8403640625 0.8073015625 0.8444640625 0.810375 0.8581296875 0.810375 0.8663296875000001 0.8042281250000001 0.8772609375 0.8021796875 0.8854609375000001 0.810375 0.915525 0.8165203125 0.9319234375000001 0.8124234375 0.94695625 0.8032031249999999 0.9455890625000001 0.79808125 0.9319234375000001 0.7960328125 0.9237249999999999 0.7898875000000001 0.8950265625 0.7888625 0.8690625000000001 0.7878375
0 0.8389984374999999 0.8452031249999999 0.8294312500000001 0.850325 0.832165625 0.86056875 0.8444640625 0.865690625 0.8690625000000001 0.8615937499999999 0.8813609375 0.8564718750000001 0.878628125 0.844178125 0.8389984374999999 0.8452031249999999
1 0.83249375 0.9067078125 0.6127265625 0.8738781250000001 0.44772968750000003 0.94620625 0.44704531249999996 0.9467187499999999 0.6318953125 0.9656984375000001 0.83249375 0.9067078125
0 0.62308125 0.90051875 0.6162484375 0.9076890625 0.644946875 0.9107625 0.6599781250000001 0.905640625 0.655878125 0.9025671875000001 0.640846875 0.9015437500000001 0.62308125 0.90051875
0 0.7105406249999999 0.9025671875000001 0.696875 0.9087140625 0.6927765625 0.9179328124999999 0.705075 0.9189578125000001 0.7214734375 0.9148609375 0.7255734375 0.9097390624999999 0.7173734375 0.9035921874999999 0.7105406249999999 0.9025671875000001
0 0.66954375 0.9210062499999999 0.6654453124999999 0.926128125 0.672278125 0.9292015625 0.6804765625 0.927153125 0.6845765625 0.9220312500000001 0.66954375 0.9210062499999999
0 0.49735781250000005 0.9353484375000001 0.4932578125 0.9384203125000001 0.500090625 0.9517374999999999 0.5451875 0.9548109374999999 0.5479203125 0.9445671875 0.5438203125000001 0.9394453125 0.5192234375 0.9394453125 0.5069234375 0.9363718750000001 0.49735781250000005 0.9353484375000001
1 0.3393484375 0.8377874999999999 0.229340625 0.9222468750000001 0.43588281249999994 0.945509375 0.59745625 0.87318125 0.3393484375 0.8377874999999999
0 0.38256718749999996 0.865690625 0.375734375 0.8708125000000001 0.3730015625 0.8851531250000001 0.390765625 0.8902749999999999 0.4016984375 0.90051875 0.40716562500000003 0.8984703125 0.4153640625 0.9025671875000001 0.42902968750000003 0.9025671875000001 0.4344953125 0.90051875 0.44132812499999996 0.895396875 0.43859531250000006 0.8892515624999999 0.43176249999999994 0.8841296875 0.4139984375 0.88105625 0.4112640625 0.8687640625 0.4057984375 0.864665625 0.38256718749999996 0.865690625
1 0 0.8985593749999999 0.20942031249999998 0.9193484375000001 0.210790625 0.9203749999999999 0.319646875 0.8331703125000001 0.0095078125 0.7946984375 0 0.822371875 0 0.8985593749999999
0 0.03819375 0.8779828125 0.0368265625 0.88105625 0.04639375 0.886178125 0.060059375000000005 0.886178125 0.061424999999999993 0.88105625 0.055959375 0.8790078125 0.03819375 0.8779828125
0 0.094221875 0.8728609374999999 0.10105468749999999 0.8779828125 0.1147203125 0.8779828125 0.11608750000000001 0.874909375 0.11062187500000001 0.8728609374999999 0.094221875 0.8728609374999999
0 0.16665000000000002 0.90051875 0.16255 0.9035921874999999 0.17758281250000002 0.9087140625 0.1816828125 0.9015437500000001 0.16665000000000002 0.90051875
0 0.10105468749999999 0.8206187500000001 0.0914890625 0.8298375 0.09968906250000001 0.8380328125000001 0.1147203125 0.83905625 0.12292031249999999 0.8431546875 0.13931875 0.83905625 0.1406859375 0.8298375 0.11608750000000001 0.8195937499999999 0.10105468749999999 0.8206187500000001
0 0.1639171875 0.8493 0.1598171875 0.8564718750000001 0.1693828125 0.8636421875 0.180315625 0.865690625 0.192615625 0.8544218750000001 0.17895 0.850325 0.1639171875 0.8493
0 0.2561671875 0.850834375 0.260265625 0.85595625 0.2711984375 0.85595625 0.2698328125 0.850834375 0.2561671875 0.850834375