1 0.7128921874999999 1 0.5210234375 0.419878125 0 0.3283265625 0 1 0.7128921874999999 1
0 0.319146875 0.396075 0.2878640625 0.404690625 0.2454875 0.4741375 0.24187656249999998 0.5 0.193140625 0.5603453125 0.16065000000000002 0.5646546875 0.14981875 0.607759375 0.1534296875 0.6508625 0.1353796875 0.8275859375 0.1389890625 0.892240625 0.1534296875 0.892240625 0.1570390625 0.9353453125 0.2581234375 0.956896875 0.268953125 0.9784484375 0.28519843749999996 0.969828125 0.3176890625 1 0.579421875 0.9956890625 0.588446875 0.96120625 0.5685921875 0.9267234375 0.5613718750000001 0.875 0.5776171875 0.8491375 0.5740078125 0.8146546875 0.581228125 0.793103125 0.599278125 0.8017234375 0.60469375 0.780171875 0.590253125 0.7456890625 0.588446875 0.7025859375 0.5722015625 0.6465515625 0.5429359375 0.5037671875 0.532709375 0.4678703125 0.5146609375 0.42622968749999995 0.45811250000000003 0.41617812499999995 0.41179062499999997 0.41187031249999995 0.37028125 0.404690625 0.319146875 0.396075
1 1 0.3848421875 0.8878859374999999 0.255746875 0.433321875 0.130490625 0.5367953125 0.429153125 1 0.4992 1 0.3848421875
0 0.6426000000000001 0.2758625 0.7148015625 0.267240625 0.7436828125 0.293103125 0.777978125 0.2758625 0.7581234375 0.2284484375 0.687725 0.2025859375 0.6480140624999999 0.2413796875 0.6426000000000001 0.2758625
0 0.5108296875 0.30603437499999997 0.505415625 0.31896562500000003 0.52888125 0.3836203125 0.552346875 0.41379374999999996 0.6444046875 0.4267234375 0.6480140624999999 0.392240625 0.628159375 0.344828125 0.628159375 0.28879375 0.6209390625 0.280171875 0.5758125 0.30603437499999997 0.5108296875 0.30603437499999997
1 1 0.501665625 0.53820625 0.4346265625 0.7417125 1 1 1 1 0.501665625
0 0.547378125 0.44776718750000005 0.5714421875 0.51381875 0.6219750000000001 0.6301249999999999 0.6556640625 0.737815625 0.70980625 0.7507390625 0.7699640624999999 0.732071875 0.7982390625 0.6645859375 0.7543234375 0.582740625 0.7320640625 0.5310484375 0.6267875 0.44633124999999996 0.547378125 0.44776718750000005
1 0 0.31829687500000003 0.5161171875 0.40861093750000005 0.420578125 0.12883125 0 0.011778125 0 0.31829687500000003
0 0.37184062500000004 0.3232765625 0.28158906250000004 0.3146546875 0.268953125 0.3275859375 0.2671484375 0.36206875 0.38628125 0.3793109375 0.39530625 0.3232765625 0.3880859375 0.293103125 0.37725624999999996 0.2974140625 0.37184062500000004 0.3232765625
4 0 0 0 0.011762499999999999 0.42227031249999997 0.1290921875 0.3759125 0 0 0
4 0.38600625 0 0.4335 0.13674999999999998 0.8798640625 0.24856250000000002 0.7375015625 0.10611875 0.4099796875 0 0.38600625 0
4 1 0.18268125 0.7435078125000001 0.10426093750000001 0.8951078125 0.26364375 1 0.29026874999999996 1 0.18268125
4 0.392665625 0 0.7414765625 0.104884375 0.6458796875 0 0.392665625 0
4 1 0.11880468749999999 0.6548515625 0.002175 0.750503125 0.109865625 1 0.18005 1 0.11880468749999999