1 0.25196406250000003 0.9893968750000001 0.6947296875 0.9952265625000001 0.7176796875 0.47838906249999996 0.43790781250000005 0.45496406250000004 0.25196406250000003 0.9893968750000001
0 0.4655171875 1 0.5031343749999999 0.7542015625 0.52978125 0.62605 0.5344828125000001 0.54621875 0.5438875000000001 0.5315125 0.55015625 0.47689062499999996 0.5485890625 0.462184375 0.5094046875 0.462184375 0.49529843749999997 0.48529375 0.4937296875 0.523109375 0.4733546875 0.584034375 0.4733546875 0.6071421875 0.49216249999999995 0.6071421875 0.510971875 0.537815625 0.5219437499999999 0.5315125 0.518809375 0.6386546875 0.48902812500000004 0.7647062499999999 0.4733546875 0.884453125 0.4482765625 1 0.4655171875 1
1 1 0.4841984375 0.7435984375 0.4680515625 0.73170625 0.9971781249999999 0.9950093750000001 1 1 0.4862578125 1 0.4841984375
0 1 0.5672265624999999 0.9780562500000001 0.539915625 0.9357359375 0.5357140625000001 0.9106578125 0.554621875 0.912225 0.571428125 0.9216296875 0.586134375 0.96395 0.6134453125 1 0.7184875 1 0.5672265624999999
0 0.83385625 0.813025 0.8605015625 0.8067234375 0.8667718750000001 0.79831875 0.8683390624999999 0.7836140625 0.8589343749999999 0.7689078125 0.8307203124999999 0.7647062499999999 0.8244515625 0.789915625 0.83385625 0.813025
0 0.945140625 1 0.9576796875 0.936975 0.959246875 0.884453125 0.9467078125 0.8697484375 0.912225 0.8676468749999999 0.90595625 0.8718484375 0.9043890625 0.9054625 0.9169281249999999 0.9327734375000001 0.9153609375 0.9684875 0.9263328124999999 0.9810921875 0.9294671875 1 0.945140625 1
1 0.998715625 0.4731296875 0.998715625 0.256884375 0.9731671875 0.1736515625 0.751953125 0.1736515625 0.74905 0.1752078125 0.744984375 0.4614625 0.998715625 0.4731296875
0 0.851096875 0.439075 0.86206875 0.42016875000000004 0.86206875 0.352940625 0.8322890624999999 0.3466390625 0.807209375 0.350840625 0.7946703125 0.3697484375 0.7962374999999999 0.40756249999999994 0.8103453125 0.430671875 0.8119125 0.45588281249999996 0.82601875 0.45588281249999996 0.8166140625 0.4495796875 0.8134796874999999 0.430671875 0.851096875 0.439075
0 1 0.2794125 0.967084375 0.2794125 0.931034375 0.2857140625 0.9263328124999999 0.29411718750000004 0.931034375 0.30882343749999996 0.9482765625 0.3235296875 0.9796234374999999 0.30882343749999996 1 0.310925 1 0.2794125
0 0.7852671875 0.23529375 0.7915359375000001 0.289915625 0.8432609375 0.3025203125 0.8589343749999999 0.273109375 0.85423125 0.2163859375 0.7915359375000001 0.20588281249999998 0.7852671875 0.2142859375 0.7852671875 0.23529375
1 0.757725 0.01215 0.7507906249999999 0.169309375 0.9737484375 0.1654203125 0.9284609375 0.00906875 0.757725 0.01215
0 0.873040625 0.056723437499999994 0.8793109375 0.0441171875 0.8746078125000001 0.023109374999999998 0.8558 0.01470625 0.844828125 0.023109374999999998 0.844828125 0.0420171875 0.873040625 0.056723437499999994
1 0.74323125 0.0102328125 0.5823109375 0.0177078125 0.5783359375 0.0172328125 0.5318875000000001 0.1681390625 0.7333609375 0.17124999999999999 0.74323125 0.0102328125
0 0.5736671875 0.0882359375 0.575234375 0.10084062499999999 0.5595609375 0.1302515625 0.561128125 0.1386546875 0.58620625 0.1218484375 0.5924765625 0.10924375 0.5956109374999999 0.0819328125 0.5815046875000001 0.07983124999999999 0.5736671875 0.0882359375
0 0.623825 0.07983124999999999 0.6347968749999999 0.06092499999999999 0.6347968749999999 0.0441171875 0.626959375 0.0420171875 0.6159875 0.0525203125 0.6144203125 0.07983124999999999 0.623825 0.07983124999999999
1 0.4350609375 0.44434843749999997 0.7218859375 0.46068437500000003 0.7334984375 0.17209687499999998 0.52786875 0.1724046875 0.4350609375 0.44434843749999997
0 0.48902812500000004 0.30882343749999996 0.5 0.304621875 0.510971875 0.273109375 0.5564265625 0.23949531249999997 0.554859375 0.23319375 0.5344828125000001 0.23319375 0.5031343749999999 0.25630312499999997 0.48902812500000004 0.30882343749999996
0 0.6034484375 0.399159375 0.619121875 0.352940625 0.6175546875 0.3004203125 0.6285265625 0.23319375 0.633228125 0.2205875 0.6442 0.2205875 0.6520374999999999 0.1974796875 0.6520374999999999 0.1764703125 0.6316609375 0.1764703125 0.619121875 0.2079828125 0.612853125 0.26470625000000003 0.59404375 0.321428125 0.583071875 0.384453125 0.5815046875000001 0.428571875 0.5846390625 0.44537812499999996 0.5924765625 0.4495796875 0.60188125 0.44537812499999996 0.6034484375 0.399159375
0 0.5313484374999999 0.4180671875 0.4905953125 0.4180671875 0.482759375 0.4327734375 0.48589374999999996 0.44537812499999996 0.55015625 0.4474796875 0.5313484374999999 0.4180671875
0 0.70219375 0.3718484375 0.6880875 0.3718484375 0.677115625 0.3781515625 0.677115625 0.3928578125 0.684953125 0.397059375 0.6880875 0.384453125 0.695925 0.3865546875 0.6974921875 0.45588281249999996 0.7053296875 0.45588281249999996 0.706896875 0.38235312499999996 0.70219375 0.3718484375
1 0 1 0.214825 0.99873125 0.41184843750000005 0.44691562500000004 0.1501421875 0.4329703125 0.14716875000000001 0.431975 0.0021890625 0.6620640625 0 1
0 0.1692796875 0.8970593750000001 0.16300937499999998 0.9243703125 0.1833859375 0.9264703125 0.2084640625 0.9096640624999999 0.24294687499999998 0.8634453125 0.24294687499999998 0.8550421874999999 0.231975 0.8487390625 0.2053296875 0.8487390625 0.1692796875 0.8970593750000001
0 0 0.813025 0.0438875 0.758403125 0.0595609375 0.7184875 0.13793125 0.6155468749999999 0.21316562499999997 0.5 0.21159843750000001 0.4873953125 0.195925 0.48529375 0.15517187500000001 0.5 0.1363640625 0.571428125 0.10188124999999999 0.6428578125 0.08620625 0.6575624999999999 0.054859375 0.710084375 0 0.7605046875 0 0.813025
1 0.5150890625 0.1715109375 0.323646875 0.167503125 0.32245 0.1651 0.15673281249999998 0.42959375 0.41817187499999997 0.4416171875 0.5150890625 0.1715109375
0 0.3934171875 0.20378124999999997 0.4075234375 0.2079828125 0.412225 0.189075 0.4012546875 0.186975 0.3934171875 0.20378124999999997
1 0.5701296874999999 0.013743749999999999 0.42056562499999994 0.018553125 0.41757343750000003 0.0145453125 0.326040625 0.1660296875 0.5162859375 0.169234375 0.5701296874999999 0.013743749999999999
0 0.42946718749999996 0.165965625 0.44984375 0.163865625 0.44670781249999997 0.147059375 0.43260156250000004 0.1449578125 0.42946718749999996 0.165965625
0 0.517240625 0.1512609375 0.5235109375 0.1449578125 0.5203765625 0.12605 0.5031343749999999 0.12395 0.4937296875 0.1365546875 0.49686562500000003 0.147059375 0.517240625 0.1512609375
1 0.40724375 0.0183046875 0.261865625 0.0183046875 0.26306250000000003 0.0199078125 0.1254625 0.16097187500000001 0.307334375 0.171390625 0.40724375 0.0183046875
0 0.28996875 0.0882359375 0.2727265625 0.084034375 0.257053125 0.0882359375 0.2554859375 0.10294062500000001 0.2915359375 0.10294062500000001 0.28996875 0.0882359375
0 0.36206875 0.039915624999999996 0.3495296875 0.025209375 0.336990625 0.025209375 0.33385625 0.0336140625 0.3463953125 0.039915624999999996 0.3479625 0.04831875 0.322884375 0.084034375 0.2852671875 0.165965625 0.2993734375 0.163865625 0.300940625 0.1449578125 0.3275859375 0.09033593749999999 0.36206875 0.039915624999999996
1 0 0.41958124999999996 0.13711875 0.4283984375 0.30463125 0.1687125 0.11976875000000001 0.1647046875 0.11737656249999999 0.16550625000000002 0.0025109375 0.2945484375 0 0.41958124999999996
0 0.0595609375 0.336134375 0.0438875 0.3319328125 0.0156734375 0.36764687500000004 0.0438875 0.3571421875 0.0485890625 0.3424375 0.0595609375 0.336134375
4 0.00205625 0.426503125 0.0002609375 0.6316875 0.1336734375 0.43692343749999996 0.0044484375 0.426503125 0.00205625 0.426503125