1 0.277509375 0 0 0.0707265625 0 0.800584375 1 0.6944171875 1 0.6384578125 0.857565625 0 0.277509375 0
1 1 0.7057375 0 0.8065734375 0 0.8868625 0.1011890625 1 1 1 1 0.7057375
1 0 0 0 0.0655359375 0.250809375 0 0 0
0 0.8434953125 0.2940375 0.8485765625000001 0.291328125 0.84959375 0.28726250000000003 0.8617890625 0.2899734375 0.8628046875000001 0.2818421875 0.8455281250000001 0.277778125 0.8384140625000001 0.2696484375 0.83435 0.2533875 0.8404468749999999 0.24661249999999998 0.8414640625 0.23577187500000002 0.8333328124999999 0.23035156250000002 0.8313015625 0.2249328125 0.815040625 0.2168015625 0.8058937500000001 0.21815781250000002 0.7936984375 0.2411921875 0.7936984375 0.249321875 0.8008124999999999 0.256096875 0.8008124999999999 0.2615171875 0.7936984375 0.2682921875 0.7865859375 0.2696484375 0.7825203125 0.2791328125 0.7723578125 0.291328125 0.7571140625 0.2967484375 0.759146875 0.304878125 0.7662609375 0.304878125 0.7723578125 0.30081250000000004 0.7916671875 0.2764234375 0.8089437500000001 0.26558281250000004 0.8323171874999999 0.257453125 0.8323171874999999 0.2682921875 0.835365625 0.27371249999999997 0.8333328124999999 0.2818421875 0.8160562499999999 0.28726250000000003 0.815040625 0.2899734375 0.82926875 0.2899734375 0.830284375 0.2926828125 0.8272359375 0.2926828125 0.8231703125 0.2994578125 0.83435 0.3062328125 0.83943125 0.304878125 0.8434953125 0.2940375
0 0.625 0.298103125 0.63008125 0.298103125 0.63008125 0.2967484375 0.6321140625 0.2967484375 0.6321140625 0.29539218749999996 0.636178125 0.2940375 0.636178125 0.2926828125 0.6371953125 0.2926828125 0.6371953125 0.291328125 0.6382109375 0.291328125 0.6382109375 0.2899734375 0.64024375 0.2886171875 0.64024375 0.2818421875 0.6382109375 0.2818421875 0.6382109375 0.2791328125 0.6371953125 0.2791328125 0.6371953125 0.277778125 0.636178125 0.277778125 0.6351625000000001 0.27506718750000003 0.631096875 0.27506718750000003 0.631096875 0.27371249999999997 0.629065625 0.27371249999999997 0.629065625 0.27506718750000003 0.6178859375 0.27506718750000003 0.6178859375 0.2764234375 0.613821875 0.2764234375 0.613821875 0.277778125 0.610771875 0.277778125 0.610771875 0.2791328125 0.60975625 0.2791328125 0.60975625 0.2831984375 0.610771875 0.2831984375 0.610771875 0.284553125 0.6128046875 0.28590781249999997 0.6128046875 0.2940375 0.620934375 0.29539218749999996 0.620934375 0.2967484375 0.6219515624999999 0.2967484375 0.6229671875 0.2994578125 0.625 0.2994578125 0.625 0.298103125
0 0.5782515625 0.38482343750000003 0.5813015625 0.38482343750000003 0.5813015625 0.38346874999999997 0.585365625 0.38346874999999997 0.585365625 0.3821140625 0.590446875 0.3821140625 0.590446875 0.380759375 0.5945125 0.380759375 0.5945125 0.379403125 0.5965453125 0.379403125 0.5965453125 0.3780484375 0.5985765625 0.3780484375 0.5985765625 0.37669375 0.59959375 0.37669375 0.59959375 0.373984375 0.600609375 0.373984375 0.600609375 0.36991874999999996 0.59959375 0.36991874999999996 0.59959375 0.3685640625 0.5985765625 0.3685640625 0.5975609375000001 0.365853125 0.595528125 0.365853125 0.595528125 0.3644984375 0.5924796875 0.3644984375 0.5924796875 0.36314375 0.5873984375 0.36314375 0.5873984375 0.3617890625 0.5721546875 0.3617890625 0.5721546875 0.36314375 0.56910625 0.36314375 0.5680890625 0.365853125 0.56605625 0.365853125 0.56605625 0.367209375 0.565040625 0.367209375 0.565040625 0.3685640625 0.5630078125 0.36991874999999996 0.5630078125 0.37533906250000004 0.564025 0.37533906250000004 0.564025 0.3780484375 0.565040625 0.3780484375 0.565040625 0.379403125 0.5670734375 0.379403125 0.5680890625 0.3821140625 0.570121875 0.3821140625 0.570121875 0.38346874999999997 0.5711375000000001 0.38346874999999997 0.5711375000000001 0.38482343750000003 0.5731703125000001 0.38482343750000003 0.5731703125000001 0.386178125 0.5782515625 0.386178125 0.5782515625 0.38482343750000003
0 0.18089375000000002 0.1869921875 0.1768296875 0.17750625 0.1565046875 0.1720875 0.1463421875 0.1802171875 0.1473578125 0.19783125 0.16056874999999998 0.2059625 0.1778453125 0.19918750000000002 0.18089375000000002 0.1869921875
0 0.24491875 0.23848281249999997 0.23475625 0.2235765625 0.2164640625 0.2249328125 0.20223593750000002 0.21544687499999998 0.2073171875 0.23441718749999998 0.2225609375 0.2615171875 0.24390312500000003 0.2533875 0.24491875 0.23848281249999997
0 0.16565000000000002 0.2886171875 0.16565000000000002 0.28726250000000003 0.1686984375 0.28726250000000003 0.17073125 0.284553125 0.1768296875 0.284553125 0.1768296875 0.2831984375 0.19105624999999998 0.284553125 0.1920734375 0.2818421875 0.19410624999999998 0.2818421875 0.19410624999999998 0.2804875 0.20223593750000002 0.2764234375 0.20325156249999998 0.27371249999999997 0.20528437500000002 0.27371249999999997 0.21036562499999997 0.264228125 0.2083328125 0.262871875 0.2083328125 0.26016249999999996 0.20630156249999998 0.257453125 0.20121875 0.256096875 0.20121875 0.2547421875 0.1971546875 0.2547421875 0.19410624999999998 0.250678125 0.1869921875 0.2520328125 0.1829265625 0.2588078125 0.1829265625 0.2669375 0.1819109375 0.2682921875 0.1686984375 0.271003125 0.1686984375 0.2723578125 0.16565000000000002 0.2723578125 0.16565000000000002 0.27371249999999997 0.1585359375 0.27506718750000003 0.1585359375 0.2764234375 0.15447187499999998 0.277778125 0.1514234375 0.2818421875 0.1514234375 0.28590781249999997 0.1534546875 0.2886171875 0.1565046875 0.2886171875 0.1565046875 0.2899734375 0.1575203125 0.2886171875 0.16565000000000002 0.2886171875
0 0.1819109375 0.34959375000000004 0.18394375000000002 0.34959375000000004 0.18394375000000002 0.3482390625 0.185975 0.34688281249999997 0.185975 0.34417343749999996 0.1869921875 0.34417343749999996 0.1869921875 0.338753125 0.18495937499999998 0.338753125 0.18495937499999998 0.3373984375 0.1829265625 0.3373984375 0.1829265625 0.33604375000000003 0.17479687500000002 0.33604375000000003 0.17479687500000002 0.3373984375 0.1717484375 0.3373984375 0.1717484375 0.338753125 0.1686984375 0.338753125 0.1686984375 0.3401078125 0.16565000000000002 0.3401078125 0.16565000000000002 0.3414640625 0.1636171875 0.3414640625 0.1636171875 0.34281875 0.1626015625 0.34281875 0.1626015625 0.34417343749999996 0.1636171875 0.34417343749999996 0.1636171875 0.345528125 0.164634375 0.345528125 0.16565000000000002 0.3482390625 0.17378125 0.3482390625 0.17378125 0.34959375000000004 0.1768296875 0.34959375000000004 0.1768296875 0.3509484375 0.1819109375 0.3509484375 0.1819109375 0.34959375000000004
0 0.18394375000000002 0.428184375 0.1920734375 0.428184375 0.20121875 0.421409375 0.20121875 0.41734375 0.1971546875 0.41327968750000005 0.1930890625 0.40108437500000005 0.19004062500000002 0.39701875000000003 0.1829265625 0.39566406249999997 0.18089375000000002 0.3929546875 0.17479687500000002 0.394309375 0.1666671875 0.4065046875 0.1615859375 0.4092140625 0.15447187499999998 0.4092140625 0.13617812499999998 0.39701875000000003 0.1270328125 0.3997296875 0.118903125 0.4092140625 0.11991875 0.428184375 0.14430937500000002 0.428184375 0.14532499999999998 0.42547499999999994 0.1524390625 0.42276406250000004 0.1666671875 0.421409375 0.179878125 0.43089374999999996 0.1829265625 0.43089374999999996 0.18394375000000002 0.428184375
0 0.3170734375 0.49322499999999997 0.320121875 0.49322499999999997 0.320121875 0.4918703125 0.3231703125 0.4918703125 0.3231703125 0.490515625 0.32621875 0.489159375 0.32621875 0.48373906250000004 0.32418749999999996 0.482384375 0.32418749999999996 0.47425468750000005 0.325203125 0.47425468750000005 0.325203125 0.4701890625 0.32621875 0.4701890625 0.32621875 0.4674796875 0.3272359375 0.4674796875 0.3272359375 0.45935 0.3282515625 0.45935 0.3282515625 0.4566390625 0.330284375 0.455284375 0.330284375 0.45392968749999996 0.32926875 0.45392968749999996 0.32926875 0.44580000000000003 0.3282515625 0.44580000000000003 0.3282515625 0.4430890625 0.3231703125 0.44173437499999996 0.3231703125 0.4430890625 0.3180890625 0.4430890625 0.3180890625 0.44444375 0.3119921875 0.4471546875 0.3119921875 0.448509375 0.309959375 0.4498640625 0.309959375 0.455284375 0.30894374999999996 0.455284375 0.30894374999999996 0.4566390625 0.3069109375 0.45799531250000003 0.3069109375 0.4607046875 0.30589374999999996 0.4607046875 0.30589374999999996 0.4729 0.304878125 0.4729 0.30386250000000004 0.475609375 0.29878125 0.475609375 0.29878125 0.47425468750000005 0.294715625 0.47425468750000005 0.294715625 0.475609375 0.2936984375 0.475609375 0.2936984375 0.48102968749999997 0.2967484375 0.48373906250000004 0.2977640625 0.4918703125 0.30081250000000004 0.49322499999999997 0.30081250000000004 0.49457968750000003 0.30386250000000004 0.49457968750000003 0.30386250000000004 0.49593437500000004 0.3170734375 0.49457968750000003 0.3170734375 0.49322499999999997
0 0.20426875 0.5325203125 0.2317078125 0.5325203125 0.2317078125 0.5311656250000001 0.23373906249999998 0.5311656250000001 0.23373906249999998 0.5298109375 0.23475625 0.5298109375 0.23577187500000002 0.524390625 0.23475625 0.524390625 0.23475625 0.5230359375 0.23272343750000002 0.5230359375 0.2317078125 0.5203249999999999 0.2286578125 0.5203249999999999 0.2286578125 0.5189703125 0.22052812500000002 0.5189703125 0.22052812500000002 0.5203249999999999 0.2134140625 0.5203249999999999 0.2134140625 0.5216796875 0.21036562499999997 0.5216796875 0.21036562499999997 0.5230359375 0.20426875 0.5230359375 0.20426875 0.524390625 0.19918750000000002 0.524390625 0.19918750000000002 0.5257453125 0.19613750000000002 0.5257453125 0.19613750000000002 0.5271 0.19410624999999998 0.5284546875 0.19410624999999998 0.5311656250000001 0.195121875 0.5311656250000001 0.19613750000000002 0.533875 0.20426875 0.533875 0.20426875 0.5325203125
0 0.3983734375 0.533875 0.40040624999999996 0.533875 0.40040624999999996 0.5325203125 0.40447187500000004 0.5311656250000001 0.40447187500000004 0.5284546875 0.4054875 0.5284546875 0.4054875 0.5203249999999999 0.40447187500000004 0.5203249999999999 0.4034546875 0.517615625 0.399390625 0.5162609375 0.3983734375 0.5135500000000001 0.3963421875 0.5135500000000001 0.3963421875 0.5121953125 0.39024375 0.5121953125 0.39024375 0.5108406249999999 0.389228125 0.5108406249999999 0.389228125 0.509484375 0.3871953125 0.509484375 0.3871953125 0.5081296875 0.384146875 0.5081296875 0.384146875 0.509484375 0.381096875 0.509484375 0.381096875 0.5108406249999999 0.3780484375 0.5108406249999999 0.3780484375 0.5121953125 0.376015625 0.5121953125 0.376015625 0.5135500000000001 0.375 0.5135500000000001 0.375 0.5149046875 0.3729671875 0.5162609375 0.3729671875 0.5189703125 0.3719515625 0.5189703125 0.370934375 0.5216796875 0.368903125 0.5216796875 0.368903125 0.524390625 0.36991874999999996 0.524390625 0.36991874999999996 0.5257453125 0.3719515625 0.5257453125 0.3719515625 0.5271 0.373984375 0.5271 0.373984375 0.5284546875 0.376015625 0.5284546875 0.376015625 0.5298109375 0.3780484375 0.5298109375 0.3780484375 0.5311656250000001 0.379065625 0.5311656250000001 0.379065625 0.5325203125 0.381096875 0.5325203125 0.381096875 0.533875 0.384146875 0.533875 0.384146875 0.5352296875 0.3983734375 0.5352296875 0.3983734375 0.533875
0 0.3729671875 0.6476968750000001 0.38516249999999996 0.639565625 0.3922765625 0.639565625 0.3963421875 0.6463421874999999 0.4034546875 0.6449859375 0.40243906249999994 0.6382109375 0.3973578125 0.6327906249999999 0.3973578125 0.626015625 0.40243906249999994 0.6246609375000001 0.40447187500000004 0.619240625 0.3983734375 0.6043359374999999 0.3922765625 0.598915625 0.3922765625 0.5907859375 0.3821140625 0.5907859375 0.373984375 0.5948515624999999 0.3668703125 0.6070453125 0.3526421875 0.61653125 0.30894374999999996 0.62330625 0.2977640625 0.6314359375 0.2835359375 0.6327906249999999 0.2835359375 0.6382109375 0.2916671875 0.6422765625 0.2967484375 0.639565625 0.32418749999999996 0.640921875 0.3272359375 0.63685625 0.3363828125 0.640921875 0.3526421875 0.640921875 0.35467499999999996 0.6490515625 0.3516265625 0.6585359375000001 0.3536578125 0.6598921875 0.36483750000000004 0.6463421874999999 0.3729671875 0.6476968750000001
0 0.3577234375 0.56775 0.36483750000000004 0.56775 0.36483750000000004 0.5663953125 0.3678859375 0.5663953125 0.3678859375 0.565040625 0.36991874999999996 0.565040625 0.36991874999999996 0.5636859375000001 0.370934375 0.5636859375000001 0.370934375 0.5596203125 0.36991874999999996 0.5596203125 0.36991874999999996 0.5569109375 0.368903125 0.5569109375 0.368903125 0.55555625 0.3678859375 0.55555625 0.3678859375 0.5542 0.3668703125 0.5542 0.365853125 0.551490625 0.363821875 0.551490625 0.363821875 0.5501359375 0.35975625 0.5501359375 0.35975625 0.54878125 0.350609375 0.54878125 0.350609375 0.5501359375 0.345528125 0.5501359375 0.345528125 0.551490625 0.3424796875 0.551490625 0.3424796875 0.5528453125 0.3373984375 0.5528453125 0.3373984375 0.5542 0.3363828125 0.5542 0.3363828125 0.558265625 0.3373984375 0.558265625 0.3373984375 0.5596203125 0.3384140625 0.5596203125 0.3384140625 0.56233125 0.33943124999999996 0.56233125 0.33943124999999996 0.5636859375000001 0.3384140625 0.5636859375000001 0.3384140625 0.5663953125 0.3373984375 0.5663953125 0.3373984375 0.56910625 0.3577234375 0.56910625 0.3577234375 0.56775
0 0.509146875 0.5975609375000001 0.4918703125 0.5934953125 0.479675 0.6016265625 0.4786578125 0.60975625 0.48272343749999996 0.61653125 0.50508125 0.620596875 0.514228125 0.6111109375 0.509146875 0.5975609375000001
0 0.57621875 0.46341406249999995 0.56910625 0.45799531250000003 0.5518296874999999 0.4607046875 0.549796875 0.4729 0.5630078125 0.482384375 0.5772359375 0.47425468750000005 0.57621875 0.46341406249999995
0 0.0416671875 0.029810937500000002 0.0426828125 0.024390625 0.0304875 0.017615625 0.025406250000000002 0.024390625 0.011178125 0.0284546875 0.011178125 0.0352296875 0.0416671875 0.029810937500000002
0 0.5376015625 0.66395625 0.5182921875 0.65040625 0.49491874999999996 0.65718125 0.4786578125 0.654471875 0.47256093750000006 0.6598921875 0.4766265625 0.6666671875 0.5 0.668021875 0.5121953125 0.674796875 0.529471875 0.6734421875 0.5376015625 0.66395625
0 0.7835171875 0.768484375 0.7787046875 0.763234375 0.7677671875 0.7603171875 0.76426875 0.7644015625 0.76295625 0.7719859375 0.7747671875 0.7795703125 0.7839546875 0.77256875 0.7835171875 0.768484375
0 0.8106390625 0.773153125 0.8176390625 0.7696515625 0.8167640625000001 0.7649843749999999 0.8141390625 0.7603171875 0.8093265625000001 0.758565625 0.804515625 0.75915 0.798559375 0.7661296875 0.804078125 0.773153125 0.8106390625 0.773153125
0 0.8723218749999999 0.774903125 0.8762593750000001 0.7696515625 0.8788843749999999 0.7644015625 0.8740718749999999 0.7603171875 0.8688218750000001 0.761484375 0.8645390624999999 0.7671015625 0.867509375 0.7702359375000001 0.8723218749999999 0.774903125
0 0.6754625 0.8163281250000001 0.680275 0.8204125 0.6877109375 0.8180781250000001 0.6951484375 0.8139937500000001 0.6999609375 0.8163281250000001 0.710021875 0.8169109375 0.717896875 0.8128265625 0.716146875 0.8052421875 0.708709375 0.8011578125 0.7012734375 0.8017421875 0.6968984375 0.8052421875 0.6859609375 0.8017421875 0.6785249999999999 0.8023250000000001 0.6732750000000001 0.811659375 0.6754625 0.8163281250000001
0 0.74895625 0.8134109374999999 0.75770625 0.811659375 0.75770625 0.8029078125 0.74983125 0.7988234375000001 0.7410828125 0.7988234375000001 0.7402078125 0.79240625 0.7375828125 0.7836546875 0.7257703125 0.784821875 0.717896875 0.7889062499999999 0.722709375 0.7988234375000001 0.7358328125 0.8023250000000001 0.7393328125 0.8099093749999999 0.74895625 0.8134109374999999
0 0.75814375 0.79240625 0.76251875 0.7894890625000001 0.76164375 0.7842374999999999 0.7572687499999999 0.7807375000000001 0.75070625 0.778403125 0.74633125 0.7807375000000001 0.7437078125000001 0.7859890625 0.744609375 0.7899453125 0.75026875 0.79240625 0.75814375 0.79240625
0 0.713521875 0.774903125 0.7187718750000001 0.7778203125 0.7253328125 0.7760703125 0.724021875 0.77081875 0.7305828125 0.76731875 0.7332078125 0.7638171875 0.7292703125 0.7597328125 0.724896875 0.7574 0.720084375 0.7579828125 0.7165843749999999 0.761484375 0.7147187500000001 0.766615625 0.710896875 0.76906875 0.713521875 0.774903125
0 0.6938359375 0.7702359375000001 0.7012734375 0.768484375 0.7012734375 0.7579828125 0.6920859375 0.7544828125 0.6842125 0.758565625 0.6807125 0.7638171875 0.679725 0.7675875 0.6846484375 0.7714015625 0.6938359375 0.7702359375000001
0 0.7673296875 0.8845906250000001 0.7725796875000001 0.8857578125 0.7826421875 0.8875078125 0.7909531249999999 0.8863406250000001 0.7953281249999999 0.8758390625000001 0.7909531249999999 0.8670875 0.7817671875000001 0.863003125 0.7703921874999999 0.8659203124999999 0.7632015625 0.8769453125 0.7673296875 0.8845906250000001
0 0.6973359375 0.8735046875 0.7073968749999999 0.87700625 0.7043359375 0.87700625 0.6960234375 0.88050625 0.6977734375 0.8904249999999999 0.7038984375 0.8915921875 0.712209375 0.8898421875 0.719646875 0.8886749999999999 0.7301453125 0.8880921875000001 0.7318953125000001 0.88050625 0.7288328125 0.8717546875 0.721396875 0.8676703124999999 0.714834375 0.8676703124999999 0.708271875 0.8717546875 0.7034609374999999 0.8740890625000001 0.6999609375 0.8700046875 0.6929609375 0.8711718749999999 0.6973359375 0.8735046875
0 0.6500890625 0.86064375 0.6500890625 0.8495578125 0.6444015624999999 0.844890625 0.637403125 0.8419734375000001 0.631715625 0.846640625 0.629090625 0.8583093749999999 0.638278125 0.8600609374999999 0.6500890625 0.86064375
0 0.5067234375 1 0.505725 0.9983375000000001 0.49828906249999994 0.98666875 0.4904140625 0.98666875 0.4770484375 0.9969953125 0.4796125 1 0.5067234375 1
0 0.6514015625 0.9300734374999999 0.6566515625 0.9318250000000001 0.6632140625 0.9283234374999999 0.6719625 0.9242390625000001 0.6732750000000001 0.9189890625 0.6776500000000001 0.9131546875 0.6776500000000001 0.9067359375 0.6702125 0.9038187499999999 0.6619015625 0.90206875 0.6570890625 0.906153125 0.6544640625 0.9125703125 0.6480109374999999 0.919715625 0.6514015625 0.9300734374999999
0 0.3687984375 0.8909828125000001 0.37361093749999996 0.8851484375 0.3705484375 0.8787312500000001 0.3657359375 0.8740625 0.35786250000000003 0.8723124999999999 0.35305 0.879896875 0.35305 0.8857312500000001 0.360925 0.8915656249999999 0.3687984375 0.8909828125000001
0 0.352175 0.8950671874999999 0.3526125 0.8892328125000001 0.343425 0.8874828125 0.3412390625 0.888065625 0.3394890625 0.8939 0.3478 0.896234375 0.352175 0.8950671874999999
0 0.46110468750000005 0.7987984375 0.46416562499999997 0.7906296875 0.4541046875 0.783628125 0.44579218750000005 0.7847953125 0.44316875 0.7888796874999999 0.4466671875 0.79588125 0.4471046875 0.795296875 0.4514796875 0.8011328125 0.46110468750000005 0.7987984375
0 0.5345984374999999 0.8151343750000001 0.5415984375 0.8093 0.5367859375 0.8022984375 0.5240984375 0.7993812499999999 0.51885 0.799965625 0.51896875 0.8103578125 0.5262859375 0.813384375 0.5345984374999999 0.8151343750000001
0 0.5429109375000001 0.7783781249999999 0.5433484375 0.788296875 0.5516593750000001 0.79763125 0.561721875 0.795296875 0.5700328125 0.7923796875 0.5827203125 0.7847953125 0.58446875 0.7772109375 0.5765953125000001 0.7707921875 0.5643453125 0.767875 0.5520968749999999 0.7690421875 0.5433484375 0.7795453125 0.5429109375000001 0.7783781249999999