1 0.751178125 0.006456249999999999 0.30561875 0.0005765625 0.2825234375 0.52179375 0.5640625 0.54541875 0.751178125 0.006456249999999999
0 0.53563125 0 0.49842343749999996 0.24364375 0.471609375 0.37288125 0.4668765625 0.4533890625 0.45741250000000006 0.4682203125 0.4511046875 0.5233046875 0.45268125000000003 0.5381359375 0.49211406249999995 0.5381359375 0.5063093750000001 0.5148312500000001 0.5078859375 0.47669531249999997 0.528390625 0.41525468749999994 0.528390625 0.3919484375 0.5094640625 0.3919484375 0.49053593749999996 0.4618640625 0.4794953125 0.4682203125 0.48265 0.36016875000000004 0.51261875 0.23305156249999998 0.528390625 0.11228750000000001 0.552709375 0 0.53563125 0
1 0.0034046874999999997 0 0 0.351146875 0 0.516034375 0.2564421875 0.53221875 0.268378125 0 0.0034046874999999997 0
0 0 0.43417031250000004 0.0205046875 0.45974531250000006 0.0630921875 0.4639828125 0.08832812500000001 0.444915625 0.0867515625 0.427965625 0.0772875 0.4131359375 0.034699999999999995 0.38559375 0 0.2842671875 0 0.43417031250000004
0 0.140378125 0.2288140625 0.16877031250000002 0.23305156249999998 0.175078125 0.2076265625 0.165615625 0.184321875 0.1388015625 0.190678125 0.1324921875 0.199153125 0.13091406249999998 0.2139828125 0.140378125 0.2288140625
0 0.052785937500000005 0 0.041009375 0.059321875 0.0394328125 0.11228750000000001 0.05205 0.12711875 0.0867515625 0.1292375 0.093059375 0.125 0.0946375 0.0911015625 0.08201875 0.063559375 0.083596875 0.0275421875 0.0725546875 0.01483125 0.0701015625 0 0.052785937500000005 0
1 0 0.7461046875 0.025424999999999996 0.8291140625000001 0.2480359375 0.8291140625000001 0.25095625 0.8275453125000001 0.255046875 0.5388640625 0 0.5271109375 0 0.7461046875
0 0.1924296875 0.6504234375 0.205046875 0.63135625 0.2034703125 0.5932203125 0.189275 0.5699156249999999 0.187696875 0.5444921875000001 0.17350156249999998 0.5444921875000001 0.182965625 0.550846875 0.1861203125 0.5699156249999999 0.148265625 0.561440625 0.1372234375 0.5805078124999999 0.1372234375 0.6483046875 0.1671921875 0.6546609375 0.1924296875 0.6504234375
0 0 0.7224578125 0.0315453125 0.7224578125 0.0678234375 0.7161015625 0.0725546875 0.7076265625 0.0678234375 0.692796875 0.050473437499999996 0.677965625 0.018928125 0.692796875 0 0.690840625 0 0.7224578125
0 0.14511093749999998 0.7860171874999999 0.2082015625 0.7966109375 0.2145109375 0.7881359375 0.2145109375 0.7669484375 0.2082015625 0.7118640625 0.1561515625 0.699153125 0.140378125 0.7288140624999999 0.14511093749999998 0.7860171874999999
1 0.242225 0.991984375 0.24920312500000003 0.83349375 0.024840624999999998 0.837415625 0.0704140625 0.9950906249999999 0.242225 0.991984375
0 0.15457343750000002 0.9809328125000001 0.15457343750000002 0.9618640624999999 0.12618281250000002 0.947034375 0.11987343749999999 0.9597453125 0.12460625 0.9809328125000001 0.1435328125 0.98940625 0.15457343750000002 0.9809328125000001
1 0.26674375 0.8315359375 0.2568109375 0.99391875 0.41874687499999996 0.9863796875 0.42274687499999997 0.9868578125 0.4694890625 0.8346734375 0.26674375 0.8315359375
0 0.41482656249999994 0.88135625 0.40851718750000005 0.8940671874999999 0.4053625 0.9216109375 0.4195578125 0.923728125 0.4274453125 0.9152546875 0.4258671875 0.9025421874999999 0.44164062499999995 0.87288125 0.44006249999999997 0.86440625 0.41482656249999994 0.88135625
0 0.3848578125 0.951271875 0.3864359375 0.923728125 0.376971875 0.923728125 0.36593125 0.942796875 0.36593125 0.9597453125 0.3738171875 0.9618640624999999 0.3848578125 0.951271875
1 0.5669265625000001 0.556121875 0.2782921875 0.5396484375 0.26660625 0.8306828124999999 0.47353281249999996 0.830371875 0.5669265625000001 0.556121875
0 0.446371875 0.7690671874999999 0.4668765625 0.7690671874999999 0.49842343749999996 0.7457625 0.51261875 0.692796875 0.5015765625 0.697034375 0.49053593749999996 0.7288140624999999 0.4447953125 0.7627125 0.446371875 0.7690671874999999
0 0.36750781250000003 0.7817796875 0.3564671875 0.7817796875 0.3485796875 0.8050843750000001 0.3485796875 0.826271875 0.3690859375 0.826271875 0.381703125 0.7944921875000001 0.3880125 0.7372875 0.406940625 0.6800843750000001 0.41798124999999997 0.616525 0.4195578125 0.572034375 0.416403125 0.5550843750000001 0.40851718750000005 0.550846875 0.399053125 0.5550843750000001 0.39747656249999996 0.6016953125 0.381703125 0.6483046875 0.38328125 0.701271875 0.3722390625 0.7690671874999999 0.36750781250000003 0.7817796875
0 0.4511046875 0.552965625 0.47003125 0.5826265625 0.5110406249999999 0.5826265625 0.518928125 0.567796875 0.5157734375 0.5550843750000001 0.4511046875 0.552965625
0 0.3154578125 0.6038140624999999 0.312303125 0.616525 0.30441562499999997 0.61440625 0.30283906250000003 0.5444921875000001 0.29495312500000004 0.5444921875000001 0.293375 0.61864375 0.29810781249999996 0.6292375 0.312303125 0.6292375 0.32334375 0.62288125 0.32334375 0.6080515625 0.3154578125 0.6038140624999999
1 0.787496875 0 0.5902859375 0.553534375 0.8536421875 0.5675984374999999 0.856634375 0.5686015624999999 1 0.340584375 1 0 0.787496875 0
0 0.760253125 0.133475 0.760253125 0.1419484375 0.77129375 0.1483046875 0.7981078125 0.1483046875 0.834384375 0.0995765625 0.84069375 0.072034375 0.8201890625000001 0.06991562500000001 0.7949531249999999 0.0868640625 0.760253125 0.133475
0 1 0.19022343749999998 0.9605671875 0.23940625 0.9447953124999999 0.2796609375 0.86593125 0.383475 0.7902203125 0.5 0.7917984375 0.5127125 0.8075703125 0.5148312500000001 0.8485796875 0.5 0.8675078125000001 0.427965625 0.9022078125 0.3559328125 0.9179812500000001 0.3411015625 0.9495265625 0.2881359375 1 0.24164687499999998 1 0.19022343749999998
1 0.5839218749999999 0.558878125 0.4863921875 0.831271875 0.6790421875 0.8353140625 0.680246875 0.8377390625000001 0.8470109375 0.5710031250000001 0.5839218749999999 0.558878125
0 0.6088328125 0.798728125 0.5946374999999999 0.7944921875000001 0.5899046875 0.813559375 0.600946875 0.815678125 0.6088328125 0.798728125
1 0.4851875 0.8335687500000001 0.43100468750000004 0.9903765625000001 0.5815140624999999 0.9855265624999999 0.5845234375 0.9895687499999999 0.676634375 0.8368015625 0.4851875 0.8335687500000001
0 0.5725546875 0.8368640624999999 0.55205 0.8389828125 0.5552046875000001 0.8559328125000001 0.5694 0.8580515625 0.5725546875 0.8368640624999999
0 0.5078859375 0.866525 0.5047312500000001 0.8559328125000001 0.48422656249999996 0.8516953125000001 0.47791875 0.8580515625 0.48107187500000004 0.87711875 0.49842343749999996 0.8792375 0.5078859375 0.866525
1 0.695459375 0.8313937499999999 0.5949187499999999 0.9857781250000001 0.7412140625 0.9857781250000001 0.740009375 0.9841609375000001 0.8784765625000001 0.8419015625 0.695459375 0.8313937499999999
0 0.7113562499999999 0.9004234375 0.712934375 0.9152546875 0.730284375 0.9194921875000001 0.74605625 0.9152546875 0.747634375 0.9004234375 0.7113562499999999 0.9004234375
0 0.6561515625000001 0.9639828125 0.6545734375000001 0.9555078124999999 0.6798109375 0.9194921875000001 0.717665625 0.8368640624999999 0.7034703125 0.8389828125 0.7018921875 0.8580515625 0.675078125 0.9131359375000001 0.640378125 0.9639828125 0.652996875 0.9788140625 0.665615625 0.9788140625 0.6687703125 0.9703390625000001 0.6561515625000001 0.9639828125
1 1 0.5807953125 0.8667484375000001 0.572209375 0.698178125 0.8340953125 0.8842062500000001 0.8381359375 0.8866156249999999 0.837328125 1 0.7096765625 1 0.5807953125
0 0.9558359375000001 0.6588984375 0.9447953124999999 0.6652546874999999 0.9605671875 0.6694921875000001 0.988959375 0.633475 0.9605671875 0.6440671874999999 0.9558359375000001 0.6588984375
4 1 0.373734375 0.8702156249999999 0.5636109375 1 0.5740984375 1 0.373734375