1 1 0.34194375 0.24317656250000003 0.1078734375 0.0221140625 0.795203125 0.5200390625 0.8475859375000001 0.5178296875 0.850509375 1 0.3832390625 1 0.34194375
1 1 0.4242328125 0.5442390625 0.846575 0.5432453125000001 0.8488109375 0.923121875 0.8905593749999999 1 0.83945 1 0.4242328125
1 0.3632328125 1 0.504159375 0.861846875 0.018871875 0.8171171875000001 0.015889062500000002 0.818609375 0.003009375 1 0.3632328125 1
1 0.7370328125000001 1 0.8990265624999999 0.9059828124999999 0.5296265625000001 0.8659734374999999 0.3898671875 1 0.7370328125000001 1
1 1 0.914909375 0.9223109375 0.907790625 0.7622984374999999 1 1 1 1 0.914909375
4 1 0.865134375 0.951940625 0.8927984375 1 0.8962578125 1 0.865134375
1 0.2906640625 0 0.2879671875 0.011265625 0.2825984375 0.014484374999999999 1 0.2578140625 1 0 0.2906640625 0
0 0.6048734375 0.36677031250000003 0.619728125 0.3556296875 0.619728125 0.33942656250000003 0.610275 0.3303109375 0.6035234375 0.3313234375 0.592721875 0.33740000000000003 0.58191875 0.3576546875 0.58461875 0.36575625 0.5913703124999999 0.36879531249999997 0.6048734375 0.36677031250000003
0 0.6966953124999999 0.31410781249999997 0.7061468750000001 0.3049921875 0.7061468750000001 0.29891718749999996 0.69129375 0.2898015625 0.6818421875 0.2908140625 0.676440625 0.29689062499999996 0.6791406249999999 0.29891718749999996 0.6791406249999999 0.30904375 0.6858921875 0.31410781249999997 0.6966953124999999 0.31410781249999997
0 0.3132078125 0.291828125 0.3037546875 0.3009421875 0.30645625 0.3049921875 0.32400937500000004 0.31208281250000003 0.34561406250000004 0.31208281250000003 0.348315625 0.31005625000000003 0.3726203125 0.30803125 0.387475 0.29689062499999996 0.390175 0.2908140625 0.37532187499999997 0.2776484375 0.3550671875 0.2746109375 0.3348125 0.2877765625 0.3132078125 0.291828125
0 0.42258281249999996 0.4366484375 0.433384375 0.4265203125 0.4360859375 0.4103171875 0.4414859375 0.404240625 0.4414859375 0.39816406249999997 0.4374359375 0.3951265625 0.43068437499999995 0.39613906249999997 0.40232812500000004 0.40322812499999994 0.390175 0.4123421875 0.387475 0.41841875 0.3820734375 0.42044375 0.373971875 0.43462187500000005 0.373971875 0.442725 0.38342343749999996 0.44981406249999994 0.3942265625 0.4538640625 0.405028125 0.4538640625 0.4077296875 0.45183906250000005 0.41853125 0.45183906250000005 0.42258281249999996 0.44880156250000003 0.41988125 0.442725 0.42258281249999996 0.4366484375
0 0.27945000000000003 0.44880156250000003 0.2726984375 0.455890625 0.267296875 0.455890625 0.2632453125 0.458928125 0.2578453125 0.4690546875 0.2578453125 0.483234375 0.2605453125 0.48728437500000005 0.2753984375 0.4943734375 0.2997046875 0.4903234375 0.31455781250000003 0.47918281250000005 0.31725781249999996 0.47310625 0.31725781249999996 0.4670296875 0.30510468749999997 0.45183906250000005 0.294303125 0.4477875 0.27945000000000003 0.44880156250000003
0 0.46309218750000003 0.6553984374999999 0.48334687499999995 0.6381812499999999 0.49955 0.6381812499999999 0.5049515625 0.63615625 0.5171046875 0.6270421875000001 0.5306062500000001 0.6088125 0.5306062500000001 0.6027359375 0.5184546875 0.593621875 0.48739687500000006 0.5946343749999999 0.4644421875 0.595646875 0.4428375 0.6078 0.43068437499999995 0.6189390625 0.43068437499999995 0.6290671875 0.4252828125 0.6331171875 0.4252828125 0.6432453125 0.4117796875 0.647296875 0.4131296875 0.652359375 0.429334375 0.652359375 0.434734375 0.6543859375000001 0.4360859375 0.6655249999999999 0.4401359375 0.6685640625 0.456340625 0.6645125000000001 0.46309218750000003 0.6553984374999999
0 0.42258281249999996 0.2300515625 0.41042968750000003 0.22498749999999998 0.390175 0.22599999999999998 0.3847734375 0.2300515625 0.3847734375 0.23612656250000003 0.39692656249999997 0.24524218750000001 0.41853125 0.243215625 0.4252828125 0.23612656250000003 0.42258281249999996 0.2300515625
0 0.3685703125 0.22397499999999998 0.3564171875 0.214859375 0.3415640625 0.215871875 0.32400937500000004 0.2209359375 0.322659375 0.22599999999999998 0.3348125 0.2310640625 0.3591171875 0.2310640625 0.3685703125 0.228025 0.3685703125 0.22397499999999998
0 0.36181874999999997 0.542984375 0.3685703125 0.5338703125 0.36451875 0.52475625 0.3564171875 0.5207046875 0.3442640625 0.5217171875 0.3348125 0.52475625 0.3280609375 0.5318453125 0.3280609375 0.541971875 0.3429140625 0.5470359375 0.36181874999999997 0.542984375
0 0.16872499999999999 0.513615625 0.16467343750000002 0.510578125 0.160621875 0.511590625 0.1484703125 0.514628125 0.1390171875 0.5217171875 0.14576875 0.5308328125 0.1538703125 0.5308328125 0.16602343749999998 0.5237421875 0.16872499999999999 0.513615625
0 0.1889796875 0.5186796874999999 0.17952656250000001 0.5196921875 0.17952656250000001 0.5237421875 0.1889796875 0.5288062499999999 0.1957296875 0.5237421875 0.1889796875 0.5186796874999999
0 0.2902515625 0.5277937500000001 0.2862015625 0.52475625 0.27404843749999996 0.52576875 0.268646875 0.52981875 0.26594687499999997 0.5399468749999999 0.2753984375 0.5450109375000001 0.2808 0.5450109375000001 0.2848515625 0.541971875 0.2902515625 0.5277937500000001
0 0.150196875 0.6275203125 0.162990625 0.63848125 0.1968015625 0.62615 0.2141640625 0.6186140625000001 0.1906953125 0.6111703125 0.159334375 0.6124484375 0.150196875 0.6275203125
0 0.378021875 0.7637609375000001 0.3847734375 0.762746875 0.38342343749999996 0.759709375 0.3699203125 0.761734375 0.36586875 0.7667984375 0.3699203125 0.7698359375 0.3861234375 0.7718625 0.39692656249999997 0.7657859375 0.40232812500000004 0.7657859375 0.403678125 0.77085 0.40097812499999996 0.772875 0.405028125 0.7738875000000001 0.41042968750000003 0.7718625 0.4131296875 0.7738875000000001 0.4266328125 0.7637609375000001 0.4414859375 0.756671875 0.45228906249999995 0.74451875 0.4549890625 0.732365625 0.45228906249999995 0.7262890625 0.4401359375 0.7192000000000001 0.4266328125 0.7232515625 0.42393281250000003 0.721225 0.4131296875 0.721225 0.40232812500000004 0.7151484375 0.3982765625 0.7161625 0.3955765625 0.7181875 0.3955765625 0.7242640625 0.40907968749999996 0.730340625 0.403678125 0.734390625 0.403678125 0.7384421875 0.3982765625 0.7404671875 0.3982765625 0.7505953125 0.387475 0.756671875 0.3982765625 0.7586968749999999 0.3955765625 0.762746875 0.38882500000000003 0.7637609375000001 0.3861234375 0.7678109375 0.376671875 0.7667984375 0.378021875 0.7637609375000001
0 0.319959375 0.63514375 0.31050625 0.626028125 0.30105468750000003 0.625015625 0.29565312499999996 0.6270421875000001 0.29295312500000004 0.6412203125 0.2997046875 0.6462828125 0.3159078125 0.6462828125 0.319959375 0.6412203125 0.319959375 0.63514375
0 0.5333078125 0.7161625 0.5306062500000001 0.7181875 0.5333078125 0.7262890625 0.5373578125 0.729328125 0.5427593749999999 0.729328125 0.5522125 0.7202124999999999 0.5454609375 0.7151484375 0.5333078125 0.7161625
0 0.101209375 0.708059375 0.101209375 0.7121109375 0.103909375 0.7161625 0.11066093749999999 0.7192000000000001 0.1187625 0.721225 0.1241640625 0.7192000000000001 0.1376671875 0.7192000000000001 0.14711875000000002 0.7141359375 0.14711875000000002 0.708059375 0.14306875 0.705021875 0.132265625 0.705021875 0.1187625 0.7009703125 0.106609375 0.701984375 0.101209375 0.708059375
0 0.14576875 0.5510859375 0.1403671875 0.5490609375 0.128215625 0.5500734375 0.1228140625 0.554125 0.1228140625 0.5581765625 0.12686406249999999 0.5612140625 0.14306875 0.5612140625 0.14711875000000002 0.5581765625 0.14576875 0.5510859375
0 0.5616640625 0.7738875000000001 0.568415625 0.7667984375 0.568415625 0.762746875 0.5562625 0.7536328125 0.5549125 0.7546453125 0.5508609375 0.757684375 0.538709375 0.7586968749999999 0.538709375 0.7688234375 0.5535625 0.7738875000000001 0.5616640625 0.7738875000000001
0 0.729103125 0.42348281249999997 0.74530625 0.42348281249999997 0.7520578125 0.41639375 0.74800625 0.4113296875 0.7277515625000001 0.4123421875 0.7223515625 0.41841875 0.729103125 0.42348281249999997
0 0.322659375 0.373859375 0.3321109375 0.38094843749999996 0.34021406249999997 0.38094843749999996 0.351015625 0.37082031249999997 0.3591171875 0.37082031249999997 0.36586875 0.36575625 0.3685703125 0.35360468749999996 0.36181874999999997 0.348540625 0.349665625 0.349553125 0.3334625 0.3596796875 0.3334625 0.36373125 0.322659375 0.373859375
0 0.2767484375 0.25233125 0.2767484375 0.2604328125 0.297003125 0.2776484375 0.3159078125 0.2817 0.322659375 0.2766359375 0.30105468750000003 0.266509375 0.30105468750000003 0.2584078125 0.297003125 0.25334375 0.2862015625 0.25131875 0.2808 0.2472671875 0.2767484375 0.2482796875 0.27404843749999996 0.2503046875 0.2767484375 0.25233125
0 0.5009 0.3009421875 0.5009 0.30904375 0.5076515625 0.31613281249999997 0.5198046875 0.3130953125 0.5198046875 0.30701875 0.515753125 0.3019546875 0.510353125 0.29992968750000004 0.5009 0.3009421875
0 0.48739687500000006 0.31106875 0.48739687500000006 0.3049921875 0.4792953125 0.3049921875 0.47389374999999995 0.31106875 0.48739687500000006 0.31106875
0 0.5495109375 0.5237421875 0.5454609375 0.5207046875 0.52520625 0.5217171875 0.5225046875 0.52576875 0.52520625 0.52981875 0.5319578125 0.5328578125 0.540059375 0.5328578125 0.5495109375 0.5277937500000001 0.5495109375 0.5237421875
0 0.38882500000000003 0.58146875 0.40232812500000004 0.58146875 0.40907968749999996 0.5764046875 0.4117796875 0.566278125 0.40232812500000004 0.5551375000000001 0.391525 0.5551375000000001 0.38882500000000003 0.5531125 0.38342343749999996 0.5551375000000001 0.38072343750000004 0.5531125 0.36586875 0.554125 0.36316875 0.5561499999999999 0.36586875 0.5642515625 0.36181874999999997 0.5672906249999999 0.3537171875 0.5672906249999999 0.3294109375 0.5875453125 0.322659375 0.5885578125 0.3294109375 0.593621875 0.3429140625 0.595646875 0.3591171875 0.57944375 0.36181874999999997 0.57944375 0.3672203125 0.5855203125 0.37532187499999997 0.5875453125 0.38342343749999996 0.5855203125 0.38882500000000003 0.58146875
0 0.49684999999999996 0.7961671875 0.5171046875 0.7748999999999999 0.52790625 0.7688234375 0.5211546874999999 0.7637609375000001 0.511703125 0.7647734374999999 0.5063015625 0.7667984375 0.5009 0.7789515625 0.48739687500000006 0.7931296875 0.488746875 0.7961671875 0.49684999999999996 0.7961671875
0 0.300396875 0.693978125 0.300396875 0.6869421874999999 0.3010671875 0.6763890625 0.2935875 0.6672078124999999 0.2776046875 0.66734375 0.278275 0.6799078125 0.278275 0.6995046874999999 0.25950625 0.7105609375 0.2548140625 0.725134375 0.2588359375 0.733175 0.27559374999999997 0.735184375 0.2836390625 0.72714375 0.29034218749999996 0.7206109374999999 0.30710000000000004 0.717596875 0.3144734375 0.70955625 0.3050890625 0.7010125 0.300396875 0.693978125
0 0.2051828125 0.6685640625 0.19843125 0.6695765625 0.2051828125 0.6766656249999999 0.211934375 0.675653125 0.210584375 0.6705890625 0.2051828125 0.6685640625
0 0.07420312500000001 0.69388125 0.06745156249999999 0.68881875 0.0579984375 0.68983125 0.06205000000000001 0.6948953125 0.07420312500000001 0.69388125
0 0.35776718750000003 0.815409375 0.3564171875 0.812371875 0.352365625 0.813384375 0.3564171875 0.816421875 0.35776718750000003 0.815409375
0 0.14441874999999998 0.7931296875 0.1403671875 0.790090625 0.1363171875 0.7911046875000001 0.1376671875 0.7941421875 0.14441874999999998 0.7931296875
0 0.1214640625 0.7860406249999999 0.1255140625 0.7809765625 0.1201125 0.7809765625 0.1147125 0.7830015625 0.1214640625 0.7860406249999999
0 0.0661015625 0.7181875 0.0661015625 0.730340625 0.0634 0.732365625 0.0701515625 0.733378125 0.0715015625 0.7242640625 0.0688015625 0.7202124999999999 0.0715015625 0.7181875 0.0661015625 0.7181875
0 0.20248125 0.7678109375 0.21328437500000003 0.7698359375 0.2173359375 0.7667984375 0.210584375 0.761734375 0.20653281250000002 0.762746875 0.20113124999999998 0.7647734374999999 0.20248125 0.7678109375
0 0.19978125 0.7819890625 0.20383281250000002 0.7769265625 0.20248125 0.7738875000000001 0.1943796875 0.7718625 0.18222812500000002 0.772875 0.1889796875 0.7819890625 0.19978125 0.7819890625
0 0.29565312499999996 0.77085 0.294303125 0.7678109375 0.2902515625 0.7688234375 0.2889015625 0.7718625 0.29565312499999996 0.77085
0 0.2767484375 0.8073078125 0.2726984375 0.8042703124999999 0.268646875 0.8052828125 0.269996875 0.8083203125 0.2767484375 0.8073078125
0 0.30645625 0.77085 0.31050625 0.7718625 0.31185625 0.7667984375 0.30780625 0.7637609375000001 0.30645625 0.7647734374999999 0.3037546875 0.7667984375 0.30645625 0.77085
0 0.2781 0.7860406249999999 0.291603125 0.7860406249999999 0.29565312499999996 0.7830015625 0.294303125 0.7779390625 0.2767484375 0.7789515625 0.27404843749999996 0.7830015625 0.2781 0.7860406249999999
0 0.3092125 0.7563734375 0.321815625 0.758471875 0.33768750000000003 0.758471875 0.3386203125 0.7514734375 0.3423546875 0.742025 0.3423546875 0.7339765625 0.3386203125 0.725228125 0.32415 0.725928125 0.31107968750000003 0.7297781249999999 0.3059453125 0.7360765625 0.30641093750000004 0.746925 0.3085640625 0.7544015625 0.3092125 0.7563734375
0 0.8116453124999999 0.531909375 0.796240625 0.5252609374999999 0.7817703125000001 0.5245609375 0.7696328125 0.534709375 0.78594375 0.537303125 0.7869046875000001 0.5452078124999999 0.793440625 0.5490578125 0.8079109375 0.5476578125 0.8130453125000001 0.538909375 0.8116453124999999 0.531909375
0 0.49272031250000003 0.4003421875 0.4804984375 0.39110625 0.4518625 0.394478125 0.4295234375 0.4247484375 0.4505890625 0.444846875 0.45824999999999994 0.44532499999999997 0.474846875 0.44532499999999997 0.493359375 0.44532499999999997 0.5061265625 0.4424546875 0.5157015625 0.44197499999999995 0.5163390625 0.4295328125 0.511871875 0.41900624999999997 0.5105953125 0.4132625 0.5042109375 0.4099125 0.49272031250000003 0.4003421875
0 0.136246875 0.9393046875 0.132228125 0.9308687499999999 0.12090624999999999 0.9323171875 0.10650781250000001 0.9212281250000001 0.0872171875 0.92484375 0.082796875 0.9380984375000001 0.0976671875 0.9405093750000001 0.118965625 0.9429187499999999 0.136246875 0.9393046875
0 0.21598437499999998 0.948078125 0.22138593750000002 0.948078125 0.2254375 0.9450390625 0.22138593750000002 0.9420015625 0.2173359375 0.9430140625 0.21463437500000002 0.9450390625 0.21598437499999998 0.948078125
0 0.3255328125 0.8663968750000001 0.3343734375 0.867903125 0.35085 0.8621796875 0.3516546875 0.8507312499999999 0.342009375 0.8483203125 0.333971875 0.8483203125 0.33142499999999997 0.8486625 0.32151406250000003 0.8528390625 0.316690625 0.8570578125000001 0.31829843750000003 0.8636859375 0.3255328125 0.8663968750000001
0 0.31770312500000003 0.9426453125 0.3168984375 0.939934375 0.3088609375 0.9384281250000001 0.300421875 0.9378249999999999 0.31770312500000003 0.9426453125