1 0.6151828125 1 0.8412515624999999 0.5304078125 0.39887968749999997 0.40430312500000004 0.18158593750000002 0.685440625 0.4516703125 1 0.6151828125 1
1 1 0.5813125 0.8527093750000001 0.5358031249999999 0.630990625 1 1 1 1 0.5813125
1 1 0.2250953125 0.8527093750000001 0.5297578125 1 0.566259375 1 0.2250953125
1 1 0.159784375 0.555509375 0.18918437500000002 0.3977484375 0.40430312500000004 0.84818125 0.526734375 1 0.2051921875 1 0.159784375
1 0.7561125 0 0.6894218750000001 0.016682812499999998 0.5663781250000001 0.1911828125 1 0.1538421875 1 0 0.7561125 0
1 0.5573234375 0.189671875 0.6829468750000001 0.0173625 0.46214843749999995 0.0758625 0.3468203125 0.198740625 0.5573234375 0.189671875
1 0.39208906250000003 0.40128125 0.55845625 0.189671875 0.3479515625 0.200253125 0.2169578125 0.3516109375 0.39208906250000003 0.40128125
1 0.2110109375 0.354425 0.050303125000000004 0.5388265624999999 0.1848953125 0.678984375 0.39435312499999997 0.40128125 0.2110109375 0.354425
1 0.23025 0.2108328125 0.351346875 0.20478749999999998 0.45773125 0.077821875 0.31965781249999997 0.10654062500000001 0.23025 0.2108328125
1 0.34640781249999997 0.20553125 0.23000625000000002 0.20994687500000003 0.1195078125 0.3247265625 0.21654843750000002 0.3509 0.34640781249999997 0.20553125
1 0 0.465890625 0.0525671875 0.5342921875 0.21440625 0.3559359375 0.1114171875 0.3272171875 0 0.450159375 0 0.465890625
0 1 0.7874 0.983990625 0.788221875 0.9681468750000001 0.7685734375 0.9432484375 0.7625265625 0.9217453125 0.76555 0.8968468749999999 0.7685734375 0.8832656249999999 0.7836875 0.8923203125000001 0.816940625 0.9036375 0.8320562499999999 0.9206125000000001 0.8381015625 0.9353265625 0.8501937500000001 0.9455109374999999 0.8441468750000001 0.956828125 0.8532171875 0.9726734374999999 0.863796875 0.9794640625 0.8532171875 0.999834375 0.8320562499999999 1 0.8317765625 1 0.7874
0 1 0.36295 0.9919125 0.37105156250000004 0.9749375 0.36500468750000004 0.9545656250000001 0.3786078125 0.9194812499999999 0.47232031250000006 0.9285359375000001 0.470809375 0.9387203124999999 0.4692984375 0.9624874999999999 0.47685468750000004 0.9726734374999999 0.4904578125 1 0.5024328125 1 0.36295
0 0.7649765625 1 0.768959375 0.9968078125 0.768959375 0.9711124999999999 0.7712234375 0.9514640625 0.7742953124999999 0.925775 0.7904625000000001 0.930303125 0.7927265625000001 0.9030953125 0.7802765625 0.8849578125 0.7848046875 0.8486812499999999 0.781409375 0.8244984375 0.7633015624999999 0.8290328125 0.746325 0.8486812499999999 0.7225578125000001 0.8819343749999999 0.708978125 0.933325 0.7021875 0.96204375 0.694265625 0.9998312500000001 0.6946921875000001 1 0.7649765625 1
0 0.8323375000000001 0.2985 0.7995171875 0.301521875 0.7666968749999999 0.30605625000000003 0.71803125 0.301521875 0.70445 0.31965937499999997 0.7021875 0.348378125 0.7112406250000001 0.366515625 0.7361390625 0.3755859375 0.7621687500000001 0.3740734375 0.7848046875 0.3725625 0.8017796875000001 0.3725625 0.8187562500000001 0.366515625 0.8300734375 0.358959375 0.8431374999999999 0.331465625 0.8515765625 0.32268281249999997 0.8323375000000001 0.2985
0 0.7666968749999999 0.466275 0.77688125 0.45418281250000003 0.7621687500000001 0.43906718749999996 0.7519843749999999 0.4299984375 0.73274375 0.43906718749999996 0.7169 0.44813749999999997 0.7055828125 0.45115937500000003 0.6908703125 0.44813749999999997 0.6761578125 0.4405796875 0.6625765625 0.4405796875 0.6478640625 0.44360156249999994 0.6478640625 0.45720625000000004 0.6569171875 0.46778593749999997 0.7361390625 0.4904578125 0.7563765625000001 0.4825609375 0.7587734375 0.47232031250000006 0.7666968749999999 0.466275
0 0.8323375000000001 0.703578125 0.8232828124999999 0.7126484375000001 0.825546875 0.7262515625 0.8478515625 0.7243140625 0.84591875 0.7111359375 0.8323375000000001 0.703578125
0 0.65449375 0.2499171875 0.6456500000000001 0.2493265625 0.6394578125 0.2587765625 0.6385734375000001 0.26763593750000003 0.6390156250000001 0.2747234375 0.633709375 0.2812203125 0.628403125 0.28476406249999997 0.6213265625 0.2859453125 0.6155781250000001 0.2918515625 0.6133671875 0.2977578125 0.617346875 0.30543593750000003 0.624865625 0.3060265625 0.631940625 0.3001203125 0.6390156250000001 0.2977578125 0.6456500000000001 0.2989390625 0.6513984374999999 0.2989390625 0.6549359375 0.2977578125 0.658915625 0.2918515625 0.659359375 0.2835828125 0.6598015625 0.2776765625 0.6555500000000001 0.26713593750000003 0.6598015625 0.2581859375 0.65449375 0.2499171875
0 0.8910843749999999 0.18672187499999998 0.8897578125000001 0.1843609375 0.8809125 0.1766828125 0.8703 0.1772734375 0.857475 0.1814078125 0.8565906249999999 0.1819984375 0.8490734375000001 0.18967499999999998 0.8389015625 0.197353125 0.8234234375 0.20325937500000002 0.809271875 0.21270937499999998 0.8021968749999999 0.22156875 0.8070609375 0.22688437499999997 0.8110421875 0.22570312499999998 0.82873125 0.21920625 0.8335953125 0.21920625 0.8397859375 0.22038750000000001 0.843765625 0.223340625 0.8534953125 0.22570312499999998 0.8641078125 0.21684375 0.8729531250000001 0.2133 0.8831234374999999 0.20680312500000003 0.8913828125000001 0.190384375 0.8910843749999999 0.18672187499999998
0 0.9025812500000001 0.1441984375 0.8959484375000001 0.1441984375 0.8862203125000001 0.14537968750000002 0.8804703125 0.14656093750000002 0.87560625 0.1489234375 0.8698578124999999 0.15187656249999998 0.8596859374999999 0.1542390625 0.85216875 0.1583734375 0.8552640625000001 0.1625078125 0.8760484375 0.16073593749999998 0.88843125 0.1654609375 0.89904375 0.1613265625 0.9043515624999999 0.1589640625 0.9087734375000001 0.1595546875 0.916290625 0.16073593749999998 0.9230734375 0.154959375 0.9114265625 0.1447890625 0.9025812500000001 0.1441984375
0 0.5319984375 0.2505078125 0.5244796875 0.2534609375 0.523153125 0.2605484375 0.5262484374999999 0.2640921875 0.5333249999999999 0.2635015625 0.539475 0.2582796875 0.53863125 0.25523281249999996 0.5319984375 0.2505078125
0 0.6695296875000001 0.0698609375 0.662896875 0.0716328125 0.657146875 0.0739953125 0.6549359375 0.0787203125 0.6496296874999999 0.084034375 0.648303125 0.09289375 0.6575890625 0.09407499999999999 0.66555 0.08757812499999999 0.671740625 0.0739953125 0.6695296875000001 0.0698609375
0 0.747803125 0.5764203125 0.74338125 0.5728765625000001 0.7438234375 0.5628359374999999 0.746034375 0.5598828124999999 0.749571875 0.5563390625 0.749571875 0.5474812499999999 0.7464765625 0.533896875 0.7385171875000001 0.5250375 0.7265765625 0.5279906249999999 0.715078125 0.5398031249999999 0.7168484375 0.545709375 0.7239234375 0.5516140625 0.7283453125 0.5563390625 0.73055625 0.5604734375 0.7309984375 0.5728765625000001 0.727903125 0.5799640625 0.7301140625 0.5911859374999999 0.7363062499999999 0.5959109375 0.7486875000000001 0.6018171875 0.7619546875000001 0.5982734375 0.7685875 0.5923671875000001 0.7637234375 0.5870515625 0.75620625 0.5781921875 0.747803125 0.5764203125
0 0.6611281250000001 0.62603125 0.66555 0.6106765625 0.657146875 0.5947296875 0.6491875 0.5870515625 0.6399 0.5829171875 0.628403125 0.5953203125 0.6222125000000001 0.6018171875 0.61469375 0.6071328125 0.608503125 0.6118578125 0.600984375 0.6094953125 0.5961203125 0.5994546875 0.5934671875 0.5923671875000001 0.5921406250000001 0.5894140625000001 0.5824109375 0.5758296875 0.5709140625 0.5734671875 0.5549937500000001 0.5722859375 0.5434953124999999 0.5728765625000001 0.5373046875 0.5770109375 0.5315562500000001 0.5817359375 0.5165203125 0.5947296875 0.5165203125 0.6047703125 0.51873125 0.615990625 0.5235953125 0.625440625 0.527575 0.6331187500000001 0.5328828125 0.639615625 0.5399578125 0.64375 0.548803125 0.6413875 0.5545515625 0.638434375 0.5673765625 0.6366625 0.5771046875 0.6331187500000001 0.5801999999999999 0.631346875 0.5855078125000001 0.6402062500000001 0.5797578125 0.648475 0.581084375 0.6602875 0.5806421875 0.66265 0.5815265625 0.6721 0.5894874999999999 0.6732812499999999 0.5925828125 0.6661937499999999 0.5943515625 0.6614687499999999 0.6054078125 0.6508375 0.608503125 0.648475 0.61823125 0.6413875 0.6186734375 0.6461125 0.6217703125 0.6532 0.6226546875000001 0.657334375 0.6244234375 0.6650125 0.628403125 0.6697375 0.6399 0.667375 0.6421125 0.660878125 0.6456500000000001 0.652609375 0.64596875 0.6459765625 0.6558203125000001 0.6319375 0.6611281250000001 0.62603125
0 0.501484375 0.5392125 0.4983890625 0.525628125 0.490871875 0.522675 0.4837953125 0.53330625 0.476278125 0.544528125 0.47052812499999996 0.5557484374999999 0.47052812499999996 0.5675609374999999 0.4722984375 0.5793734374999999 0.478046875 0.5876421875 0.4837953125 0.5852796875 0.48954375 0.5823265625 0.49794687499999996 0.5811453125 0.5045796874999999 0.5764203125 0.507675 0.5716953124999999 0.5103296875 0.5657890625 0.5112140625 0.5592921875 0.5054640625 0.545709375 0.501484375 0.5392125
0 0.570471875 0.8309203125 0.562953125 0.8232437499999999 0.5563203125 0.821471875 0.546590625 0.8220625 0.5417265625 0.8321015624999999 0.541284375 0.8439140625 0.5408421875 0.8533640625000001 0.5408421875 0.8628140625 0.547034375 0.8651765625 0.552340625 0.8622234375 0.5580890625 0.8586796874999999 0.5633953125 0.8504109375000001 0.562953125 0.8527734375 0.570471875 0.8456859375000001 0.570471875 0.8309203125
0 0.55909375 1 0.5607421875 0.9939031249999999 0.5554359375 0.987996875 0.5501296875 0.9862249999999999 0.5457062500000001 0.99095 0.5430531249999999 0.99921875 0.5430531249999999 1 0.55909375 1
0 0.35555 0.8203156249999999 0.35731875 0.8126374999999999 0.362184375 0.8085046874999999 0.368375 0.8073234375 0.3750078125 0.8037796875 0.383853125 0.7978734375000001 0.39004374999999997 0.7937390625 0.396678125 0.7872421875 0.40817500000000007 0.7766109375 0.41348124999999997 0.7695234375 0.4161359375 0.7594828125 0.418346875 0.747671875 0.418346875 0.7459 0.4179046875 0.73526875 0.4179046875 0.7340875 0.421884375 0.724046875 0.428959375 0.7228656250000001 0.4342671875 0.7199125000000001 0.4373625 0.715778125 0.4373625 0.703965625 0.42984375 0.6992406250000001 0.42321093750000005 0.69746875 0.41746249999999996 0.6915625000000001 0.409059375 0.69274375 0.40994374999999994 0.705146875 0.40817500000000007 0.708690625 0.4011 0.7098718749999999 0.3980046875 0.70455625 0.3975625 0.69510625 0.4006578125 0.6868390625 0.4024265625 0.6785703125 0.4041953125 0.6714828125000001 0.4041953125 0.6596703125000001 0.403753125 0.6567171875 0.410828125 0.6395890625 0.4117125 0.62600625 0.4095015625 0.6130125 0.40640625 0.6029718749999999 0.398446875 0.6130125 0.3918125 0.61655625 0.38827500000000004 0.6147843749999999 0.37943125 0.6159656250000001 0.3705859375 0.61891875 0.3705859375 0.6265953125 0.3767765625 0.6301390625 0.3825265625 0.6313203125 0.3807578125 0.6372265625 0.378546875 0.6395890625 0.376334375 0.6437234375 0.37545 0.6496296874999999 0.3741234375 0.6561265625 0.372796875 0.6614421875 0.3714703125 0.6714828125000001 0.363953125 0.6744359375 0.35643437499999997 0.6726640625 0.352896875 0.6773890625 0.3471484375 0.688609375 0.3427265625 0.690971875 0.331228125 0.6892 0.32326875 0.6838859375 0.3117703125 0.6773890625 0.3064640625 0.6738453125 0.2883328125 0.6626234375 0.2839109375 0.6514015625 0.2883328125 0.6431328125 0.29319687499999997 0.6425421874999999 0.306021875 0.6395890625 0.33299687499999997 0.618328125 0.3418421875 0.6130125 0.3387453125 0.599428125 0.33034375 0.59293125 0.3250375 0.5923406250000001 0.3082328125 0.60001875 0.298503125 0.600609375 0.284353125 0.601790625 0.2710859375 0.6029718749999999 0.262240625 0.605334375 0.2529546875 0.607696875 0.1962921875 0.6838859375 0.3329390625 0.8409875 0.337803125 0.83980625 0.3422265625 0.836853125 0.34576406249999997 0.83508125 0.3515703125 0.8339000000000001 0.3542234375 0.83035625 0.35555 0.8203156249999999
0 0.4081171875 0.508578125 0.399715625 0.50916875 0.3952921875 0.513303125 0.3913125 0.5198 0.388659375 0.5268875000000001 0.38600625 0.5339750000000001 0.381584375 0.5387 0.38556406249999997 0.5434249999999999 0.3891015625 0.53751875 0.39485000000000003 0.5339750000000001 0.3983890625 0.523934375 0.4090015625 0.5174375 0.4081171875 0.508578125
0 0.359915625 0.39459062500000003 0.3537234375 0.39045625 0.34576406249999997 0.39045625 0.34266874999999997 0.39518125 0.337803125 0.39990625 0.3316125 0.399315625 0.32719062499999996 0.39459062500000003 0.32055625 0.39222812500000004 0.314365625 0.39518125 0.3059640625 0.400496875 0.3002140625 0.40463125 0.2918125 0.40699375 0.2851796875 0.411128125 0.2789875 0.41762499999999997 0.27323906249999996 0.420578125 0.265721875 0.42589375 0.265721875 0.43002812500000004 0.27147031250000003 0.44006875 0.278103125 0.44420312500000003 0.2869484375 0.445384375 0.296234375 0.44065937499999996 0.308175 0.43770625 0.319671875 0.43770625 0.3320546875 0.431209375 0.3431109375 0.42234999999999995 0.348859375 0.41762499999999997 0.3572609375 0.40522187499999995 0.359915625 0.39459062500000003
0 0.214875 0.6132875 0.214875 0.6008843749999999 0.20558749999999998 0.59793125 0.20028125000000002 0.6062000000000001 0.1945328125 0.6168312499999999 0.1909953125 0.6262796875000001 0.1817078125 0.6357296875 0.1764015625 0.6345484375 0.1710953125 0.6262796875000001 0.1715375 0.6191921875 0.1764015625 0.61446875 0.1825921875 0.60974375 0.1861296875 0.603246875 0.18745625 0.6008843749999999 0.18966875 0.5961593749999999 0.1909953125 0.58611875 0.197628125 0.5796218750000001 0.20381875 0.5748968750000001 0.2113375 0.558359375 0.2060296875 0.5483203125 0.197628125 0.5530453125 0.1918796875 0.563675 0.1870140625 0.5678093750000001 0.18038125 0.5695812499999999 0.17817031249999998 0.5802125 0.170209375 0.5813937499999999 0.1662296875 0.584346875 0.15871249999999998 0.58848125 0.1507515625 0.598521875 0.1463296875 0.603246875 0.1410234375 0.6050187499999999 0.137928125 0.6062000000000001 0.1330625 0.6062000000000001 0.12819843749999998 0.609153125 0.1259875 0.61210625 0.1825921875 0.6735296875000001 0.1909953125 0.6640796875 0.19409062500000002 0.6569921875 0.197628125 0.6463609375 0.199396875 0.6434078125 0.2051453125 0.6363203125 0.20779999999999998 0.6203734375 0.214875 0.6132875
0 0.1635765625 0.5264671875 0.1635765625 0.5187890625 0.1538484375 0.5199703125 0.149425 0.5306015625 0.14544531249999998 0.5353265625 0.1427921875 0.5430046875000001 0.14058125 0.5495015624999999 0.1419078125 0.5559984375 0.1480984375 0.5559984375 0.1516375 0.5554078125 0.155175 0.5506828125000001 0.15473281249999998 0.5465484375 0.1556171875 0.5465484375 0.163134375 0.5370984375 0.1635765625 0.5264671875
0 0.582565625 0.1518296875 0.5918515625 0.138246875 0.5927359375 0.131159375 0.5909671875 0.12584375 0.5847765625 0.12348125000000001 0.575046875 0.129978125 0.569740625 0.132340625 0.5648765625000001 0.14060937499999998 0.56531875 0.14710625 0.571509375 0.14946874999999998 0.57593125 0.144153125 0.580009375 0.1475796875 0.582565625 0.1518296875
0 0.4534359375 0.10280937500000001 0.45078281249999996 0.103990625 0.44768749999999996 0.108125 0.4463609375 0.109896875 0.4459171875 0.11403125 0.446803125 0.119346875 0.4498984375 0.1199375 0.4534359375 0.1199375 0.4569734375 0.11521250000000001 0.4578578125 0.10458125 0.4534359375 0.10280937500000001
0 0.46877031249999995 0.20128906249999998 0.46711875 0.20128906249999998 0.46404843749999997 0.20223437500000002 0.4614515625 0.20318125 0.4595625 0.20665 0.4576734375 0.2082265625 0.45531249999999995 0.21106406249999998 0.45059062499999997 0.21579375 0.4477578125 0.22147031250000002 0.4456328125 0.2233625 0.4439796875 0.22872343750000002 0.4423265625 0.23187656250000002 0.44586875 0.23345312499999998 0.4491734375 0.22966875 0.4524796875 0.22683124999999998 0.45554843749999996 0.22210156250000002 0.459090625 0.21989375 0.4626328125 0.2173703125 0.467590625 0.21358749999999999 0.47136875 0.20570312500000001 0.46877031249999995 0.20128906249999998
0 0.454021875 0.24921406250000003 0.455675 0.24574531249999998 0.450953125 0.24290625000000002 0.44930000000000003 0.24574531249999998 0.44741093750000005 0.24889843749999999 0.4464671875 0.250475 0.4452859375 0.25268125 0.4448140625 0.25520468749999997 0.449625 0.2535453125 0.45213281250000004 0.2523671875 0.454021875 0.24921406250000003
0 0.2523859375 0.3192171875 0.25215 0.3230015625 0.2523859375 0.3255234375 0.2561640625 0.326784375 0.258053125 0.32773125 0.264428125 0.33056874999999997 0.266553125 0.33056874999999997 0.2677328125 0.33056874999999997 0.27316406249999997 0.3321453125 0.27646875 0.331515625 0.28048281249999996 0.3293078125 0.28355312499999996 0.326784375 0.2885109375 0.3242625 0.28921874999999997 0.317640625 0.295121875 0.31164843750000004 0.296065625 0.3088109375 0.30267656249999997 0.3103875 0.3071640625 0.3122796875 0.307871875 0.3125953125 0.3102328125 0.31574843750000003 0.313775 0.31669375 0.3199125 0.31196406250000003 0.322275 0.314171875 0.325815625 0.314171875 0.32959375 0.3129109375 0.33171875 0.3103875 0.331246875 0.304396875 0.33053750000000004 0.300928125 0.3277046875 0.2980890625 0.323690625 0.2993515625 0.32156562499999997 0.300296875 0.3196765625 0.300296875 0.3144828125 0.29998125 0.3090515625 0.29745937499999997 0.3102328125 0.29430625 0.3107046875 0.29083749999999997 0.315190625 0.28736875 0.318496875 0.2839 0.3218015625 0.2820078125 0.32251093750000004 0.282953125 0.3243984375 0.2861078125 0.32534375 0.2867375 0.3303015625 0.28547656250000003 0.33266249999999997 0.2813765625 0.334315625 0.2785390625 0.33502343749999997 0.273809375 0.333371875 0.273178125 0.3262875 0.273178125 0.3284125 0.26970937500000003 0.3298296875 0.267503125 0.333371875 0.266240625 0.33738437499999996 0.259934375 0.33171875 0.2586734375 0.32746875000000003 0.2583578125 0.3251078125 0.2577265625 0.320621875 0.25961875 0.31707968750000004 0.26371875 0.312121875 0.2649796875 0.31046874999999996 0.2678171875 0.3092890625 0.270340625 0.305275 0.274125 0.3012609375 0.2785390625 0.297246875 0.2794859375 0.298428125 0.2747546875 0.3022046875 0.27128593749999996 0.3074 0.266871875 0.3111765625 0.260565625 0.31210468750000003 0.2530203125 0.2523859375 0.3192171875
0 0.29346875 0.15054218749999998 0.29157968749999996 0.15180312499999998 0.2906359375 0.15275 0.288275 0.155271875 0.2873296875 0.15747968750000002 0.2868578125 0.1612640625 0.284496875 0.16315625 0.28284375 0.16378593749999998 0.2800109375 0.1647328125 0.2774140625 0.16599375 0.2748171875 0.16883125000000002 0.275053125 0.171984375 0.279775 0.171984375 0.2842609375 0.1704078125 0.288275 0.16883125000000002 0.2922890625 0.166625 0.295121875 0.165678125 0.2989 0.162209375 0.299371875 0.15716406249999998 0.2979546875 0.1511734375 0.29346875 0.15054218749999998
0 0.34635781250000003 0.1927828125 0.3430515625 0.188684375 0.3362046875 0.18742187500000002 0.33266249999999997 0.1871078125 0.32392656249999996 0.19120625 0.31589999999999996 0.19120625 0.307871875 0.19120625 0.301025 0.1893140625 0.2979546875 0.1893140625 0.29559375 0.190575 0.2953578125 0.1962515625 0.2965390625 0.197828125 0.299371875 0.20098124999999997 0.3012609375 0.2022421875 0.3357328125 0.20098124999999997 0.34063125 0.1989078125 0.3430515625 0.1965671875 0.34635781250000003 0.1927828125
0 0.3033859375 0.20946718749999998 0.2974828125 0.20852187500000002 0.29346875 0.2088375 0.2906359375 0.2097828125 0.288746875 0.21230625 0.2873296875 0.214196875 0.2837890625 0.21735156249999998 0.2800109375 0.22428750000000003 0.2816640625 0.2264953125 0.28473281250000004 0.22681093749999998 0.288746875 0.228703125 0.2932328125 0.22933281249999998 0.296775 0.22681093749999998 0.2991359375 0.2261796875 0.30196875 0.22491875 0.3043296875 0.22271093749999998 0.3069265625 0.2195578125 0.3101375 0.211778125 0.3033859375 0.20946718749999998
0 0.2557421875 0.22571249999999998 0.253853125 0.2276046875 0.25125625 0.2317046875 0.248659375 0.23485781249999998 0.24464531250000002 0.23895624999999998 0.2396859375 0.2452640625 0.23638125 0.24715625000000002 0.2318953125 0.24999375000000001 0.228353125 0.25630000000000003 0.2292984375 0.2604 0.234728125 0.2585078125 0.2366171875 0.257246875 0.240159375 0.2540921875 0.24228437500000002 0.250625 0.24440937499999998 0.24936250000000001 0.250075 0.24652500000000002 0.254796875 0.24337187500000002 0.2566859375 0.23895624999999998 0.258575 0.23580312499999997 0.263296875 0.23264999999999997 0.26315625 0.2267515625 0.2557421875 0.22571249999999998
0 0.19175625000000002 0.253778125 0.1908125 0.25503906249999997 0.1905765625 0.256615625 0.191284375 0.25976875 0.1922296875 0.2644984375 0.1952984375 0.26828281249999997 0.1983671875 0.2679671875 0.202853125 0.2676515625 0.20757656249999998 0.2632375 0.20993750000000003 0.2610296875 0.2139515625 0.2540921875 0.21938125 0.2484171875 0.22339531250000003 0.246840625 0.22788124999999998 0.24589375000000002 0.23331249999999998 0.24274062500000002 0.23638125 0.23990312500000002 0.23921406250000002 0.23548906249999998 0.243228125 0.2285515625 0.24464531250000002 0.22255937499999998 0.24346406250000002 0.21593749999999998 0.23756093749999999 0.21309999999999998 0.23449218749999998 0.2184609375 0.23213124999999998 0.22098281250000001 0.2290625 0.22255937499999998 0.22575625000000002 0.22319062500000003 0.2207984375 0.22255937499999998 0.19175625000000002 0.253778125
0 0.2224515625 0.32661875 0.2264640625 0.322834375 0.2328390625 0.3190515625 0.23638125 0.313690625 0.24228437500000002 0.30990625 0.244171875 0.30296875 0.24299218749999998 0.29855468749999997 0.23803437500000002 0.2957171875 0.23236718750000002 0.29729375 0.2255203125 0.3007625 0.2207984375 0.3058078125 0.2174921875 0.3092765625 0.214659375 0.31400625 0.2101734375 0.3190515625 0.2004921875 0.32125781249999996 0.1950625 0.3215734375 0.18656250000000002 0.31936718750000004 0.1842015625 0.31842031249999997 0.18136875 0.317475 0.17711875 0.3149515625 0.174284375 0.313375 0.1568125 0.3187359375 0.1546875 0.3225203125 0.154215625 0.32598906250000004 0.1527984375 0.3291421875 0.1561046875 0.33071875 0.21607656249999999 0.34743124999999997 0.2248125 0.33828593749999997 0.224103125 0.33513281250000004 0.221978125 0.32851093750000004 0.2224515625 0.32661875
0 0.1594625 0.3413359375 0.1571 0.34385937499999997 0.1552125 0.34480468750000004 0.1526140625 0.347328125 0.1509625 0.34985 0.14930937500000002 0.353003125 0.1490734375 0.35615625 0.14978125 0.3583640625 0.152378125 0.359940625 0.155684375 0.3545796875 0.160878125 0.34764218750000003 0.1594625 0.3413359375
0 0.1148375 0.34699843750000003 0.10846249999999999 0.3567734375 0.1027953125 0.36024218750000003 0.10114375 0.3633953125 0.098309375 0.3652875 0.09311562500000001 0.3697015625 0.0860328125 0.37254062499999996 0.0822546875 0.3763234375 0.0848515625 0.3829453125 0.0935875 0.38672968750000003 0.10114375 0.38010781250000003 0.1091703125 0.3703328125 0.1155453125 0.3633953125 0.1231015625 0.3564578125 0.1245171875 0.348890625 0.1290046875 0.3425828125 0.1148375 0.34699843750000003
0 0.058171875 0.488896875 0.050853125 0.48416718750000004 0.049671875 0.48732031249999996 0.0440046875 0.49709531250000005 0.04164375 0.5040328125 0.043532812500000004 0.5109703125 0.0456578125 0.5169625 0.0492 0.5216921875 0.0541578125 0.5242140625 0.059824999999999996 0.5185390625 0.06407500000000001 0.515384375 0.0664359375 0.5122312499999999 0.06997656249999999 0.5084484375 0.071865625 0.5043484375 0.07045 0.5015109375 0.062421875 0.49205 0.058171875 0.488896875
0 0.034796875 0.4128890625 0.03314375 0.4150953125 0.029367187500000003 0.41856406249999994 0.026532812500000003 0.42077187499999996 0.0239359375 0.42329375 0.02063125 0.4258171875 0.018034375 0.4324390625 0.016853125 0.43842968750000005 0.019450000000000002 0.43748437500000004 0.029367187500000003 0.4362234375 0.0336171875 0.433384375 0.036449999999999996 0.4324390625 0.040228124999999997 0.42518593750000006 0.040935937500000005 0.42045625 0.039046874999999995 0.4150953125 0.034796875 0.4128890625