1 1 0.7024203124999999 0.561034375 0.3455375 0.0993765625 0.4361 0.29709375 1 0.8394078125 1 1 0.94034375 1 0.7024203124999999
1 1 0.32854375 0.9115781249999999 0.26983437499999996 0.5486609375 0.342446875 1 0.69160625 1 0.32854375
1 0.9012687500000001 0.27137968749999997 1 0.31772812500000003 0.9997203125 0.24948593749999998 0.9012687500000001 0.27137968749999997
1 1 0.16941250000000002 0.8208484374999999 0.10761562499999999 0.5993765625 0.138803125 0.9115781249999999 0.2760140625 1 0.24975 1 0.16941250000000002
1 0.542475 0.3455375 0.9053921875000001 0.272925 0.5960875 0.135425 0.3330546875 0.1761265625 0.542475 0.3455375
1 0.32596250000000004 0.1755921875 0.0207828125 0.2111265625 0.097659375 0.4322390625 0.542475 0.3470828125 0.32596250000000004 0.1755921875
1 0 0.1606578125 0.022128125000000002 0.21327968749999998 0.33461562499999997 0.17209687499999998 0.21857812499999998 0.08744531250000001 0 0.1080359375 0 0.1606578125
1 0.5960875 0.140059375 0.42755625 0.060295312499999996 0.4311265625 0.058176562499999994 0.2022421875 0.07980625 0.32596250000000004 0.172503125 0.5960875 0.140059375
1 0.422878125 0.0612671875 0.59815 0.1338796875 0.8208484374999999 0.104525 0.6079687500000001 0.042278125 0.422878125 0.0612671875
0 0.5392781249999999 0.7322171875000001 0.5639078125 0.7289609375 0.5856390625000001 0.7289609375 0.605921875 0.74415625 0.6146140625000001 0.7636953125 0.6160625 0.7821484375 0.6160625 0.793003125 0.6146140625000001 0.8006 0.5885359375 0.793003125 0.568253125 0.7810625 0.55086875 0.7788921875 0.5450734374999999 0.7788921875 0.5291375 0.7810625 0.5204453124999999 0.799515625 0.5276890625 0.8081984375 0.5349328125 0.815796875 0.5523171875 0.8320796874999999 0.5697015624999999 0.8418484375 0.5769453125 0.8581296875 0.5769453125 0.8689843749999999 0.5668046875 0.8874375000000001 0.56535625 0.8993781249999999 0.601575 0.9134890625000001 0.6218578124999999 0.9232578124999999 0.6377937499999999 0.9210875 0.6450375 0.9015484375 0.6522812499999999 0.8809250000000001 0.6580765625 0.875496875 0.684153125 0.8852671875 0.685603125 0.8852671875 0.71023125 0.892865625 0.7305140625 0.8961218750000001 0.7478984375 0.8950359375 0.775425 0.8874375000000001 0.7957078125 0.8494468749999999 0.7783234375 0.802771875 0.7594890624999999 0.7202765624999999 0.73920625 0.6475500000000001 0.7015390625 0.5954484375 0.6653203125 0.56505625 0.6102671875000001 0.515125 0.5740484375 0.453253125 0.5769453125 0.42720156249999997 0.601575 0.4152625 0.5697015624999999 0.383784375 0.5479703125000001 0.36533125 0.5334828125 0.359903125 0.4001984375 0.3892109375 0.408890625 0.409834375 0.4132375 0.41851874999999994 0.3958515625 0.4228609375 0.37701875 0.43371562499999994 0.3683265625 0.443484375 0.372671875 0.453253125 0.372671875 0.4706203125 0.372671875 0.48473125 0.379915625 0.5010140625 0.3973015625 0.5172953125 0.423378125 0.5227234375 0.4364171875 0.5205515625 0.44800781250000005 0.509696875 0.4538015625 0.5053546875 0.4653921875 0.4923296875 0.4653921875 0.49124375000000003 0.48567499999999997 0.49884218750000003 0.49436718749999997 0.5107828125 0.49726406250000005 0.5270640625 0.49726406250000005 0.5357484375 0.49871406250000005 0.5444312499999999 0.495815625 0.556371875 0.4914703125 0.5672265624999999 0.48712343750000003 0.5726546875 0.47843125000000003 0.58785 0.47843125000000003 0.6052171875 0.4914703125 0.6139015624999999 0.5030593750000001 0.6171578125 0.49871406250000005 0.6301828125 0.46249531250000003 0.6258421875 0.44655781250000004 0.619328125 0.43062187500000004 0.6171578125 0.42192968750000004 0.616071875 0.40744218749999994 0.6236703125 0.40744218749999994 0.6290984374999999 0.437865625 0.6453796875 0.4422125 0.649721875 0.4393140625 0.652978125 0.408890625 0.6616625 0.40164687499999996 0.666003125 0.40744218749999994 0.6703453125000001 0.4132375 0.6790296875 0.4262765625 0.69096875 0.4393140625 0.7029093750000001 0.46249531250000003 0.7029093750000001 0.48712343750000003 0.696396875 0.4187 0.8001078125 0.4567 0.8049421875 0.474084375 0.8081984375 0.488571875 0.8125406249999999 0.5045078125 0.8114546875 0.5088546875 0.799515625 0.5030593750000001 0.7810625 0.5030593750000001 0.759353125 0.5088546875 0.746328125 0.5262390625 0.7354734374999999 0.5392781249999999 0.7322171875000001
0 0.9713765625 0.688515625 0.937865625 0.671621875 0.9177640625000001 0.69160625 0.9053921875000001 0.7147796875 0.9053921875000001 0.7394999999999999 0.9198265625 0.7549484375 0.9425078125 0.759584375 0.9610671875 0.7425890625 0.9734390625 0.727140625 0.9816874999999999 0.7147796875 0.9775625 0.6946953125 0.9713765625 0.688515625
0 0.3589546875 0.8739109375 0.328025 0.9032640625000001 0.344521875 0.9187140625 0.3610171875 0.920259375 0.3857625 0.9140796874999999 0.4001953125 0.9063546875 0.4043203125 0.8939953125000001 0.4043203125 0.8785453125 0.39813437500000004 0.864640625 0.38370000000000004 0.864640625 0.3589546875 0.8739109375
0 0.2805984375 0.2962359375 0.2929703125 0.2792421875 0.30328125 0.2576125 0.30534218750000003 0.24061875000000002 0.30121875 0.21744375 0.286784375 0.20508437499999999 0.2537921875 0.197359375 0.22080000000000002 0.1942703125 0.1878078125 0.20044843750000002 0.181621875 0.2066296875 0.18574531249999998 0.2267140625 0.1733734375 0.2421625 0.1610015625 0.252978125 0.1589390625 0.2653375 0.16924843750000002 0.2730625 0.1878078125 0.2885109375 0.21255156249999999 0.2993265625 0.2393578125 0.30550625 0.2785359375 0.30087031249999996 0.2805984375 0.2962359375
0 0.3775140625 0.330225 0.41256875 0.333315625 0.4270015625 0.333315625 0.4703046875 0.3317703125 0.476490625 0.32559062499999997 0.4826765625 0.317865625 0.48886250000000003 0.3116859375 0.3708546875 0.22631874999999999 0.3610171875 0.2467984375 0.36720312499999996 0.2576125 0.379575 0.2792421875 0.371328125 0.29314687500000003 0.3610171875 0.30241562499999997 0.344521875 0.3039609375 0.315653125 0.32559062499999997 0.3321484375 0.3317703125 0.35689375 0.333315625 0.3775140625 0.330225
0 0.259978125 0.365759375 0.2677625 0.382046875 0.2929703125 0.3873875 0.32596250000000004 0.3812078125 0.3177140625 0.37039374999999997 0.3177140625 0.36266875 0.3115296875 0.3410390625 0.29709375 0.3394953125 0.2744125 0.3410390625 0.259978125 0.35185468750000004 0.259978125 0.365759375
0 0.6579484375 0.2684265625 0.6620734374999999 0.2514328125 0.6785687499999999 0.2344375 0.6930031249999999 0.222078125 0.6868171875 0.20199375000000003 0.668259375 0.197359375 0.6476390624999999 0.17727500000000002 0.612584375 0.157190625 0.5940265625000001 0.16028125 0.5899015624999999 0.1710953125 0.5960875 0.1865453125 0.610521875 0.1989046875 0.614646875 0.21744375 0.602275 0.22825781250000002 0.5899015624999999 0.2344375 0.56928125 0.23289374999999998 0.561034375 0.2267140625 0.5404140625 0.21280937500000002 0.51979375 0.197359375 0.4929875 0.18190937499999998 0.4682421875 0.1865453125 0.4682421875 0.20353906249999998 0.4723671875 0.214353125 0.4991734375 0.2344375 0.4929875 0.2437078125 0.476490625 0.254521875 0.49504843750000005 0.2715171875 0.51566875 0.277696875 0.530103125 0.277696875 0.5466 0.2684265625 0.5598578125 0.26106875 0.5651578125000001 0.2730625 0.5672203125 0.2792421875 0.57134375 0.2885109375 0.5816546875 0.30087031249999996 0.5960875 0.3085953125 0.6208328125 0.30241562499999997 0.62495625 0.29778125 0.6558875 0.2807859375 0.6579484375 0.2684265625
0 0.8785859374999999 0.185 0.860028125 0.185 0.8455937499999999 0.185 0.827034375 0.185 0.8146625000000001 0.1880890625 0.8043531249999999 0.1880890625 0.815871875 0.20444062500000001 0.829096875 0.21126406250000002 0.8517796875 0.22053281249999998 0.8724000000000001 0.22053281249999998 0.886834375 0.22053281249999998 0.89714375 0.2189890625 0.89920625 0.21744375 0.9074546874999999 0.20353906249999998 0.9074546874999999 0.1958140625 0.89920625 0.1865453125 0.8785859374999999 0.185
0 0.6824953125000001 0.11921718750000002 0.7018453124999999 0.11438437500000001 0.709584375 0.1066515625 0.704425 0.0969875 0.699265625 0.0931203125 0.685075 0.08732187500000001 0.6747546875 0.08152343749999999 0.664434375 0.07475781249999999 0.6566953125 0.07185781249999999 0.6437953125 0.07185781249999999 0.634765625 0.0728234375 0.6257343750000001 0.08055625 0.620575 0.08442187500000001 0.612525 0.0884453125 0.5909046874999999 0.0950546875 0.5857453125000001 0.10085312500000002 0.589615625 0.10761875000000001 0.612834375 0.11051875 0.6270249999999999 0.1095515625 0.641215625 0.1066515625 0.6489546875000001 0.1066515625 0.665725 0.111484375 0.673465625 0.117284375 0.6824953125000001 0.11921718750000002
0 0.4115953125 0.1327484375 0.414175 0.1288828125 0.42836562499999997 0.12405 0.44126562500000005 0.1153515625 0.4193359375 0.10471875 0.402565625 0.0969875 0.3845046875 0.097953125 0.3806359375 0.1066515625 0.37031562500000004 0.11051875 0.3587046875 0.12115000000000001 0.3419359375 0.1298484375 0.3264546875 0.1337140625 0.3290359375 0.14337968750000002 0.33935468750000003 0.152078125 0.3483859375 0.15691093750000001 0.389665625 0.1540109375 0.4232046875 0.14337968750000002 0.421915625 0.1404796875 0.4115953125 0.1395140625 0.4115953125 0.1327484375
0 0.2696953125 0.15014531250000002 0.252925 0.1482125 0.2426046875 0.13758125000000002 0.2297046875 0.1230828125 0.2129359375 0.11921718750000002 0.20519531249999998 0.1201828125 0.1858453125 0.1230828125 0.176815625 0.1269484375 0.17165468749999999 0.138546875 0.17036562500000002 0.1530453125 0.157465625 0.15691093750000001 0.136825 0.15691093750000001 0.10973593749999999 0.1607765625 0.09554531250000001 0.1675421875 0.0968359375 0.182040625 0.10070468749999999 0.184940625 0.125590625 0.1842578125 0.1484359375 0.18590625 0.1652046875 0.184940625 0.1871359375 0.182040625 0.20648593750000002 0.1772078125 0.234865625 0.172375 0.2684046875 0.1694765625 0.285175 0.1636765625 0.285175 0.15884375 0.2696953125 0.15014531250000002
0 0.7942296875 0.47242968750000003 0.8028281249999999 0.471140625 0.8165828125000001 0.46856406249999993 0.81314375 0.4518171875 0.8062671874999999 0.4479515625 0.7942296875 0.4466640625 0.770584375 0.44413437499999997 0.7753171875 0.45697031250000003 0.7942296875 0.47242968750000003