1 1 0.6991328125 0.552446875 0.35234375 0.0996984375 0.435903125 0.2968703125 1 0.8391375 1 1 0.9258796874999999 1 0.6991328125
1 0.09240781249999999 0.43570624999999996 0.5502234374999999 0.3506765625 0.3346515625 0.173946875 0.016365625 0.21506875 0.09240781249999999 0.43570624999999996
1 0.3257609375 0.1722796875 0.21266250000000003 0.083125 0.0012906249999999999 0.1089234375 0 0.167278125 0.016846875 0.2139609375 0.3257609375 0.1722796875
1 0.21241875000000002 0.0839140625 0.3235390625 0.1756140625 0.594671875 0.138934375 0.43118125 0.0664578125 0.21241875000000002 0.0839140625
1 0.42132500000000006 0.06224062500000001 0.5880046875 0.1372671875 0.8169124999999999 0.10725625000000001 0.60710625 0.04006875 0.42132500000000006 0.06224062500000001
1 1 0.1622765625 0.8124671875 0.10392187500000001 0.59245 0.138934375 0.9146984375 0.2739828125 0.9124765625 0.26898125 1 0.24897343749999998 1 0.1622765625
1 0.590228125 0.138934375 0.33020625 0.1722796875 0.5459953125 0.34423593750000003 0.8991421875000001 0.27565 0.590228125 0.138934375
1 1 0.2523078125 0.9126625 0.2720140625 1 0.31733125 1 0.2523078125
1 1 0.3189984375 0.910253125 0.2706484375 0.56578125 0.3473421875 1 0.7008 1 0.3189984375
0 0.5820484375 0.8570828125000001 0.5820484375 0.8737546875 0.5798265625 0.8920953125000001 0.5931609375 0.9037656249999999 0.610940625 0.9121015625 0.6220515625 0.92210625 0.6464984375 0.9237734375000001 0.6620546875 0.9004312499999999 0.6776125000000001 0.883759375 0.69316875 0.8770890625 0.733171875 0.8687531249999999 0.755396875 0.85208125 0.76873125 0.8320734375000001 0.7798421875 0.8120671875 0.782065625 0.78205625 0.7798421875 0.7620484375000001 0.7798421875 0.740375 0.755396875 0.695359375 0.74650625 0.67701875 0.7398390625 0.6570109375000001 0.7198375 0.64200625 0.6776125000000001 0.610328125 0.6642781249999999 0.5869875 0.6487203125 0.57198125 0.6331640625 0.5486390625 0.6176078125 0.520296875 0.5953828125 0.49028593750000005 0.577603125 0.4686109375 0.5753812500000001 0.4235953125 0.5709359375 0.39525156250000004 0.56426875 0.3769125 0.559825 0.36857656250000004 0.550934375 0.365240625 0.5487124999999999 0.36357343750000004 0.35536406249999997 0.39691875 0.37536562500000004 0.43193125 0.3887 0.4519390625 0.3953671875 0.47361250000000005 0.3887 0.48861875 0.39314375 0.50195625 0.4087015625 0.5102921874999999 0.45759375 0.5102921874999999 0.46648281249999995 0.4869515625 0.46648281249999995 0.47194531250000005 0.46870625 0.470278125 0.5064875 0.511959375 0.51093125 0.5186296875 0.5153765625 0.5319671875 0.5131546874999999 0.5486390625 0.49315312499999997 0.55864375 0.4909296875 0.5669796875 0.4909296875 0.59365625 0.4909296875 0.600325 0.5020421875000001 0.616996875 0.508709375 0.6236671874999999 0.4509265625 0.6219984375000001 0.428703125 0.6186640625 0.41536875 0.6219984375000001 0.41314531250000003 0.6336703124999999 0.417590625 0.645340625 0.433146875 0.652009375 0.4487046875 0.658678125 0.45981562499999995 0.6620140625000001 0.43759218750000006 0.6686828125 0.4353703125 0.680353125 0.43759218750000006 0.6853546875000001 0.467446875 0.7521296875 0.455371875 0.7687171875 0.44203749999999997 0.7753875 0.4109234375 0.7970609375000001 0.428703125 0.8020625000000001 0.4642609375 0.8087328125000001 0.48204062499999994 0.8103999999999999 0.5264890624999999 0.820403125 0.559825 0.8287390625000001 0.577603125 0.8387421875 0.5820484375 0.8570828125000001
0 0.34131875 0.8875328124999999 0.33020625 0.894203125 0.33242812499999996 0.9058734375 0.34354062500000004 0.9108750000000001 0.37465468749999997 0.9092078125 0.40354531250000003 0.90420625 0.40354531250000003 0.8892 0.3902109375 0.8808640625 0.370209375 0.8775296875 0.34131875 0.8875328124999999
0 0.2702015625 0.774159375 0.25686718750000004 0.7658234375 0.252421875 0.7658234375 0.24575468749999999 0.789165625 0.2552546875 0.79006875 0.2724234375 0.7874984375 0.2746453125 0.780828125 0.2702015625 0.774159375
0 0.2324203125 0.65911875 0.2502 0.65911875 0.267978125 0.6474484375 0.263534375 0.6324421874999999 0.24353281249999997 0.6224390625 0.214640625 0.6324421874999999 0.2168640625 0.655784375 0.2324203125 0.65911875
0 0.3054046875 0.6224390625 0.29207031250000004 0.6291078125 0.2898484375 0.6324421874999999 0.2898484375 0.642446875 0.3054046875 0.6507828124999999 0.3298515625 0.65245 0.33651875000000003 0.64578125 0.33651875000000003 0.634109375 0.3209625 0.6224390625 0.3054046875 0.6224390625
0 0.948034375 0.674125 0.9458125000000001 0.6724578125 0.9330328124999999 0.6747921875 0.9324781249999999 0.7091359374999999 0.9191437499999999 0.7308109375 0.921365625 0.7341453125 0.9347 0.739146875 0.9524796875 0.7408140624999999 0.9747031249999999 0.719140625 0.9769265624999999 0.7058015625 0.9769265624999999 0.697465625 0.9658140625 0.6874625 0.948034375 0.674125
0 0.257453125 0.3506765625 0.2485640625 0.3606796875 0.266953125 0.383125 0.2796765625 0.390690625 0.28412187499999997 0.390690625 0.3130140625 0.3823546875 0.321903125 0.37568437499999996 0.321903125 0.37235 0.321903125 0.3540109375 0.30856875 0.3473421875 0.2663421875 0.3473421875 0.257453125 0.3506765625
0 0.2692171875 0.2731859375 0.2686296875 0.2701046875 0.266284375 0.2643828125 0.26335000000000003 0.263503125 0.26452343749999996 0.2516203125 0.270390625 0.25206093749999997 0.278603125 0.2547015625 0.283296875 0.25206093749999997 0.28975 0.24545937499999998 0.291509375 0.23621562499999998 0.2909234375 0.22345312499999997 0.28975 0.21905156250000002 0.2821234375 0.2032078125 0.2733234375 0.1926453125 0.2580703125 0.1900046875 0.24633750000000001 0.188684375 0.22873749999999998 0.1895640625 0.221696875 0.188684375 0.20116406250000002 0.193525 0.19647187500000002 0.199246875 0.195884375 0.207609375 0.1988171875 0.21377031249999998 0.199990625 0.22389375 0.1988171875 0.2348953125 0.1970578125 0.23797656250000002 0.1888453125 0.2458984375 0.1706578125 0.2547015625 0.1595125 0.2626234375 0.16303125000000002 0.26702499999999996 0.1688984375 0.266584375 0.1800453125 0.2652640625 0.1882578125 0.26394375000000003 0.2006453125 0.25878125 0.1994046875 0.2595421875 0.195884375 0.2652640625 0.19001875 0.2731859375 0.20116406250000002 0.279346875 0.211725 0.2811078125 0.2228703125 0.2819875 0.22873749999999998 0.284628125 0.239884375 0.28506875 0.24927031249999998 0.2819875 0.261003125 0.2815484375 0.2692171875 0.2731859375
0 0.36425625 0.30179374999999997 0.35486875 0.306634375 0.3454828125 0.3158765625 0.330815625 0.3211578125 0.33375 0.3246796875 0.3413765625 0.32775937499999996 0.3431359375 0.3326015625 0.34606875000000004 0.33348125 0.3566296875 0.3321609375 0.36425625 0.330840625 0.374228125 0.3295203125 0.379509375 0.32071875 0.3754015625 0.3136765625 0.3759890625 0.306634375 0.36425625 0.30179374999999997
0 0.41118750000000004 0.3009125 0.4235078125 0.3004734375 0.42526875000000003 0.3009125 0.4328953125 0.30619375 0.4340671875 0.31191562500000003 0.43465468749999997 0.3185171875 0.439934375 0.323359375 0.4452140625 0.32599999999999996 0.4628140625 0.3290796875 0.4757203125 0.3268796875 0.4851078125 0.3237984375 0.49156093749999996 0.322478125 0.4909734375 0.31631718750000004 0.48979999999999996 0.31103593749999997 0.4727875 0.308834375 0.46868125000000005 0.309715625 0.4639875 0.308834375 0.4581203125 0.30399375 0.45577500000000004 0.3009125 0.4516671875 0.30003281249999997 0.44756093750000003 0.2978328125 0.4452140625 0.293871875 0.44169375000000005 0.29035 0.43641406250000003 0.284628125 0.43113437499999996 0.279346875 0.42526875000000003 0.2674640625 0.41998749999999996 0.261303125 0.41646875000000005 0.25778124999999996 0.405321875 0.2516203125 0.401215625 0.249859375 0.3912421875 0.24765937500000001 0.38420156250000004 0.2494203125 0.3800953125 0.2564609375 0.3800953125 0.2617421875 0.383028125 0.2648234375 0.38903906250000003 0.2708859375 0.39300156249999996 0.2731859375 0.3947625 0.2753859375 0.3947625 0.277146875 0.39300156249999996 0.284628125 0.3935890625 0.2894703125 0.3976953125 0.29431093750000004 0.40414843749999996 0.299153125 0.40825468750000005 0.301353125 0.41118750000000004 0.3009125
0 0.15423125 0.3761921875 0.1595125 0.3783921875 0.1600984375 0.38235312499999996 0.1712453125 0.393796875 0.1882578125 0.39027500000000004 0.20116406250000002 0.3810328125 0.200578125 0.37575156249999997 0.1988171875 0.3700296875 0.20116406250000002 0.366509375 0.21055156249999998 0.36474843749999997 0.2228703125 0.358146875 0.2211109375 0.3511046875 0.2146578125 0.34714375 0.20292500000000002 0.3467046875 0.19647187500000002 0.3467046875 0.19001875 0.349784375 0.1847375 0.3546265625 0.1841515625 0.361228125 0.178284375 0.3625484375 0.1753515625 0.3607875 0.1706578125 0.3577078125 0.1683125 0.352865625 0.1671390625 0.350665625 0.1647921875 0.3436234375 0.1559921875 0.34230312500000004 0.1559921875 0.3418625 0.144259375 0.34230312500000004 0.135459375 0.3431828125 0.126071875 0.34714375 0.12137968750000001 0.35330625000000004 0.122553125 0.3603484375 0.12724531249999999 0.369590625 0.13721875 0.373990625 0.15423125 0.3761921875
0 0.208790625 0.175059375 0.2146578125 0.17285937499999998 0.2140703125 0.1715390625 0.1935375 0.1684578125 0.1818046875 0.16449687500000001 0.18121875 0.15965625 0.1864984375 0.157015625 0.19001875 0.150853125 0.1882578125 0.14469218749999999 0.17887187499999999 0.140290625 0.1706578125 0.1394109375 0.160684375 0.1398515625 0.150125 0.14337187499999998 0.13839218749999999 0.1468921875 0.143671875 0.156134375 0.14601875 0.16185624999999998 0.138978125 0.16449687500000001 0.1342859375 0.1627375 0.1313515625 0.1614171875 0.1190328125 0.1640578125 0.109059375 0.167578125 0.10260625000000001 0.1715390625 0.0973265625 0.175059375 0.0943921875 0.180340625 0.0967390625 0.1860625 0.10495312500000001 0.191784375 0.11140625 0.192225 0.11375312500000001 0.18694375000000002 0.1278328125 0.1847421875 0.1378046875 0.18078125 0.1430859375 0.175059375 0.1448453125 0.17373906249999999 0.1577515625 0.17417968749999999 0.157165625 0.17197968749999998 0.17241875 0.17858125 0.1888453125 0.17858125 0.20409843749999998 0.1763796875 0.208790625 0.175059375
0 0.0509796875 0.1341296875 0.05039375 0.13236874999999998 0.0633 0.1314890625 0.0715125 0.127528125 0.069753125 0.11916562500000001 0.065059375 0.11784531250000001 0.053326562499999994 0.118725 0.046287499999999995 0.1209265625 0.043353125 0.1235671875 0.0427671875 0.1279671875 0.0451140625 0.13236874999999998 0.0509796875 0.1341296875
0 0.1618578125 0.0958390625 0.158925 0.0958390625 0.1454328125 0.097159375 0.13721875 0.0984796875 0.1301796875 0.10816250000000001 0.12959218749999998 0.11124375 0.1301796875 0.1174046875 0.1342859375 0.122246875 0.139565625 0.1248875 0.1448453125 0.1248875 0.1512984375 0.12532656250000002 0.15188593749999998 0.12268593750000001 0.15247187499999998 0.11652499999999999 0.158925 0.1094828125 0.1618578125 0.1094828125 0.1683125 0.11124375 0.1730046875 0.11124375 0.18121875 0.11124375 0.1847375 0.1094828125 0.1864984375 0.1020015625 0.178284375 0.094959375 0.1618578125 0.0958390625
0 0.1166859375 0.1279671875 0.11199218749999999 0.1270875 0.1089328125 0.128265625 0.09497968749999999 0.132809375 0.09380625000000001 0.1336890625 0.095565625 0.140290625 0.1031921875 0.140290625 0.11375312500000001 0.13765 0.12020625 0.1345703125 0.122553125 0.1336890625 0.1243125 0.1310484375 0.1231390625 0.13016875 0.1166859375 0.1279671875
0 0.43465468749999997 0.113884375 0.42585468750000005 0.11168437499999999 0.4176421875 0.1094828125 0.409428125 0.10816250000000001 0.4000421875 0.1094828125 0.3953484375 0.11564531250000001 0.3947625 0.1174046875 0.3865484375 0.11960625 0.379509375 0.11916562500000001 0.370121875 0.12004531249999999 0.36484218749999997 0.121365625 0.3607359375 0.12400625000000001 0.3607359375 0.131928125 0.3624953125 0.1367703125 0.36366875 0.14073125 0.365428125 0.1482125 0.367775 0.15437499999999998 0.367775 0.156134375 0.376575 0.1574546875 0.3847890625 0.156134375 0.394175 0.151734375 0.39300156249999996 0.151734375 0.4088421875 0.14909375 0.411775 0.148653125 0.41529531249999996 0.14645312500000002 0.411775 0.1345703125 0.411775 0.1310484375 0.4211609375 0.1292875 0.4328953125 0.1262078125 0.43758749999999996 0.12400625000000001 0.43817500000000004 0.11652499999999999 0.43465468749999997 0.113884375
0 0.6804640625 0.1072828125 0.6904375 0.1072828125 0.69454375 0.1059625 0.700996875 0.10332187500000001 0.7115578124999999 0.0998 0.7150765625 0.098040625 0.7327046875 0.097159375 0.7545140625 0.09759999999999999 0.765659375 0.0993609375 0.7633140625 0.09451875 0.752753125 0.089678125 0.7427796875 0.0870375 0.7363265625000001 0.08395625 0.7169671875 0.078234375 0.713446875 0.07735468749999999 0.696434375 0.0747140625 0.692328125 0.08219531249999999 0.6929140625 0.08659687499999999 0.6888078125 0.09011875 0.674728125 0.0909984375 0.6712078125 0.0905578125 0.6671015625 0.0857171875 0.6647546875 0.0804359375 0.6600609375000001 0.0777953125 0.6553687499999999 0.076034375 0.6430484375 0.0751546875 0.63718125 0.0804359375 0.6342484374999999 0.0848359375 0.622515625 0.089678125 0.6105546875 0.0909984375 0.609609375 0.0931984375 0.6019828125 0.097159375 0.600221875 0.0993609375 0.600221875 0.10552187500000001 0.600809375 0.10816250000000001 0.6060890624999999 0.11168437499999999 0.611825 0.1103640625 0.6264921875 0.1099234375 0.6323578125 0.10904218750000001 0.638225 0.10816250000000001 0.6440921875 0.0998 0.6435046875 0.097159375 0.6505453125 0.09451875 0.657584375 0.09451875 0.662278125 0.0989203125 0.666384375 0.102440625 0.6804640625 0.1072828125
0 0.5562234375 0.057109375 0.5597421875 0.0557890625 0.557396875 0.05358906249999999 0.5427296875 0.05358906249999999 0.5286500000000001 0.0553484375 0.5116375 0.0553484375 0.4993171875 0.056668750000000004 0.48118437500000005 0.05970625 0.47467812499999995 0.0667921875 0.47467812499999995 0.0725140625 0.47878437500000004 0.0751546875 0.4864109375 0.076475 0.49814375 0.076475 0.509290625 0.0725140625 0.5274765625 0.068553125 0.5397968750000001 0.06283125 0.55094375 0.059309375 0.5562234375 0.057109375
0 0.5192640625 0.2767265625 0.5339296874999999 0.273425 0.5380359375 0.2657234375 0.5491828125 0.25261093749999997 0.5562234375 0.23799687500000002 0.557396875 0.2335953125 0.55505 0.226553125 0.552115625 0.22215156249999998 0.543903125 0.21555 0.5380359375 0.21070937500000003 0.522196875 0.20146718749999998 0.5081171875 0.1873828125 0.5040109375 0.1825421875 0.50635625 0.181221875 0.5204375 0.17682031250000002 0.535103125 0.1746203125 0.5362765625 0.1710984375 0.5362765625 0.1688984375 0.530409375 0.1614171875 0.5186765624999999 0.157015625 0.508703125 0.15481406250000002 0.49051718749999995 0.1578953125 0.4559046875 0.162296875 0.42774531250000003 0.167578125 0.40251875000000004 0.1688984375 0.382571875 0.17197968749999998 0.38609218749999996 0.1763796875 0.397825 0.1790203125 0.4036921875 0.17858125 0.41835781250000004 0.1825421875 0.42481093750000004 0.186503125 0.43947812500000005 0.194865625 0.4535578125 0.202346875 0.46411718750000003 0.208509375 0.4647046875 0.2120296875 0.4670515625 0.21467031250000002 0.4776109375 0.22743281249999997 0.48113124999999995 0.23007343750000003 0.49731718750000004 0.2404546875 0.496384375 0.2498796875 0.49051718749999995 0.253840625 0.4799578125 0.2630828125 0.4776109375 0.2714453125 0.47878437500000004 0.27716562499999997 0.48464999999999997 0.280246875 0.495796875 0.2828875 0.4993171875 0.2828875 0.5192640625 0.2767265625
0 0.6043296875 0.2925703125 0.6049156250000001 0.288609375 0.6060890624999999 0.27892656250000003 0.6055015625 0.2688046875 0.60315625 0.2604421875 0.6013953125 0.2525203125 0.5972890625 0.25031875000000003 0.5896625 0.24635781250000002 0.58555625 0.24635781250000002 0.5802765625 0.253840625 0.58145 0.2626421875 0.583209375 0.26968437500000003 0.5837953125 0.27232500000000004 0.5837953125 0.2732046875 0.5837953125 0.2793671875 0.582621875 0.28816875 0.582621875 0.293890625 0.58496875 0.30093281250000004 0.5908359375 0.30093281250000004 0.600221875 0.296971875 0.6043296875 0.2925703125
0 0.62838125 0.2767265625 0.6289687500000001 0.2793671875 0.6195828125 0.2894890625 0.6148890625 0.3000515625 0.613128125 0.309734375 0.6143015625 0.3145765625 0.6172359375 0.31853750000000003 0.633075 0.315896875 0.6430484375 0.31325625 0.6465687499999999 0.307975 0.6495015625 0.30137187499999996 0.6565421875 0.29301093749999996 0.6600609375000001 0.28596875 0.661234375 0.2820078125 0.6671015625 0.2714453125 0.670034375 0.26484375 0.67296875 0.2551609375 0.674728125 0.2441578125 0.6776609375 0.232275 0.6800078125 0.226553125 0.6870484375 0.22567343750000002 0.6935015625000001 0.21731093750000002 0.6940875 0.212909375 0.682940625 0.21070937500000003 0.6764875 0.21115 0.670034375 0.2142296875 0.6583015624999999 0.20322656249999999 0.6565421875 0.1988265625 0.6518484375 0.19134374999999998 0.643634375 0.1878234375 0.63718125 0.186503125 0.630728125 0.1900234375 0.6289687500000001 0.192225 0.6213421875 0.1988265625 0.6248625 0.20498750000000002 0.62838125 0.208509375 0.6336625 0.21247031249999998 0.641875 0.2151109375 0.6465687499999999 0.21599062500000002 0.6471546874999999 0.223471875 0.64598125 0.22743281249999997 0.639528125 0.22919375 0.6231015625 0.24107656249999998 0.617821875 0.243278125 0.613128125 0.248559375 0.6184093749999999 0.2520796875 0.622515625 0.252959375 0.6301421875 0.252959375 0.6313156249999999 0.252959375 0.6319015625 0.2573609375 0.626621875 0.26484375 0.6260359375 0.270125 0.62838125 0.2767265625
0 0.561503125 0.1578953125 0.5685421875000001 0.16185624999999998 0.587315625 0.1609765625 0.59376875 0.1583359375 0.5990484375 0.1526140625 0.596703125 0.1438125 0.59376875 0.14293125 0.587903125 0.1420515625 0.555978125 0.14843125 0.561503125 0.1578953125
0 0.844703125 0.1657921875 0.8508531250000001 0.1641140625 0.8575625 0.161596875 0.8609171874999999 0.15740156249999998 0.8620359375 0.15278750000000002 0.857003125 0.150690625 0.8463796875 0.146915625 0.8419062500000001 0.146915625 0.83351875 0.143140625 0.8234546875 0.138525 0.809475 0.13433124999999999 0.803884375 0.13139375 0.7949375 0.1267796875 0.7859906249999999 0.1267796875 0.777603125 0.128878125 0.7664203125 0.1339109375 0.7680984375000001 0.1427203125 0.7804 0.150690625 0.78655 0.1519484375 0.7904640625 0.154046875 0.796615625 0.15698281249999999 0.7988515625 0.1595 0.8061203125 0.1620171875 0.8150671875000001 0.1641140625 0.827928125 0.16453281250000001 0.8363156249999999 0.165371875 0.844703125 0.1657921875
0 0.8402296874999999 0.2203234375 0.8542078125 0.218646875 0.8564453125 0.2161296875 0.8637140625 0.21403124999999998 0.882725 0.21696875000000002 0.89223125 0.2144515625 0.9011765625000001 0.211515625 0.9078875 0.20983749999999998 0.9134781249999999 0.208578125 0.9151562500000001 0.204384375 0.9106828124999999 0.19935 0.9017359375 0.1964140625 0.8955859374999999 0.1930578125 0.8877578125 0.190540625 0.8816062499999999 0.1913796875 0.866509375 0.1926390625 0.8508531250000001 0.1930578125 0.8413468749999999 0.1913796875 0.83351875 0.190121875 0.8167453124999999 0.1909609375 0.81898125 0.190540625 0.8033250000000001 0.1930578125 0.803884375 0.197671875 0.809475 0.20396406250000002 0.813390625 0.2069015625 0.81898125 0.21025624999999998 0.8245734375 0.2144515625 0.8374328125 0.218646875 0.8402296874999999 0.2203234375
0 0.9807921875 0.44119843750000004 0.9739296875000001 0.43519218750000005 0.9687828125 0.4330484375 0.961921875 0.429615625 0.9539156249999999 0.43090312500000005 0.9487687499999999 0.434334375 0.9447953124999999 0.440934375 0.9447656249999999 0.446346875 0.9459093749999999 0.44763281250000003 0.95105625 0.44977812500000003 0.956203125 0.451065625 0.960778125 0.4506359375 0.9676390625 0.44849218750000003 0.9750734375000001 0.4459171875 0.9779328125 0.44505937500000003 0.9807921875 0.44119843750000004
0 0.7640671875 0.36827031250000003 0.7623515624999999 0.366125 0.757778125 0.36440937500000004 0.748628125 0.36398125000000003 0.746340625 0.36483906250000003 0.74348125 0.3669828125 0.746340625 0.37213124999999997 0.746340625 0.3699859375 0.7469125 0.37298906249999997 0.747484375 0.3742765625 0.7503437500000001 0.37599218749999996 0.7549187500000001 0.3777078125 0.758921875 0.37685 0.7617796875 0.37685 0.7634953125 0.3742765625 0.7640671875 0.36827031250000003
0 0.785225 0.4442015625 0.7737890625 0.45449687499999997 0.7692140625 0.459215625 0.7709296875 0.4609328125 0.7766484375 0.46264843750000006 0.7857968750000001 0.46350625 0.7943749999999999 0.4613609375 0.801809375 0.451065625 0.799521875 0.44720468750000003 0.7938031249999999 0.44334375000000004 0.785225 0.4442015625
0 0.9522 0.3189359375 0.943621875 0.3163625 0.9361890624999999 0.315934375 0.9316140624999999 0.32108125 0.9304703125 0.330090625 0.9310421874999999 0.3326640625 0.9310421874999999 0.3339515625 0.9310421874999999 0.33781249999999996 0.943621875 0.340815625 0.952771875 0.3373828125 0.96020625 0.3326640625 0.9647796874999999 0.32708750000000003 0.956775 0.32108125 0.9522 0.3189359375