1 0.2774296875 0 0.46064218749999997 0.55473125 1 0.6496390625 1 0 0.2774296875 0
0 0.395 0 0.3927265625 0.0086953125 0.41272656249999995 0.043478125 0.42000000000000004 0.0956515625 0.4036359375 0.1217390625 0.40727343749999995 0.156521875 0.4 0.1782609375 0.38181875 0.169565625 0.3763640625 0.19130468750000001 0.390909375 0.2260875 0.3927265625 0.269565625 0.409090625 0.3260875 0.4385703125 0.4701140625 0.44887187500000003 0.506321875 0.46704999999999997 0.548325 0.5240109375 0.5584640624999999 0.5706703125 0.562809375 0.61248125 0.5700515625 0.6639875 0.578740625 0.695496875 0.5700515625 0.73818125 0.5 0.74181875 0.47391249999999996 0.790909375 0.41304375000000004 0.8236359375 0.4086953125 0.8345453125000001 0.3652171875 0.8309093750000001 0.3217390625 0.849090625 0.14347812499999998 0.8454546875 0.0782609375 0.8309093750000001 0.0782609375 0.8272734375 0.034782812499999996 0.7254546875 0.013043750000000002 0.718909375 0 0.69818125 0 0.395 0
1 0 0.6152296875000001 0.0911109375 0.720290625 0.54898125 0.8466359375 0.44475625 0.545375 0 0.4780234375 0 0.6152296875000001
0 0.33818125 0.7 0.2654546875 0.7086953125 0.2363640625 0.682609375 0.20181875 0.7 0.22181875 0.7478265625 0.2927265625 0.7739125 0.3327265625 0.7347828125 0.33818125 0.7
0 0.470909375 0.6695656249999999 0.47636406249999996 0.6565218749999999 0.4527265625 0.5913046875 0.429090625 0.5608703125 0.3363640625 0.5478265625 0.3327265625 0.582609375 0.3527265625 0.630434375 0.3527265625 0.6869562499999999 0.36 0.6956515624999999 0.40545468749999997 0.6695656249999999 0.470909375 0.6695656249999999
1 0 0 0 0.47540468750000003 0.4433328125 0.5398546875 0.24928750000000002 0 0 0
0 0.43409531250000005 0.5266 0.40985625 0.459975 0.35895625 0.3426578125 0.325021875 0.2340296875 0.2704859375 0.22099375000000002 0.20989062500000003 0.2398234375 0.181409375 0.307896875 0.22564531250000003 0.39045312499999996 0.248065625 0.44259375 0.354109375 0.5280484375000001 0.43409531250000005 0.5266
1 1 0.6597453125 0.4655828125 0.566096875 0.56181875 0.848309375 1 0.970434375 1 0.6597453125
0 0.6109093750000001 0.6521734375 0.7018187499999999 0.6608703125 0.7145453125000001 0.6478265624999999 0.7163640625000001 0.61304375 0.5963640625 0.5956515625 0.5872734375 0.6521734375 0.5945453125 0.682609375 0.6054546875 0.6782609374999999 0.6109093750000001 0.6521734375
4 1 0.9704437499999999 0.5601125 0.848046875 0.6113125 0.990821875 0.6455625 1 1 1 1 0.9704437499999999
4 0.5997015625000001 0.9870890625 0.5488015625 0.8403218750000001 0.0991921875 0.7275359375 0.2425890625 0.8712203125 0.5997015625000001 0.9870890625
4 0 0.8006718749999999 0.23653906249999998 0.8730921875 0.0838375 0.7123234375 0 0.6910125 0 0.8006718749999999
4 0.6056015625 1 0.59788125 0.9806546875000001 0.23858593749999998 0.8724640625 0.3352984375 0.9787234375 0.408928125 1 0.6056015625 1
4 0 0.86580625 0.325840625 0.9760671875 0.22949375 0.8674406250000001 0 0.8027921875 0 0.86580625