1 0.7143359375 1 0.73766875 0.473290625 0.44884218750000004 0.44905 0.2576 1 0.7143359375 1
0 0.4793375 1 0.51618125 0.7586953125 0.5436890625 0.6260875 0.54854375 0.543478125 0.558253125 0.5282609375 0.5647249999999999 0.47173906250000003 0.5631062499999999 0.45652187499999997 0.5226531249999999 0.45652187499999997 0.508090625 0.480434375 0.506471875 0.519565625 0.4854375 0.582609375 0.4854375 0.606521875 0.5048546875000001 0.606521875 0.5242718749999999 0.5347828125 0.5355984375 0.5282609375 0.5323625 0.6391296875 0.50161875 0.769565625 0.4854375 0.893478125 0.462371875 1 0.4793375 1
1 1 0.4774625 0.7644265625 0.46259218750000003 0.752378125 1 1 1 1 0.4774625
0 1 0.5363125 0.9627828125000001 0.532609375 0.93689375 0.5521734375 0.9385109375 0.569565625 0.9482203124999999 0.5847828125000001 0.991909375 0.61304375 1 0.6366734375 1 0.5363125
0 0.8915859375 0.8043484375000001 0.893203125 0.7891296875 0.8834953125 0.7739125 0.8543687500000001 0.769565625 0.847896875 0.7956515625 0.8576046875 0.8195656250000001 0.8851125 0.81304375 0.8915859375 0.8043484375000001
0 0.97508125 1 0.9854375 0.9478265625000001 0.9870546875 0.893478125 0.9741093749999999 0.8782609375 0.9385109375 0.8760875 0.9320390625 0.8804343749999999 0.9304203125000001 0.9152171875 0.943365625 0.9434781250000001 0.941746875 0.980434375 0.9530749999999999 0.993478125 0.954153125 1 0.97508125 1
1 1 0.157953125 0.7730515625 0.157953125 0.7700546875 0.1595625 0.7658578125 0.4557734375 1 0.466565625 1 0.157953125
0 0.8867312500000001 0.34347812499999997 0.8559875 0.33695624999999996 0.830096875 0.3413046875 0.8171515625 0.3608703125 0.8187703125000001 0.4 0.8333328124999999 0.42391249999999997 0.8349515625 0.45 0.8495140625 0.45 0.83980625 0.44347812500000006 0.8365703124999999 0.42391249999999997 0.8754046875 0.432609375 0.8867312500000001 0.41304375000000004 0.8867312500000001 0.34347812499999997
0 1 0.267390625 0.9951453125 0.267390625 0.9579281249999999 0.2739125 0.9530749999999999 0.282609375 0.9579281249999999 0.2978265625 0.9757281250000001 0.31304375 1 0.3016296875 1 0.267390625
0 0.8673140625 0.2913046875 0.8834953125 0.2608703125 0.8786406250000001 0.2021734375 0.8139156249999999 0.19130468750000001 0.80744375 0.2 0.80744375 0.22173906250000003 0.8139156249999999 0.27826093749999997 0.8673140625 0.2913046875
1 0.7786078125 0 0.7718515625 0.153459375 1 0.1494703125 1 0.14242656250000002 0.958840625 0 0.7786078125 0
0 0.8717640624999999 0 0.8689328125 0.0021734375 0.8689328125 0.0217390625 0.8980578124999999 0.03695625 0.90453125 0.0239125 0.8996765625 0.0021734375 0.8948218750000001 0 0.8717640624999999 0
1 0.5926171874999999 0 0.5458640625 0.1522484375 0.753859375 0.1554671875 0.7633671875 0 0.5926171874999999 0
0 0.5744343749999999 0.11304375 0.5760515625 0.1217390625 0.6019421875 0.1043484375 0.6084140625 0.09130468750000001 0.61165 0.06304375 0.5970875 0.0608703125 0.5889968750000001 0.06956562499999999 0.5906156250000001 0.082609375 0.5744343749999999 0.11304375
0 0.652103125 0.0239125 0.6440125 0.0217390625 0.6326859375 0.032609375 0.6310671875 0.0608703125 0.6407765624999999 0.0608703125 0.652103125 0.0413046875 0.652103125 0.0239125
1 0.754 0.15634375 0.5417156249999999 0.15666249999999998 0.4459046875 0.438065625 0.7420109375 0.45496875000000003 0.754 0.15634375
0 0.5242718749999999 0.2608703125 0.5711968749999999 0.2260875 0.5695796875 0.219565625 0.54854375 0.219565625 0.51618125 0.243478125 0.50161875 0.2978265625 0.5129453125000001 0.293478125 0.5242718749999999 0.2608703125
0 0.6343046875 0.2891296875 0.64563125 0.219565625 0.6504859374999999 0.20652187500000002 0.6618125 0.20652187500000002 0.669903125 0.18260937500000002 0.669903125 0.1608703125 0.6488671874999999 0.1608703125 0.635921875 0.193478125 0.6294500000000001 0.2521734375 0.6100328125 0.31087031249999997 0.59870625 0.3760875 0.5970875 0.42173906250000004 0.6003234375 0.43912968750000003 0.6084140625 0.44347812500000006 0.6181234375 0.43912968750000003 0.619740625 0.3913046875 0.635921875 0.34347812499999997 0.6343046875 0.2891296875
0 0.49514531249999993 0.42608750000000006 0.49838125 0.43912968750000003 0.5647249999999999 0.4413046875 0.5453078125 0.4108703125 0.5032359375000001 0.4108703125 0.49514531249999993 0.42608750000000006
0 0.6957921875 0.369565625 0.6957921875 0.3847828125 0.7038828125000001 0.3891296875 0.7071203125000001 0.3760875 0.7152109375 0.3782609375 0.7168281249999999 0.45 0.72491875 0.45 0.7265375 0.3739125 0.7216828125 0.36304375 0.7071203125000001 0.36304375 0.6957921875 0.369565625
1 0.2227203125 1 0.42194062499999996 0.4407203125 0.151765625 0.42629062500000003 0.1486953125 0.42526093749999994 0 0.6618 0 1 0.2227203125 1
0 0.186084375 0.93695625 0.21197343750000003 0.919565625 0.2475734375 0.8717390625 0.2475734375 0.8630437499999999 0.2362453125 0.856521875 0.20873750000000002 0.856521875 0.1715203125 0.9065218749999999 0.1650484375 0.9347828125 0.186084375 0.93695625
0 0 0.8155281249999999 0.042071874999999995 0.76304375 0.058253124999999996 0.7217390625 0.1391578125 0.6152171875 0.216828125 0.4956515625 0.21521093750000003 0.482609375 0.1990296875 0.480434375 0.15695781250000002 0.4956515625 0.137540625 0.569565625 0.10194218749999999 0.643478125 0.0857609375 0.6586953125 0.05339843749999999 0.71304375 0 0.7622359375000001 0 0.8155281249999999
1 0.32965 0.149103125 0.15856874999999998 0.42279687499999996 0.42846875000000006 0.43523750000000005 0.5285234375 0.1557375 0.330884375 0.151590625 0.32965 0.149103125
0 0.4223296875 0.1739125 0.41100312499999997 0.17173906249999998 0.40291249999999995 0.1891296875 0.41747500000000004 0.193478125 0.4223296875 0.1739125
1 0.4238203125 0 0.3333546875 0.15006406249999998 0.5297578125 0.15338281250000002 0.582746875 0 0.4238203125 0
0 0.457928125 0.130434375 0.44336562500000004 0.1282609375 0.4401296875 0.15 0.461165625 0.14782656249999998 0.457928125 0.130434375
0 0.53398125 0.1086953125 0.51618125 0.10652187500000002 0.506471875 0.11956562500000001 0.509709375 0.130434375 0.53074375 0.1347828125 0.5372171875 0.1282609375 0.53398125 0.1086953125
1 0.26723125 0 0.1262875 0.14483125 0.31404375 0.1556125 0.4153640625 0 0.26723125 0
0 0.26213593749999997 0.06956562499999999 0.26051718749999997 0.0847828125 0.297734375 0.0847828125 0.2961171875 0.06956562499999999 0.2783171875 0.0652171875 0.26213593749999997 0.06956562499999999
0 0.3446609375 0.0043484375 0.3414234375 0.013043750000000002 0.35436875 0.019565625 0.3559875 0.0282609375 0.330096875 0.0652171875 0.2912625 0.15 0.305825 0.14782656249999998 0.30744375 0.1282609375 0.3349515625 0.07173906249999999 0.37055 0.019565625 0.35760468749999996 0.0043484375 0.3446609375 0.0043484375
1 0 0.4126453125 0.13832031250000001 0.421559375 0.311253125 0.1528421875 0.120409375 0.1486953125 0.1179390625 0.1495234375 0 0.282328125 0 0.4126453125
0 0.0129453125 0.3586953125 0.042071874999999995 0.3478265625 0.046925 0.332609375 0.058253124999999996 0.3260875 0.042071874999999995 0.3217390625 0.0129453125 0.3586953125
4 0 0.6275796875 0.1347625 0.43038125000000005 0.00135625 0.4196 0 0.4196 0 0.6275796875