1 0.5905171874999999 0.16957187499999998 0.010975 0.3208109375 0.3541640625 0.8010703124999999 0.923746875 0.3890453125 0.5905171874999999 0.16957187499999998
1 0.9339625 0.4014921875 0.3671640625 0.8132828125 0.4975921875 0.99936875 0.9993187499999999 1 0.9993187499999999 0.44552500000000006 0.9339625 0.4014921875
1 0 0.3037515625 0.0093625 0.31330468749999996 0.5839015625 0.16727187500000001 0.3721828125 0.020640625000000003 0.00068125 0.0542640625 0 0.3037515625
1 0 0.9615484375 0.315309375 0.750475 0 0.3095015625 0 0.9615484375
1 0.4943515625 1 0.32273593749999996 0.7607140625000001 0 0.9813078125000001 0.00011562499999999999 1 0.4943515625 1
0 0.4528578125 0.717646875 0.5685718750000001 0.6294125 0.6442859375000001 0.582353125 0.6814281249999999 0.5490203124999999 0.658571875 0.5411765625 0.53 0.552940625 0.41142812500000003 0.5980390625 0.3428578125 0.6019609375 0.3071421875 0.5941171875 0.29142812500000004 0.5666671875 0.2642859375 0.5509796875 0.2171421875 0.5019609375 0.2071421875 0.4725484375 0.1771421875 0.46470625 0.16 0.47450937499999996 0.171428125 0.5098046875 0.2957140625 0.67843125 0.338571875 0.7196078124999999 0.3542859375 0.7490203125 0.3757140625 0.7549015625 0.40714218750000003 0.7509796875 0.43 0.7274515625 0.4528578125 0.717646875
0 0.2628578125 0.3 0.2642859375 0.27843125 0.26 0.2725484375 0.2342859375 0.2705875 0.178571875 0.2843140625 0.1328578125 0.282353125 0.038571875 0.3058828125 0.022857812499999998 0.32156875 0.0357140625 0.325490625 0.06 0.352940625 0.1942859375 0.352940625 0.2428578125 0.32745156249999996 0.2628578125 0.3
0 0.6328578125 0.9392156249999999 0.621428125 0.9235296875 0.61 0.9254906249999999 0.5928578124999999 0.947059375 0.5971421875 0.931371875 0.5857140625 0.9235296875 0.5828578125 0.9117640625 0.5942859375 0.9058828125 0.5957140625 0.8960781250000001 0.5871421875 0.8941171875 0.5700000000000001 0.917646875 0.5728578125 0.9431375 0.5642859375 0.9431375 0.5614281250000001 0.917646875 0.5657140625 0.9117640625 0.541428125 0.9215687499999999 0.5328578125 0.8901953125000001 0.768571875 0.6725484374999999 0.7628578125 0.6588234374999999 0.7342859374999999 0.6313718749999999 0.7057140625 0.6176468749999999 0.6557140625 0.6431375 0.631428125 0.6431375 0.5614281250000001 0.6901953125 0.4242859375 0.8019609375 0.408571875 0.82156875 0.41 0.8333328124999999 0.528571875 0.996078125 0.6328578125 1 0.6328578125 0.9392156249999999
0 0 0.9274515624999999 0.28142812500000003 0.7509796875 0.2742859375 0.731371875 0.2557140625 0.7137249999999999 0.22571406249999998 0.6666671875 0.188571875 0.6294125 0.1857140625 0.6509796875 0.1942859375 0.660784375 0.13999999999999999 0.69215625 0.1157140625 0.7254906250000001 0.0628578125 0.7450984375 0.06 0.752940625 0.06714218749999999 0.7647062499999999 0.0628578125 0.7705875 0 0.7980390625 0 0.9274515624999999
0 0 0.282353125 0.0171421875 0.303921875 0.027142187499999998 0.3058828125 0.0457140625 0.29215625 0.098571875 0.2882359375 0.171428125 0.268628125 0.158571875 0.247059375 0.141428125 0.23725468749999998 0.13 0.2509796875 0.1042859375 0.24902031249999998 0.091428125 0.2588234375 0.0357140625 0.247059375 0.0057140625 0.25294062500000003 0 0.2549015625 0 0.282353125
0 0 0.17207343749999998 0.0084171875 0.164509375 0.053790625 0.1516734375 0.08579375 0.15324374999999998 0.10750937499999999 0.1501046875 0.1086515625 0.143828125 0.10750937499999999 0.1359828125 0.0972234375 0.1297046875 0.08579375 0.1297046875 0.0652203125 0.1297046875 0.062934375 0.123428125 0.0663625 0.11401406249999999 0.07550625 0.1045984375 0.080078125 0.0951828125 0.0789359375 0.0794921875 0.0640765625 0.0732140625 0.0240734375 0.0700765625 0.0023578124999999997 0.0716453125 0 0.0794921875 0 0.17207343749999998
0 0.2309484375 0.846753125 0.197803125 0.871859375 0.152084375 0.9001046875000001 0.10750937499999999 0.9440421875 0.0789359375 0.961303125 0.048076562499999996 0.9754265625 0.032075 0.9879796875 0.0240734375 0.9973953124999999 0.18865937500000002 1 0.20923124999999998 0.984840625 0.2115171875 0.984840625 0.2400921875 0.9660109374999999 0.268665625 0.9550265625 0.30066875 0.934628125 0.3429578125 0.9063828125000001 0.358959375 0.8797062499999999 0.3429578125 0.8530296875 0.32695625 0.8357687500000001 0.29609687500000004 0.8169390625 0.267521875 0.826353125 0.2309484375 0.846753125