1 0.1145 0 0.4691609375 0.6475015625 0.944296875 0.4264859375 0.8768890624999999 0 0.1145 0
1 0 0 0 0.739675 0.0909453125 0.83825 0.461890625 0.6490218750000001 0.462275 0.6494390625 0.106884375 0 0 0
0 0.33620625 0 0.3275859375 0.01923125 0.3340515625 0.057692187500000006 0.48706875 0.3923078125 0.52370625 0.4923078125 0.5150859375 0.515384375 0.519396875 0.553846875 0.53879375 0.5769234375 0.5581890625 0.5615390625 0.5625 0.5230765625 0.5560343750000001 0.503846875 0.581896875 0.484615625 0.5711203125 0.396153125 0.5991375 0.3884609375 0.6185343750000001 0.4269234375 0.6357765625 0.4076921875 0.607759375 0.2769234375 0.5883625 0.26923125 0.5474140625 0.2923078125 0.5280171874999999 0.25384687499999997 0.5150859375 0.21153906249999999 0.5215515625 0.1730765625 0.493534375 0.08076875 0.5 0.0384609375 0.492303125 0 0.33620625 0
1 0 0.8805890625 0.08201875 0.838534375 0 0.7462500000000001 0 0.8805890625
1 0.2454359375 1 0.09166875 0.840475 0 0.886275 0 1 0.2454359375 1
1 0.6539703125 1 0.47242187500000005 0.666703125 0.4682140625 0.6568953125 0.098084375 0.8394562499999999 0.25024531250000004 1 0.6539703125 1
1 1 0.755971875 0.94861875 0.43221718750000004 0.47685781250000003 0.6530515625 0.65935625 1 1 1 1 0.755971875
0 0.7025859375 0.696153125 0.6982765625 0.696153125 0.6982765625 0.6923078125 0.6918109375 0.6923078125 0.6918109375 0.6884609375 0.6831890625 0.6884609375 0.6831890625 0.684615625 0.6767234375 0.684615625 0.6767234375 0.6884609375 0.668103125 0.6884609375 0.6659484375 0.696153125 0.66379375 0.696153125 0.66379375 0.7 0.6616375 0.7 0.6616375 0.7076921875 0.6594828125000001 0.7076921875 0.6594828125000001 0.73076875 0.6616375 0.73076875 0.6616375 0.7384609375 0.6659484375 0.7423078125 0.6659484375 0.746153125 0.6788796875 0.746153125 0.6788796875 0.7423078125 0.6875 0.7423078125 0.6875 0.7384609375 0.6918109375 0.7384609375 0.6939656249999999 0.73076875 0.6982765625 0.73076875 0.6982765625 0.7269234375 0.7004312500000001 0.7269234375 0.7025859375 0.7115390625 0.704740625 0.7115390625 0.704740625 0.7076921875 0.7025859375 0.7076921875 0.7025859375 0.696153125
0 0.769396875 0.5961531250000001 0.7715515625 0.5961531250000001 0.7715515625 0.5769234375 0.769396875 0.5769234375 0.769396875 0.5615390625 0.767240625 0.5615390625 0.767240625 0.553846875 0.7629312500000001 0.55 0.7629312500000001 0.546153125 0.7607765625 0.546153125 0.7607765625 0.5423078125 0.7435343750000001 0.5423078125 0.7435343750000001 0.546153125 0.7349140625 0.546153125 0.7349140625 0.55 0.7284484375 0.55 0.7284484375 0.553846875 0.7241375 0.553846875 0.7241375 0.5576921875 0.7219828125000001 0.5576921875 0.7219828125000001 0.565384375 0.719828125 0.565384375 0.719828125 0.5884609375000001 0.7219828125000001 0.5884609375000001 0.7219828125000001 0.6 0.7241375 0.6 0.7241375 0.6076921875 0.7284484375 0.6115390625 0.7284484375 0.615384375 0.730603125 0.615384375 0.730603125 0.61923125 0.7392234375 0.6230765625 0.7413796875 0.63076875 0.7435343750000001 0.63076875 0.7435343750000001 0.634615625 0.7521546875 0.634615625 0.7521546875 0.63076875 0.7564656249999999 0.63076875 0.7586203125 0.6230765625 0.7607765625 0.6230765625 0.7607765625 0.61923125 0.7629312500000001 0.61923125 0.7629312500000001 0.615384375 0.7650859375 0.615384375 0.7650859375 0.6115390625 0.767240625 0.6115390625 0.767240625 0.6076921875 0.769396875 0.6076921875 0.769396875 0.5961531250000001
0 0.7586203125 0.9384609375 0.75 0.934615625 0.75 0.93076875 0.7435343750000001 0.93076875 0.7435343750000001 0.934615625 0.7413796875 0.934615625 0.7413796875 0.953846875 0.7435343750000001 0.953846875 0.7435343750000001 0.9769234375 0.7478453125 0.98076875 0.7478453125 0.984615625 0.75 0.984615625 0.75 0.9884609375 0.7607765625 0.9884609375 0.7607765625 0.984615625 0.769396875 0.984615625 0.769396875 0.98076875 0.77370625 0.98076875 0.77370625 0.96923125 0.769396875 0.96923125 0.767240625 0.953846875 0.7650859375 0.953846875 0.7629312500000001 0.946153125 0.7607765625 0.946153125 0.7607765625 0.9423078125 0.7586203125 0.9423078125 0.7586203125 0.9384609375
0 0.8275859375 1 0.8405171875 0.984615625 0.8405171875 0.965384375 0.83620625 0.9576921875 0.83620625 0.95 0.831896875 0.946153125 0.831896875 0.9384609375 0.8275859375 0.934615625 0.8275859375 0.9230765625 0.8405171875 0.9076921875 0.844828125 0.9076921875 0.8491375 0.896153125 0.857759375 0.8923078125 0.8599140625 0.884615625 0.8771546875 0.8730765625 0.8793109375 0.8615390625 0.8706890625 0.8576921875 0.8706890625 0.853846875 0.86206875 0.853846875 0.855603125 0.8615390625 0.8469828125 0.8615390625 0.8405171875 0.8423078125 0.8405171875 0.8307687500000001 0.83620625 0.8230765625 0.782328125 0.815384375 0.7715515625 0.8307687500000001 0.7715515625 0.8423078125 0.77370625 0.8423078125 0.77370625 0.8615390625 0.7780171874999999 0.865384375 0.7780171874999999 0.8730765625 0.782328125 0.8730765625 0.782328125 0.88076875 0.7866375 0.88076875 0.7866375 0.8884609375 0.7909484375 0.8923078125 0.7844828125000001 0.9115390624999999 0.782328125 0.946153125 0.7909484375 0.9615390625 0.78879375 0.9769234375 0.793103125 0.984615625 0.793103125 1 0.795259375 1 0.8275859375 1
0 0.5512937499999999 1 0.5495687499999999 0.9923078125 0.5474140625 0.9923078125 0.5474140625 0.984615625 0.545259375 0.984615625 0.545259375 0.9769234375 0.5409484375 0.9730765625 0.53879375 0.9576921875 0.532328125 0.946153125 0.532328125 0.93076875 0.5280171874999999 0.9230765625 0.5280171874999999 0.915384375 0.5258625 0.915384375 0.5258625 0.9 0.52370625 0.9 0.52370625 0.8923078125 0.5344828125000001 0.8769234375 0.5366375 0.834615625 0.5344828125000001 0.834615625 0.5344828125000001 0.8269234375 0.530171875 0.81923125 0.5258625 0.81923125 0.5258625 0.8230765625 0.5129312500000001 0.8230765625 0.5129312500000001 0.8269234375 0.49784531249999997 0.8307687500000001 0.493534375 0.8384609375000001 0.4892234375 0.8384609375000001 0.482759375 0.853846875 0.493534375 0.86923125 0.4913796875 0.9038468749999999 0.493534375 0.9038468749999999 0.493534375 0.915384375 0.4956890625 0.915384375 0.4956890625 0.9269234375 0.49784531249999997 0.9269234375 0.49784531249999997 0.9384609375 0.5021546875 0.946153125 0.5021546875 0.953846875 0.5086203125 0.965384375 0.5129312500000001 0.965384375 0.5129312500000001 0.9730765625 0.517240625 0.9769234375 0.519396875 0.9923078125 0.52370625 1 0.5512937499999999 1
0 0.5495687499999999 1 0.5495687499999999 0.9923078125 0.5474140625 0.9923078125 0.545259375 0.984615625 0.53879375 0.984615625 0.53879375 0.9884609375 0.5366375 0.9884609375 0.5366375 0.9923078125 0.532328125 0.996153125 0.532328125 1 0.5495687499999999 1
0 0.2090515625 0.815384375 0.22629375000000002 0.815384375 0.22629375000000002 0.8115390625 0.23060312500000002 0.8115390625 0.23060312500000002 0.7923078125 0.2284484375 0.7923078125 0.2284484375 0.7884609375 0.21120624999999998 0.7923078125 0.21120624999999998 0.796153125 0.20689687499999998 0.796153125 0.20689687499999998 0.8 0.20474062499999998 0.8 0.20474062499999998 0.8115390625 0.2090515625 0.8115390625 0.2090515625 0.815384375
0 0.3793109375 0.71923125 0.3728453125 0.71923125 0.3728453125 0.7269234375 0.36853437499999997 0.7269234375 0.36853437499999997 0.734615625 0.3663796875 0.734615625 0.3663796875 0.7423078125 0.3642234375 0.7423078125 0.3642234375 0.746153125 0.3663796875 0.746153125 0.3663796875 0.753846875 0.36853437499999997 0.753846875 0.36853437499999997 0.7576921875 0.38146562500000003 0.7576921875 0.38146562500000003 0.753846875 0.38793125 0.753846875 0.38793125 0.75 0.3900859375 0.75 0.3900859375 0.7423078125 0.392240625 0.7423078125 0.392240625 0.7384609375 0.38793125 0.734615625 0.38793125 0.73076875 0.3857765625 0.73076875 0.3857765625 0.7269234375 0.3793109375 0.7269234375 0.3793109375 0.71923125
0 0.41379374999999996 0.8230765625 0.4094828125 0.8230765625 0.4094828125 0.8269234375 0.407328125 0.8269234375 0.407328125 0.834615625 0.4094828125 0.834615625 0.4094828125 0.8423078125 0.4116375 0.8423078125 0.4116375 0.85 0.41379374999999996 0.85 0.41379374999999996 0.8576921875 0.4159484375 0.8576921875 0.4159484375 0.8615390625 0.420259375 0.8615390625 0.4224140625 0.86923125 0.4267234375 0.86923125 0.4267234375 0.8730765625 0.431034375 0.8730765625 0.431034375 0.86923125 0.4331890625 0.86923125 0.4331890625 0.8461531250000001 0.431034375 0.8461531250000001 0.431034375 0.8384609375000001 0.4288796875 0.8384609375000001 0.4288796875 0.8307687500000001 0.42456875 0.8269234375 0.42456875 0.8230765625 0.4224140625 0.8230765625 0.4224140625 0.81923125 0.41379374999999996 0.81923125 0.41379374999999996 0.8230765625
0 0.5129312500000001 0.8923078125 0.5150859375 0.8923078125 0.5150859375 0.8769234375 0.519396875 0.8730765625 0.519396875 0.86923125 0.5215515625 0.86923125 0.5215515625 0.865384375 0.52370625 0.865384375 0.52370625 0.853846875 0.519396875 0.85 0.519396875 0.8461531250000001 0.5129312500000001 0.8461531250000001 0.5129312500000001 0.8423078125 0.4956890625 0.8423078125 0.493534375 0.85 0.4913796875 0.85 0.4913796875 0.8615390625 0.4956890625 0.865384375 0.4956890625 0.86923125 0.49784531249999997 0.86923125 0.49784531249999997 0.8730765625 0.5 0.8730765625 0.5 0.884615625 0.5021546875 0.884615625 0.5 0.9384609375 0.5043109375 0.9423078125 0.5043109375 0.946153125 0.519396875 0.946153125 0.519396875 0.95 0.52370625 0.95 0.52370625 0.946153125 0.5280171874999999 0.946153125 0.5280171874999999 0.9423078125 0.5258625 0.9423078125 0.5258625 0.934615625 0.52370625 0.934615625 0.52370625 0.9269234375 0.519396875 0.9230765625 0.519396875 0.9192312499999999 0.517240625 0.9192312499999999 0.517240625 0.915384375 0.5150859375 0.915384375 0.5129312500000001 0.8923078125
0 0.36853437499999997 1 0.357759375 0.996153125 0.357759375 0.9884609375 0.355603125 0.9884609375 0.355603125 0.965384375 0.357759375 0.965384375 0.357759375 0.9576921875 0.3599140625 0.9576921875 0.36206875 0.934615625 0.375 0.915384375 0.3771546875 0.9 0.3793109375 0.9 0.3793109375 0.8615390625 0.38146562500000003 0.8615390625 0.38146562500000003 0.8423078125 0.3771546875 0.8423078125 0.3771546875 0.8384609375000001 0.3663796875 0.8384609375000001 0.3663796875 0.8423078125 0.3534484375 0.85 0.3534484375 0.853846875 0.3491375 0.853846875 0.34698281249999996 0.8615390625 0.344828125 0.8615390625 0.34698281249999996 0.8730765625 0.3491375 0.8730765625 0.35129375 0.8923078125 0.3534484375 0.8923078125 0.3534484375 0.9192312499999999 0.3491375 0.9230765625 0.3491375 0.9269234375 0.344828125 0.9269234375 0.344828125 0.93076875 0.34051718750000004 0.93076875 0.34051718750000004 0.934615625 0.33620625 0.934615625 0.33620625 0.9423078125 0.3340515625 0.9423078125 0.3340515625 0.9769234375 0.3211203125 0.98076875 0.3211203125 0.9923078125 0.3275859375 0.996153125 0.3275859375 1 0.331896875 1 0.36853437499999997 1
0 0.10560312499999999 0.9615390625 0.10991406249999999 0.9615390625 0.10991406249999999 0.9576921875 0.118534375 0.9576921875 0.118534375 0.946153125 0.1142234375 0.9423078125 0.1142234375 0.9384609375 0.10991406249999999 0.9384609375 0.10991406249999999 0.934615625 0.0991375 0.934615625 0.0991375 0.9423078125 0.10129375 0.9423078125 0.10129375 0.953846875 0.10560312499999999 0.9576921875 0.10560312499999999 0.9615390625
0 0.1918109375 1 0.1896546875 0.996153125 0.1853453125 0.996153125 0.1853453125 0.9923078125 0.1724140625 0.9923078125 0.1724140625 0.9884609375 0.16379375000000002 0.9884609375 0.16379375000000002 0.984615625 0.14870624999999998 0.98076875 0.14870624999999998 0.9769234375 0.1228453125 0.9769234375 0.1228453125 0.9730765625 0.1142234375 0.9730765625 0.10991406249999999 0.965384375 0.094828125 0.96923125 0.092671875 0.9769234375 0.08620625 0.98076875 0.08620625 0.996153125 0.08189687500000001 1 0.1918109375 1