1 0.97470625 0.2118671875 0.494565625 0.16135625 0.4966953125 0.1585359375 0.0005984375 0.6393046874999999 0.7615390625 0.8746499999999999 0.97470625 0.2118671875
1 0.4721875 0.1601734375 0.10587968750000001 0.1199171875 0.0042328125000000005 0.187490625 0.0042328125000000005 0.595084375 0.4712296875 0.16232968750000001 0.4721875 0.1601734375
1 0.509878125 0.147603125 0.9778328125 0.1907359375 0.980709375 0.1892984375 0.994134375 0.0002375 0.6594703125 0.00095625 0.509878125 0.147603125
1 0.6344937500000001 0.0005703125 0.31010781249999997 0 0.1291140625 0.10504374999999999 0.4853203125 0.143625 0.6344937500000001 0.0005703125
1 0.28340624999999997 0.0014484375 0.0031531249999999997 0.0031640624999999998 0.002575 0.0937640625 0.10666093750000001 0.1033015625 0.28340624999999997 0.0014484375
4 0.0780890625 0.11775781249999999 0.000621875 0.11218125000000001 0 0.1627078125 0.0780890625 0.11775781249999999
1 0.723525 0.964703125 0.0051140625000000006 0.72103125 0.0051140625000000006 0.9988484375000001 0.711103125 0.9980718749999999 0.71835 0.9678078125 0.723525 0.964703125
0 0.4244796875 0.6533203125 0.4348953125 0.6337890625 0.4322921875 0.6259765625 0.42578125 0.623046875 0.4127609375 0.625 0.3984375 0.6357421875 0.3984375 0.6513671875 0.4075515625 0.66015625 0.4140625 0.6591796875 0.4244796875 0.6533203125
0 0.34375 0.6923828125 0.3411453125 0.6904296875 0.3411453125 0.6806640625 0.3346359375 0.67578125 0.32421875 0.67578125 0.3151046875 0.6845703125 0.3151046875 0.6904296875 0.3294265625 0.69921875 0.3385421875 0.6982421875 0.34375 0.6923828125
0 0.6197921875 0.6982421875 0.6341140625 0.7109375 0.6536453125 0.7138671875 0.6731765625 0.701171875 0.6940109375 0.697265625 0.703125 0.6884765625 0.7005203125 0.6845703125 0.68359375 0.677734375 0.6627609375 0.677734375 0.66015625 0.6796875 0.63671875 0.681640625 0.6223953125 0.6923828125 0.6197921875 0.6982421875
0 0.6028640625 0.54296875 0.5924484375 0.54296875 0.5885421875 0.5458984375 0.5911453125 0.5517578125 0.5885421875 0.5576171875 0.578125 0.5673828125 0.5755203125 0.5830078125 0.5703125 0.5888671875 0.5703125 0.5947265625 0.57421875 0.59765625 0.5807296875 0.5966796875 0.6080734375 0.58984375 0.6197921875 0.5810546875 0.6223953125 0.5751953125 0.6276046875 0.5732421875 0.6354171875 0.5595703125 0.6354171875 0.5517578125 0.6263015625 0.544921875 0.6158859375 0.541015625 0.60546875 0.541015625 0.6028640625 0.54296875
0 0.6901046875 0.5224609375 0.6901046875 0.5283203125 0.7018234375 0.54296875 0.7122390625 0.546875 0.7265625 0.5458984375 0.7330734375 0.5390625 0.73828125 0.5390625 0.7421875 0.5361328125 0.7473953125 0.5263671875 0.7473953125 0.5126953125 0.7447921875 0.5087890625 0.73046875 0.501953125 0.70703125 0.505859375 0.6927078125 0.5166015625 0.6901046875 0.5224609375
0 0.5768234375 0.34765625 0.5755203125 0.3369140625 0.5716140625 0.333984375 0.5559890625 0.337890625 0.5494796875 0.3466796875 0.5299484375 0.36328125 0.5143234375 0.36328125 0.5091140625 0.365234375 0.4973953125 0.3740234375 0.484375 0.3916015625 0.484375 0.3974609375 0.49609375 0.40625 0.5260421875 0.4052734375 0.5481765625 0.404296875 0.5690109375 0.392578125 0.5807296875 0.3818359375 0.5807296875 0.3720703125 0.5859375 0.3681640625 0.5859375 0.3583984375 0.5989578125 0.3544921875 0.59765625 0.349609375 0.58203125 0.349609375 0.5768234375 0.34765625
0 0.625 0.7509765625 0.61328125 0.7421875 0.5924484375 0.744140625 0.5859375 0.7509765625 0.5885421875 0.7568359375 0.6002609375 0.76171875 0.6197921875 0.7607421875 0.625 0.7568359375 0.625 0.7509765625
0 0.6848953125 0.7607421875 0.6731765625 0.755859375 0.6497390625 0.755859375 0.640625 0.7587890625 0.640625 0.7626953125 0.65234375 0.771484375 0.6666671875 0.7705078125 0.68359375 0.765625 0.6848953125 0.7607421875
0 0.6731765625 0.47265625 0.6796875 0.4658203125 0.6796875 0.4560546875 0.6653640625 0.451171875 0.6471359375 0.455078125 0.640625 0.4638671875 0.64453125 0.47265625 0.65234375 0.4765625 0.6640625 0.4755859375 0.6731765625 0.47265625
0 0.8619796875000001 0.4755859375 0.85546875 0.466796875 0.84765625 0.466796875 0.8359375 0.4736328125 0.8333328124999999 0.4833984375 0.8372390624999999 0.486328125 0.8411453124999999 0.4853515625 0.8528640624999999 0.482421875 0.8619796875000001 0.4755859375
0 0.8229171875000001 0.4775390625 0.8229171875000001 0.4736328125 0.8138015624999999 0.46875 0.8072921875000001 0.4736328125 0.8138015624999999 0.478515625 0.8229171875000001 0.4775390625
0 0.7395828125 0.4580078125 0.73046875 0.453125 0.7252609375 0.453125 0.7213546875 0.4560546875 0.7161453125 0.4697265625 0.7200515625 0.47265625 0.7317703125 0.4716796875 0.7369796875 0.4677734375 0.7395828125 0.4580078125
0 0.806259375 0.3748828125 0.7895171875 0.38215 0.812146875 0.38932812499999997 0.8423875000000001 0.3880953125 0.8512000000000001 0.3735625 0.8388625 0.3629921875 0.806259375 0.3748828125
0 0.6145828125 0.2431640625 0.62109375 0.2421875 0.6236984375 0.23828125 0.6328125 0.2392578125 0.6315109375 0.2421875 0.625 0.2431640625 0.6263015625 0.24609375 0.6393234375 0.244140625 0.6432296875 0.2392578125 0.6393234375 0.236328125 0.6236984375 0.234375 0.61328125 0.240234375 0.6080734375 0.240234375 0.6067703125 0.2353515625 0.609375 0.2333984375 0.60546875 0.232421875 0.6002609375 0.234375 0.59765625 0.232421875 0.5846359375 0.2421875 0.5703125 0.2490234375 0.5598953125 0.2607421875 0.5572921875 0.2724609375 0.5598953125 0.2783203125 0.5716140625 0.28515625 0.5846359375 0.28125 0.5872390625 0.283203125 0.59765625 0.283203125 0.6080734375 0.2890625 0.6119796875 0.2880859375 0.6145828125 0.2861328125 0.6145828125 0.2802734375 0.6015625 0.2744140625 0.6067703125 0.2705078125 0.6067703125 0.2666015625 0.6119796875 0.2646484375 0.6119796875 0.2548828125 0.6223953125 0.2490234375 0.6119796875 0.2470703125 0.6145828125 0.2431640625
0 0.7135421875 0.3603515625 0.70703125 0.35546875 0.69140625 0.35546875 0.6875 0.3603515625 0.6875 0.3662109375 0.6966140625 0.375 0.7057296875 0.3759765625 0.7109375 0.3740234375 0.7135421875 0.3603515625
0 0.4778640625 0.275390625 0.47265625 0.275390625 0.4635421875 0.2841796875 0.4700515625 0.2890625 0.4817703125 0.2880859375 0.484375 0.2861328125 0.4817703125 0.2783203125 0.4778640625 0.275390625
0 0.8580734375000001 0.298828125 0.8684890624999999 0.298828125 0.8815109375000001 0.302734375 0.8932296875000001 0.3017578125 0.8984375 0.2958984375 0.8984375 0.2919921875 0.8958328124999999 0.2880859375 0.8893234375000001 0.28515625 0.8815109375000001 0.283203125 0.8763015624999999 0.28515625 0.86328125 0.28515625 0.8541671875000001 0.2900390625 0.8541671875000001 0.2958984375 0.8580734375000001 0.298828125
0 0.8776046875000001 0.4404296875 0.8736984375000001 0.4375 0.8580734375000001 0.4375 0.8541671875000001 0.4404296875 0.85546875 0.447265625 0.8606765624999999 0.44921875 0.8723953124999999 0.4482421875 0.8776046875000001 0.4443359375 0.8776046875000001 0.4404296875
0 0.46484375 0.248046875 0.4765625 0.2470703125 0.4765625 0.2373046875 0.4622390625 0.232421875 0.4544265625 0.232421875 0.4479171875 0.2392578125 0.4479171875 0.2431640625 0.4596359375 0.251953125 0.4609375 0.2509765625 0.46484375 0.248046875
0 0.2708328125 0.5771484375 0.2747390625 0.58203125 0.2942703125 0.5810546875 0.2994796875 0.5751953125 0.29296875 0.5703125 0.27734375 0.5703125 0.2708328125 0.5771484375
0 0.6471359375 0.642578125 0.6588546875 0.6416015625 0.6744796875 0.6318359375 0.6744796875 0.6279296875 0.6848953125 0.6181640625 0.67578125 0.611328125 0.66796875 0.611328125 0.6575515625 0.62109375 0.6497390625 0.62109375 0.6432296875 0.6259765625 0.640625 0.6376953125 0.6471359375 0.642578125
0 0.7200515625 0.736328125 0.7252609375 0.740234375 0.7291671875 0.7392578125 0.7317703125 0.7373046875 0.7291671875 0.7353515625 0.7291671875 0.7275390625 0.7096359375 0.7109375 0.69140625 0.70703125 0.6848953125 0.7119140625 0.7057296875 0.7216796875 0.7057296875 0.7294921875 0.7096359375 0.734375 0.7200515625 0.736328125
0 0.4947921875 0.6767578125 0.4947921875 0.6826171875 0.4986984375 0.6875 0.50390625 0.689453125 0.5130203125 0.6884765625 0.5130203125 0.6806640625 0.5065109375 0.673828125 0.4947921875 0.6767578125
0 0.5260421875 0.6787109375 0.5260421875 0.6845703125 0.5338546875 0.6845703125 0.5390625 0.6787109375 0.5260421875 0.6787109375
0 0.4895828125 0.4677734375 0.4830734375 0.46484375 0.4752609375 0.46484375 0.4661453125 0.4697265625 0.4661453125 0.4736328125 0.4700515625 0.4765625 0.4895828125 0.4755859375 0.4921875 0.4716796875 0.4895828125 0.4677734375
0 0.6471359375 0.419921875 0.6419265625 0.4140625 0.6341140625 0.412109375 0.6263015625 0.4140625 0.62109375 0.41796875 0.6080734375 0.41796875 0.6015625 0.4228515625 0.5989578125 0.4326171875 0.6080734375 0.443359375 0.6184890625 0.443359375 0.62109375 0.4453125 0.6263015625 0.443359375 0.62890625 0.4453125 0.6432296875 0.4443359375 0.6458328125 0.4423828125 0.6432296875 0.4345703125 0.6471359375 0.431640625 0.6549484375 0.431640625 0.6783859375 0.412109375 0.6848953125 0.4111328125 0.6783859375 0.40625 0.6653640625 0.404296875 0.6497390625 0.419921875 0.6471359375 0.419921875
0 0.5078125 0.2392578125 0.5130203125 0.2275390625 0.5260421875 0.2138671875 0.5247390625 0.2109375 0.5169265625 0.2109375 0.4973953125 0.2314453125 0.4869796875 0.2373046875 0.4934890625 0.2421875 0.5026046875 0.2412109375 0.5078125 0.2392578125
0 0.716059375 0.2837953125 0.6999 0.286703125 0.6927890624999999 0.29445625 0.7018390625 0.30269375 0.7063640625 0.309478125 0.7063640625 0.3162625 0.7057171875 0.3264375 0.7129296875 0.3352921875 0.728340625 0.33515937500000004 0.72769375 0.3230453125 0.72769375 0.304146875 0.74579375 0.2934875 0.75031875 0.279434375 0.746440625 0.27168125 0.7302796875 0.2697421875 0.7225234375 0.27749531250000004 0.716059375 0.2837953125
0 0.8046875 0.3330078125 0.7981765625 0.326171875 0.7916671875 0.3271484375 0.79296875 0.33203125 0.7981765625 0.333984375 0.8046875 0.3330078125
0 0.9244796875000001 0.3095703125 0.9309890624999999 0.314453125 0.9401046875000001 0.3134765625 0.9361984375000001 0.30859375 0.9244796875000001 0.3095703125
0 0.6510421875 0.1923828125 0.65234375 0.1953125 0.65625 0.1943359375 0.65234375 0.19140625 0.6510421875 0.1923828125
0 0.8567703124999999 0.2138671875 0.8606765624999999 0.216796875 0.8645828124999999 0.2158203125 0.86328125 0.212890625 0.8567703124999999 0.2138671875
0 0.87890625 0.220703125 0.875 0.2255859375 0.8802078124999999 0.2255859375 0.8854171875000001 0.2236328125 0.87890625 0.220703125
0 0.9283859375000001 0.271484375 0.9270828124999999 0.2802734375 0.9296875 0.2841796875 0.9270828124999999 0.2861328125 0.9322921875000001 0.2861328125 0.9322921875000001 0.2744140625 0.9348953124999999 0.2724609375 0.9283859375000001 0.271484375
0 0.7864578125 0.2392578125 0.79296875 0.244140625 0.796875 0.2431640625 0.8020828124999999 0.2412109375 0.80078125 0.23828125 0.7903640625 0.236328125 0.7864578125 0.2392578125
0 0.80078125 0.232421875 0.80859375 0.234375 0.8203125 0.2333984375 0.8138015624999999 0.224609375 0.8033859375000001 0.224609375 0.7994796875 0.2294921875 0.80078125 0.232421875
0 0.7109375 0.2353515625 0.7122390625 0.23828125 0.7161453125 0.2373046875 0.7174484375 0.234375 0.7109375 0.2353515625
0 0.7291671875 0.2001953125 0.7330734375 0.203125 0.7369796875 0.2021484375 0.7356765625 0.19921875 0.7291671875 0.2001953125
0 0.6953125 0.2392578125 0.69921875 0.2421875 0.7005203125 0.2412109375 0.703125 0.2392578125 0.7005203125 0.2353515625 0.6966140625 0.234375 0.6953125 0.2392578125
0 0.7109375 0.2236328125 0.7122390625 0.228515625 0.7291671875 0.2275390625 0.7317703125 0.2236328125 0.7278640625 0.220703125 0.71484375 0.220703125 0.7109375 0.2236328125
0 0.6960625 0.27495625 0.7010140625 0.2688828125 0.7005640625 0.25842187499999997 0.6984890625 0.2512125 0.6978625 0.2493109375 0.685709375 0.2472859375 0.6704046875 0.2472859375 0.6695046875 0.2540359375 0.665903125 0.263146875 0.665903125 0.2709078125 0.6695046875 0.27934375 0.683459375 0.27866875 0.6960625 0.27495625
0 0.23723125 0.452934375 0.230928125 0.4492234375 0.216975 0.45057187499999996 0.2120234375 0.4590078125 0.21337343749999998 0.4657578125 0.228228125 0.47216874999999997 0.2421828125 0.47284375 0.2538859375 0.46305781250000005 0.23815624999999999 0.46055624999999994 0.23723125 0.452934375
0 0.4981328125 0.564478125 0.5024421875 0.5746296875 0.5036734375 0.5801671875000001 0.5098281250000001 0.583396875 0.5209078125 0.5926265625 0.53269375 0.6015312500000001 0.56030625 0.59828125 0.5818484374999999 0.5690921875 0.561534375 0.5497109375 0.5541484375 0.54925 0.5381437499999999 0.54925 0.5202921875000001 0.54925 0.50798125 0.55201875 0.49874843750000003 0.5524796875 0.4981328125 0.564478125
0 0.911928125 0.08685781249999999 0.9161921875000001 0.074075 0.901853125 0.0717515625 0.8813140625000001 0.0694265625 0.8646499999999999 0.0729125 0.868525 0.08104687499999999 0.8794437500000001 0.07965 0.893328125 0.09034375 0.911928125 0.08685781249999999
0 0.7786453125 0.0673828125 0.7825515625 0.0703125 0.7864578125 0.0693359375 0.7890625 0.0673828125 0.7877609375 0.064453125 0.7825515625 0.064453125 0.7786453125 0.0673828125
0 0.6764421875 0.16031718749999999 0.6860015625 0.15628906250000002 0.6906515625 0.152221875 0.6891015625 0.14583125 0.682125 0.1432171875 0.6736 0.1417640625 0.6577109375 0.147284375 0.6569359375 0.1583234375 0.6662375 0.160646875 0.6739875 0.160646875 0.6764421875 0.16031718749999999
0 0.689675 0.06969062499999999 0.69045 0.07230625 0.6982015625 0.07375781249999999 0.7063390625 0.0743390625 0.689675 0.06969062499999999