4 0.21289843749999998 0.40215781249999993 0.001975 0.46947031250000004 0.0016671874999999998 0.5438265624999999 0.233734375 0.6004265625 0.4445984375 0.4528203125 0.21289843749999998 0.40215781249999993
4 0.245875 0.600146875 0.6347 0.7001875 0.692828125 0.505834375 0.45250781250000005 0.4517515625 0.245875 0.600146875
4 0.972034375 0.560875 0.91619375 0.45830000000000004 0.7254343750000001 0.4241671875 0.6994953125000001 0.505834375 0.972034375 0.560875
4 0.692828125 0.505834375 0.721165625 0.42264843750000003 0.5410015625 0.3873984375 0.45195937500000005 0.45329687500000004 0.692828125 0.505834375
4 0.2160921875 0.402009375 0.4477921875 0.45079375 0.5403046875 0.3869984375 0.3711578125 0.3521953125 0.2160921875 0.402009375
4 0.3737546875 0.3513984375 0.541278125 0.3864234375 0.5921203125 0.3482703125 0.45972656250000005 0.32168437499999997 0.3737546875 0.3513984375
4 0.5946203125 0.34764531249999997 0.5437796875 0.3870484375 0.722971875 0.422075 0.7379374999999999 0.3748828125 0.5946203125 0.34764531249999997
4 0.7261796875 0.423490625 0.915553125 0.4592171875 0.8876375 0.40277343749999994 0.738875 0.3754578125 0.7261796875 0.423490625
4 0.739403125 0.37625156249999997 0.888575 0.4020546875 0.871646875 0.3659296875 0.7500796875 0.3451765625 0.739403125 0.37625156249999997
4 0.737815625 0.3746640625 0.7473375 0.343303125 0.62971875 0.322834375 0.5971093749999999 0.3480671875 0.737815625 0.3746640625
4 0.5934062499999999 0.34767031249999997 0.6277890625 0.32266093749999997 0.5126625 0.3009875 0.4606328125 0.3206765625 0.5934062499999999 0.34767031249999997
4 0.6279625 0.3225703125 0.652634375 0.3040546875 0.5541984375 0.286228125 0.5154671875 0.300528125 0.6279625 0.3225703125
4 0.654396875 0.3040546875 0.6303124999999999 0.322790625 0.7472125000000001 0.3435109375 0.7532281249999999 0.32151718749999997 0.654396875 0.3040546875
4 0.7558390625 0.322246875 0.7487890625 0.3442890625 0.871859375 0.3665515625 0.858984375 0.3394375 0.7558390625 0.322246875