4 0.51916875 0 0.41517187499999997 0.000765625 0.4122265625 0.0110328125 0.641009375 0.5757656250000001 1 0.52754375 1 0 0.976434375 0 0.9355781249999999 0.0036984375 0.9281499999999999 0 0.51916875 0
4 0 0.23386875 0.281634375 0.628571875 0.52318125 0.5963015625 0.60860625 0.5772328124999999 0.6046796875 0.556696875 0.5398734375 0.398278125 0.368040625 0.000765625 0.2040640625 0.0022328125 0 0.08169531249999999 0 0.23386875
4 0 0.66919375 0.2511953125 0.632971875 0.19522656249999998 0.5434953124999999 0 0.27770937500000004 0 0.66919375
4 1 0.5537625 0.9856562500000001 0.5537625 0.774546875 0.5816328125 0.7617828125 0.5919 0.8177515625 0.7693875 1 0.757678125 1 0.5537625
4 0.7421453125 0.5977671875 0.735271875 0.590434375 0.7146515625000001 0.5919 0.499615625 0.6197703125 0.47506875 0.6300375 0.5624578125 0.7899234374999999 0.7941859375 0.772321875 0.7912390625 0.7473859375 0.7421453125 0.5977671875
4 0.4357921875 0.6300375 0.2659234375 0.6520406249999999 0.23744843750000003 0.662309375 0.344475 0.807525 0.54085625 0.7899234374999999 0.461321875 0.63590625 0.45444843749999997 0.628571875 0.4357921875 0.6300375
4 0.20013593749999997 0.662309375 0.0518703125 0.681378125 0.0391046875 0.6887125000000001 0.157915625 0.8192609375 0.3052 0.810459375 0.3218921875 0.803125 0.21879218749999998 0.6608421875 0.20013593749999997 0.662309375
4 0 0.8307015625 0.1372953125 0.8177937500000001 0.0400875 0.70778125 0.0184859375 0.6872453125 0.007684375 0.6887125000000001 0 0.690625 0 0.8307015625
4 1 0.7708546875 0.9895828124999999 0.7708546875 0.6861765625 0.7928578125 0.6763578125 0.795790625 0.6753750000000001 0.803125 0.70385 0.86033125 0.8884484374999999 0.8544640625 0.892375 0.8427296875 0.90219375 0.8544640625 0.9866375 0.8515312500000001 1 0.8475374999999999 1 0.7708546875
4 0.49667031250000004 0.8148593749999999 0.5310359375 0.8691328125 0.6871578125 0.8588640625 0.6626109375 0.798725 0.6164625 0.8001906249999999 0.49765156250000003 0.807525 0.49667031250000004 0.8148593749999999
4 0.499615625 0.872065625 0.51434375 0.8647328125 0.5123796875 0.8471296875000001 0.49863437499999996 0.8353953125 0.4956875 0.8192609375 0.48194218749999995 0.810459375 0.43382812499999995 0.8119265625000001 0.338584375 0.8192609375 0.3356390625 0.82659375 0.3739328125 0.875 0.499615625 0.872065625
4 0.19228125000000001 0.8353953125 0.23450312499999998 0.8808671875 0.3592046875 0.8735328125 0.3209109375 0.82219375 0.2747609375 0.8236609375 0.197190625 0.8280609374999999 0.19228125000000001 0.8353953125
4 0.1372953125 0.8324624999999999 0.08525468750000001 0.8339281250000001 0.0675796875 0.8368625 0.064634375 0.844196875 0.10882031249999999 0.886734375 0.215846875 0.8794000000000001 0.1755890625 0.8309953125 0.1372953125 0.8324624999999999
4 0 0.889521875 0.0901640625 0.8852671875 0.0479421875 0.8397953125000001 0 0.8412000000000001 0 0.889521875