4 0.4988265625 0.6724671875 0.7451203125 0.8588578124999999 0.8834796875 0.696275 0.670059375 0.5714625 0.4988265625 0.6724671875
4 0.3377578125 0.5433484375 0.5027359375 0.673509375 0.6703812499999999 0.573846875 0.51211875 0.4808703125 0.3377578125 0.5433484375
4 0.17434531250000002 0.46004531249999997 0.2908453125 0.5548015625 0.48074218750000003 0.48658437499999996 0.3612140625 0.4131875 0.17434531250000002 0.46004531249999997
4 0 0.6565046875 0.2842625 0.5556140625 0.16965312500000002 0.46004531249999997 0 0.50163125 0 0.6565046875
4 0 0.5025625 0.16793750000000002 0.4605359375 0.0828640625 0.39027968749999997 0 0.4051609375 0 0.5025625
4 0.6708406250000001 0.5693796875 0.8874234375000001 0.6922515625 0.9704796874999999 0.5946859375 0.7849953125 0.5027375000000001 0.6708406250000001 0.5693796875
4 0.5191546875 0.47774687499999996 0.67396875 0.570421875 0.7842140625 0.5058609374999999 0.638784375 0.43193125 0.5191546875 0.47774687499999996
4 0.3666875 0.414228125 0.4839703125 0.4850359375 0.6156406249999999 0.43839531249999997 0.500390625 0.3809078125 0.3666875 0.414228125
4 0.088953125 0.388346875 0.174959375 0.4614765625 0.358221875 0.4147796875 0.358809375 0.4126078125 0.2675828125 0.35662812499999996 0.088953125 0.388346875
4 0.017499999999999998 0.3319578125 0.08696875 0.389228125 0.2636890625 0.35860625 0.1881921875 0.3099296875 0.017499999999999998 0.3319578125
4 0 0.318303125 0.017499999999999998 0.3337203125 0.186765625 0.3101171875 0.1260015625 0.272925 0 0.287225 0 0.318303125
4 0.2741984375 0.35662812499999996 0.3688078125 0.41566093750000005 0.4984796875 0.38129843750000003 0.5002484375 0.3795453125 0.40784062499999996 0.3337203125 0.2741984375 0.35662812499999996
4 0.6405000000000001 0.4332828125 0.7886984375 0.50465 0.862928125 0.45558750000000003 0.730478125 0.3998015625 0.6405000000000001 0.4332828125
4 1 0.5132609375 0.866765625 0.45619062499999996 0.7853890625 0.50376875 0.971959375 0.590996875 1 0.5578796875 1 0.5132609375
4 0.7318 0.3998015625 0.866765625 0.457071875 0.92248125 0.4225265625 0.8039140625 0.37425 0.7318 0.3998015625
4 1 0.45042187499999997 0.924325 0.42182812500000005 0.8674265625 0.45619062499999996 1 0.512425 1 0.45042187499999997
4 0.8561796875000001 0.355746875 0.8065609374999999 0.37425 0.9241359375 0.423628125 0.9706359375 0.3953953125 0.8561796875000001 0.355746875
4 1 0.407421875 0.9660046875000001 0.3945140625 0.9269703125 0.422709375 1 0.45189375 1 0.407421875
4 0.18929374999999998 0.3099296875 0.27066875 0.357509375 0.40221718749999996 0.3343625 0.32161249999999997 0.2949515625 0.18929374999999998 0.3099296875
4 0.5048734375 0.38041718750000003 0.619990625 0.43856875000000006 0.7115640625 0.40379062499999996 0.6027890625000001 0.354865625 0.5048734375 0.38041718750000003
4 0.6027890625000001 0.35662812499999996 0.7152609375 0.40420625 0.7860046875 0.37844375 0.6788734375 0.3363625 0.6027890625000001 0.35662812499999996
4 0.6868125 0.33900625 0.7867124999999999 0.37777343750000003 0.84473125 0.359709375 0.7490015624999999 0.321384375 0.6868125 0.33900625
4 0.7490015624999999 0.322265625 0.8449328125 0.359271875 0.8919062500000001 0.3415796875 0.7999453125 0.30816875 0.7490015624999999 0.322265625
4 0.8006062500000001 0.3107421875 0.887275 0.3424609375 0.9266171875 0.3233421875 0.8475796875 0.29664531250000004 0.8006062500000001 0.3107421875
4 0.8500203125000001 0.297071875 0.9322640625 0.326421875 0.9629031250000001 0.31303749999999997 0.8828109375000001 0.28776406250000003 0.8500203125000001 0.297071875
4 0.4124578125 0.33215 0.503840625 0.3808296875 0.6 0.3560171875 0.5124421875 0.3164 0.4124578125 0.33215
4 0.5129796875 0.31783125 0.6049 0.3586375 0.6737046875 0.33859218750000003 0.67585625 0.33572812500000004 0.5946859375 0.3049453125 0.5129796875 0.31783125
4 0.5979109375 0.30560624999999997 0.6849937500000001 0.33996875000000004 0.74785 0.31930468749999996 0.6667171875 0.29200312500000003 0.5979109375 0.30560624999999997
4 0.6677921875 0.2927203125 0.7543375 0.324934375 0.798925 0.30676875 0.718859375 0.28126562499999996 0.6677921875 0.2927203125
4 0.724234375 0.282753125 0.8064796875000001 0.3106734375 0.83991875 0.2987109375 0.7699265625 0.274878125 0.724234375 0.282753125
4 0.7688515625 0.2755953125 0.8462578125 0.298446875 0.875821875 0.28776406250000003 0.877553125 0.28617499999999996 0.804328125 0.2662875 0.7688515625 0.2755953125
4 0.3259140625 0.2948671875 0.40977031249999996 0.3356734375 0.5059140625 0.3157234375 0.42858437499999996 0.28341249999999996 0.3259140625 0.2948671875
4 0.432884375 0.28341249999999996 0.5102921874999999 0.3199234375 0.588575 0.3040828125 0.5124421875 0.2755390625 0.432884375 0.28341249999999996
4 0.5151296875 0.2755390625 0.5941484375 0.30703749999999996 0.6544359375 0.2942328125 0.5790968750000001 0.26623125000000003 0.5151296875 0.2755390625
4 0.5876984375000001 0.2684359375 0.6586546875 0.2963546875 0.7088703125 0.284384375 0.642528125 0.2605609375 0.5876984375000001 0.2684359375
4 0.648440625 0.26199218750000003 0.716171875 0.28346875 0.7680109374999999 0.2754296875 0.6984328125 0.25411875 0.648440625 0.26199218750000003
4 0.7005828125 0.25406249999999997 0.7715390625 0.2769703125 0.8022843749999999 0.2655796875 0.7403609375 0.246903125 0.7005828125 0.25406249999999997
4 0.131503125 0.27323906249999996 0.190384375 0.3120078125 0.3215875 0.2946875 0.2538984375 0.2609046875 0.131503125 0.27323906249999996
4 0.2618375 0.2617859375 0.3293203125 0.29790937500000003 0.4282875 0.28477031249999996 0.3610765625 0.25385625 0.2618375 0.2617859375
4 0.5225046875 0.2450453125 0.5873421875 0.269715625 0.6400328125 0.260525 0.5813875000000001 0.23711406249999997 0.5225046875 0.2450453125
4 0.3683546875 0.2547359375 0.4312046875 0.28645624999999997 0.5126546875 0.2748515625 0.4497296875 0.24945 0.3683546875 0.2547359375
4 0.45766875 0.2512125 0.5152281249999999 0.2776453125 0.5746890625 0.2649328125 0.5205203125 0.2432828125 0.45766875 0.2512125
4 0.5864796875 0.2400359375 0.6489484375 0.26354687499999996 0.6982453125 0.253959375 0.6335578125 0.237021875 0.5864796875 0.2400359375
4 0.6362734375 0.2376234375 0.7019109375 0.254503125 0.734465625 0.2456640625 0.6774671875 0.22978749999999998 0.6362734375 0.2376234375
4 0.575615625 0.2182859375 0.6344640625 0.2387828125 0.672778125 0.230584375 0.619071875 0.2122578125 0.575615625 0.2182859375
4 0.41899218749999995 0.22793125 0.4733125 0.2520453125 0.5301640625 0.24189375000000002 0.4810078125 0.22250625 0.41899218749999995 0.22793125
4 0.24116093749999998 0.2330734375 0.29729218749999997 0.26080468749999997 0.388278125 0.2535703125 0.3307890625 0.22885312500000002 0.24116093749999998 0.2330734375
4 0.18955625 0.2095625 0.2420671875 0.2330734375 0.3289796875 0.2276484375 0.28054375 0.20775312499999998 0.18955625 0.2095625
4 0.3375796875 0.230059375 0.39235312499999997 0.25598125 0.4598 0.248746875 0.4611203125 0.2479265625 0.4122703125 0.2264421875 0.3375796875 0.230059375
4 0.37379375000000004 0.20654843750000002 0.42041874999999995 0.22945625 0.4769671875 0.22228906249999997 0.42675625000000006 0.20413593749999998 0.37379375000000004 0.20654843750000002
4 0.28869218750000003 0.20835625000000002 0.33984375 0.2306625 0.410753125 0.2253046875 0.3728875 0.2071515625 0.28869218750000003 0.20835625000000002
4 0.5271703125 0.221784375 0.5882796875 0.24228125 0.62580625 0.2358625 0.5683625 0.2163578125 0.5271703125 0.221784375
4 0.471390625 0.20392812500000002 0.529684375 0.22301875 0.5685781249999999 0.21680937500000003 0.5258609375 0.20265624999999998 0.471390625 0.20392812500000002
4 0.5268171875000001 0.2032921875 0.5736421875 0.2185640625 0.6109125 0.2128375 0.572209375 0.2001109375 0.5268171875000001 0.2032921875