4 0.257859375 0.6929765625 0.037621875 0.95333125 0.8440687499999999 0.92484375 0.8039296874999999 0.61576875 0.257859375 0.6929765625
4 0.7872578125 0.477896875 0.375575 0.55335625 0.261225 0.6873765625 0.800015625 0.6115765625 0.7872578125 0.477896875
4 0.44930000000000003 0.469290625 0.3776046875 0.5509703125 0.7836593749999999 0.47502500000000003 0.7753609375 0.4009875 0.44930000000000003 0.469290625
4 0.49617187500000004 0.41321562500000003 0.45094531250000003 0.4669609375 0.773734375 0.3976546875 0.768903125 0.3506296875 0.49617187500000004 0.41321562500000003
4 0.53355625 0.37184531249999997 0.50015 0.41037187499999994 0.7674218749999999 0.34815 0.765671875 0.3159421875 0.53355625 0.37184531249999997
4 0.5597140625 0.34028125 0.5340578125000001 0.3695984375 0.7658031249999999 0.3139703125 0.7633265625 0.28638906249999996 0.5597140625 0.34028125
4 0.5778749999999999 0.317734375 0.5607249999999999 0.33871562499999996 0.7625015625 0.2851578125 0.7614359375 0.266834375 0.5778749999999999 0.317734375
4 0.5941296875 0.2995671875 0.5795874999999999 0.3158171875 0.7607859375 0.26572968750000003 0.7604 0.253596875 0.5941296875 0.2995671875
4 0.4911578125 0.41472968750000005 0.26904374999999997 0.46282968750000003 0.18361875 0.5239546875000001 0.4438640625 0.46884375 0.4911578125 0.41472968750000005
4 0.335390625 0.4172734375 0.27309843749999996 0.4609671875 0.49206874999999994 0.413090625 0.5265796875000001 0.373715625 0.335390625 0.4172734375
4 0.380309375 0.3847921875 0.340603125 0.41469531249999997 0.5254765625 0.37260468750000003 0.5513828125 0.34368125 0.380309375 0.3847921875
4 0.4194375 0.3565640625 0.38406093750000003 0.38193125 0.551840625 0.3422515625 0.57144375 0.319640625 0.4194375 0.3565640625
4 0.44819375 0.3360359375 0.419796875 0.3550171875 0.5723109375 0.31829687500000003 0.587271875 0.30095937500000003 0.44819375 0.3360359375
4 0.281975 0.3930453125 0.40159374999999997 0.36523125 0.4383734375 0.33880625000000003 0.31498750000000003 0.37225312499999996 0.281975 0.3930453125
4 0.40000937499999994 0.36677031250000003 0.28073281250000004 0.393953125 0.24209687500000002 0.41544687500000005 0.3702125 0.38826875 0.40000937499999994 0.36677031250000003
4 0.32931875 0.41735625 0.3671109375 0.390553125 0.23973125 0.41735625 0.1673015625 0.45920625 0.31981875 0.42342500000000005 0.32931875 0.41735625
4 0.3169375 0.425584375 0.1645921875 0.46189375000000005 0.0896671875 0.5038171874999999 0.2579984375 0.4682578125 0.3169375 0.425584375
4 0 0.5642015625 0.1745765625 0.5243390625 0.253153125 0.47133125 0.08656406250000001 0.505334375 0 0.5546734375 0 0.5642015625