4 0.7475984375 0.3072421875 0.930784375 0.4637875 0.9263984375 0.390209375 0.7923453125 0.2820828125 0.7475984375 0.3072421875
4 0.582590625 0.16886718750000002 0.747846875 0.30778906250000004 0.79715625 0.28595468749999997 0.6636953125 0.1800484375 0.582590625 0.16886718750000002
4 0.44205468750000004 0.0500609375 0.57979375 0.1674703125 0.6642109375 0.1793109375 0.5616156250000001 0.089196875 0.44205468750000004 0.0500609375
4 0.9496625 0.6567828125 0.9308015624999999 0.46046250000000005 0.7399078125 0.3017609375 0.6294359375 0.354875 0.9496625 0.6567828125
4 0.3723984375 0.1233890625 0.6264359374999999 0.3656609375 0.745046875 0.29875625 0.5774921875000001 0.16376718750000002 0.3723984375 0.1233890625
4 0.9787859375 1 0.947934375 0.661978125 0.61831875 0.3524828125 0 0.6405531250000001 0 0.8328749999999999 0.10226249999999999 1 0.9787859375 1
4 0 0.615534375 0.6177890625 0.352709375 0.35737968750000004 0.12078906250000002 0 0.0670859375 0 0.615534375
4 0.23490625 0 0.36699375 0.1305609375 0.56861875 0.1582171875 0.4307953125 0.043203124999999995 0.29059843750000003 0 0.23490625 0
4 0 0 0 0.0666734375 0.3503890625 0.11832968749999999 0.3577359375 0.11014062499999999 0.225725 0 0 0
4 0.7962578125 0.283828125 0.9239765625 0.39285000000000003 0.917425 0.3254078125 0.8344796875 0.263328125 0.7962578125 0.283828125
4 0.8366281250000001 0.2639109375 0.9196578125 0.32855625 0.9173218750000001 0.26500625 0.8704234375000001 0.237121875 0.8366281250000001 0.2639109375
4 0.2903703125 0 0.4359984375 0.045278125 0.380171875 0 0.2903703125 0
4 0.3789921875 0 0.43716406250000006 0.046442187499999996 0.55893125 0.0879953125 0.44155468750000004 0 0.3789921875 0