4 0 0.8397171875 0.08451718750000001 0.8730921875 0.26743125 0.86474375 0.22026249999999997 0.8125046875 0 0.8234453125 0 0.8397171875
4 0.4442015625 0.853321875 0.4652578125 0.79943125 0.23042812499999998 0.8136906249999999 0.27345312499999996 0.8635249999999999 0.4442015625 0.853321875
4 0.6126734375 0.8483921875 0.694503125 0.78844375 0.47384062499999996 0.7999234375000001 0.451034375 0.852871875 0.6126734375 0.8483921875
4 0.775403125 0.8407390625 0.9113078124999999 0.7788765625 0.703596875 0.78716875 0.6203640625 0.8476859375 0.775403125 0.8407390625
4 1 0.77430625 0.9236953124999999 0.777746875 0.782765625 0.8399281249999999 0.9294375 0.8341890624999999 1 0.809165625 1 0.77430625
4 1 0.656853125 0.901290625 0.656853125 0.7084406249999999 0.784575 0.9199546875 0.775834375 1 0.7428078124999999 1 0.656853125
4 1 0.0728078125 0.8017171875000001 0.0547734375 0.53506875 0.6577968750000001 0.8983046874999999 0.6522125 1 0.58385 1 0.0728078125
4 1 0.593790625 0.910725 0.65226875 1 0.6522718750000001 1 0.593790625
4 1 0.7463015625 0.9298343750000001 0.775003125 1 0.772446875 1 0.7463015625
4 0 0.5447015625 0.110603125 0.6693828125 0.5173484375 0.657903125 0.75785625 0.051090625 0 0.0013124999999999999 0 0.5447015625
4 0 0.675028125 0.087053125 0.6702234375 0 0.5743640625 0 0.675028125
4 0 0.8213109375000001 0.21400156250000002 0.8109421875 0.09774374999999999 0.6772843749999999 0 0.6811906249999999 0 0.8213109375000001
4 0.46621562499999997 0.796340625 0.5142546875 0.667309375 0.1155265625 0.67814375 0.225490625 0.810621875 0.46621562499999997 0.796340625
4 0.6999953125 0.7840281250000001 0.8869796875 0.65844375 0.531621875 0.6653390625 0.4771859375 0.7964328125 0.6999953125 0.7840281250000001