4 0 0 0 0.42642187500000006 0.066334375 0.5093921875 0.066334375 0.5154171875 0.6531421875000001 0.537103125 0.7232203125 0 0 0
4 0.769 0 0.6676375 0.537103125 1 0.54955625 1 0 0.769 0
4 0.64750625 0.551321875 0.0805015625 0.530221875 0.259146875 0.7645078125 0.6193500000000001 0.7863359375 0.64750625 0.551321875
4 1 0.5637171875 0.6694140625 0.55205 0.630578125 0.787790625 1 0.809796875 1 0.5637171875
4 0.616834375 0.7901281250000001 0.26373125000000003 0.7667671875 0.3442140625 0.8729531250000001 0.343646875 0.872103125 0.6037984375 0.8912171875 0.616834375 0.7901281250000001
4 1 0.8152453124999999 0.63114375 0.793115625 0.6099421875 0.8907921875 0.8802953125 0.9120296874999999 1 0.820303125 1 0.8152453124999999
4 1 0.824475 0.8910875 0.9110765625000001 0.8893875 0.9110765625000001 1 0.919259375 1 0.824475
4 0.6020265625000001 0.8941640625 0.3467734375 0.8740171875 0.3928609375 0.9349015625 0.3922703125 0.934015625 0.5931625 0.9501781250000001 0.6020265625000001 0.8941640625
4 0.6084171875 0.8935000000000001 0.5995546875 0.9506203125000001 0.809309375 0.9663390625 0.809309375 0.9667828125 0.8775546875 0.9136468750000001 0.6084171875 0.8935000000000001
4 1 0.9223765625 0.8850078124999999 0.9146828125 0.88585625 0.9129828124999999 0.8134750000000001 0.96833125 1 0.9817953125000001 1 0.9223765625
4 0.39464062499999997 0.9365890625000001 0.4233359375 0.9746 0.587225 0.9880796875 0.58731875 0.9888078124999999 0.5916703125 0.9515812499999999 0.39464062499999997 0.9365890625000001
4 0.76581875 1 0.80681875 0.9686953125000001 0.59806875 0.952490625 0.5930171875 0.9885328124999999 0.7384640625000001 1 0.76581875 1
4 1 0.9832656249999999 0.8134578125 0.96838125 0.81315 0.9685625 0.7699859375 1 0.9824484375000001 1 1 0.9934125 1 0.9832656249999999
4 0.5864125 1 0.58729375 0.9898578125 0.42494375 0.9766171874999999 0.44170468749999997 1 0.5864125 1