4 0.26165 0.6868765625 0.08405312499999999 0.5351078125 0.0883046875 0.6064406250000001 0.21826875 0.71126875 0.26165 0.6868765625
4 0.4216234375 0.8210296874999999 0.261409375 0.686346875 0.2136046875 0.707515625 0.34299375 0.8101890624999999 0.4216234375 0.8210296874999999
4 0.557871875 0.9362125000000001 0.4243359375 0.8223859375 0.34249375 0.81090625 0.441959375 0.8982703125 0.557871875 0.9362125000000001
4 0.0657515625 0.348 0.0840359375 0.5383312499999999 0.26910625 0.6921906250000001 0.3762078125 0.6406984375 0.0657515625 0.348
4 0.625403125 0.865121875 0.3791171875 0.630240625 0.264125 0.6951031249999999 0.4265671875 0.825975 0.625403125 0.865121875
4 0.0361234375 0 0.067425 0.3429625 0.3869859375 0.6430171875 1 0.35741875 1 0.19944062499999998 0.8779640625 0 0.0361234375 0
4 1 0.3822234375 0.3875 0.6427968749999999 0.6399640625 0.8676406249999999 1 0.9217453125 1 0.3822234375
4 0.774134375 1 0.6306437500000001 0.8581687499999999 0.43516875 0.83135625 0.5687890624999999 0.9428609375000001 0.7542093750000001 1 0.774134375 1
4 1 0.9221046875000001 0.6467421875 0.870025 0.63961875 0.8779656250000001 0.7858859375 1 1 1 1 0.9221046875000001
4 0.21447500000000003 0.7095765625 0.090653125 0.6038812499999999 0.09700625 0.669265625 0.17741875000000001 0.7294515625 0.21447500000000003 0.7095765625
4 0.1753359375 0.7288859375000001 0.094840625 0.6662140625 0.0971046875 0.7278249999999999 0.1425734375 0.7548578125 0.1753359375 0.7288859375000001
4 0.7539921875 1 0.56374375 0.94085 0.636675 1 0.7539921875 1
4 0.6381171875 1 0.5626140625 0.9397203125000001 0.44456249999999997 0.899434375 0.5787046874999999 1 0.6381171875 1