4 0 0.5500140625000001 0.22652968750000002 0.605284375 0.43976249999999995 0.4559640625 0.2054578125 0.40471406249999997 0 0.47030781250000003 0 0.5500140625000001
4 0.69078125 0.50959375 0.4477609375 0.4548828125 0.23880625000000003 0.605 0.632 0.706203125 0.69078125 0.50959375
4 0.723753125 0.4269796875 0.6975234375 0.50959375 0.9731249999999999 0.565271875 0.91665625 0.4615078125 0.723753125 0.4269796875
4 0.5372484375 0.38978437499999996 0.44720624999999997 0.456446875 0.69078125 0.50959375 0.7194359375 0.42544375 0.5372484375 0.38978437499999996
4 0.5365453125 0.389378125 0.3654953125 0.35417187499999997 0.2086875 0.4045640625 0.44299218749999997 0.45391562499999993 0.5365453125 0.389378125
4 0.588940625 0.3502015625 0.4550609375 0.3233078125 0.36812187500000004 0.353365625 0.5375296875 0.38879687500000004 0.588940625 0.3502015625
4 0.7212640625 0.4248625 0.7363984375 0.377121875 0.5914703125 0.34956875 0.5400578125 0.3894296875 0.7212640625 0.4248625
4 0.8877796874999999 0.4053359375 0.7373453125 0.37770468749999997 0.72450625 0.42629374999999997 0.9160078125 0.4624359375 0.8877796874999999 0.4053359375
4 0.871609375 0.3680671875 0.7486765625 0.34707187500000003 0.7378796875 0.3785078125 0.8887265624999999 0.404609375 0.871609375 0.3680671875
4 0.6269625 0.3244703125 0.5939859375000001 0.349996875 0.736275 0.3769015625 0.745903125 0.3451765625 0.6269625 0.3244703125
4 0.5085921875 0.3023703125 0.45597656249999996 0.3222875 0.5902421875 0.34959531250000003 0.6250125 0.3242953125 0.5085921875 0.3023703125
4 0.55059375 0.287440625 0.5114265625 0.30190625 0.6251859375000001 0.32420312500000004 0.6501359375 0.3054734375 0.55059375 0.287440625
4 0.7457765625 0.3453859375 0.751859375 0.3231390625 0.65191875 0.3054734375 0.6275625 0.3244265625 0.7457765625 0.3453859375
4 0.8718234375 0.3686953125 0.8588046874999999 0.3412671875 0.7545 0.3238765625 0.747371875 0.346175 0.8718234375 0.3686953125