4 0.491496875 0.34185937499999997 0.24520312500000002 0.15546875 0.1068421875 0.3180515625 0.3202640625 0.4428640625 0.491496875 0.34185937499999997
4 0.6525640625 0.47097812499999997 0.48758749999999995 0.34081875 0.319940625 0.4404796875 0.4782046875 0.53345625 0.6525640625 0.47097812499999997
4 0.815978125 0.5542812500000001 0.6994765625 0.459525 0.5095796874999999 0.5277421875 0.6291078125 0.6011390624999999 0.815978125 0.5542812500000001
4 1 0.35438749999999997 0.7060609375 0.4587125 0.82066875 0.5542812500000001 1 0.5103234375000001 1 0.35438749999999997
4 1 0.5093421874999999 0.8223843750000001 0.553790625 0.9074578125 0.624046875 1 0.607428125 1 0.5093421874999999
4 0.31948125 0.444946875 0.10289999999999999 0.322075 0.01984375 0.419640625 0.20532656249999998 0.5115890624999999 0.31948125 0.444946875
4 0.47116718750000003 0.5365796875 0.3163546875 0.4439046875 0.2061078125 0.508465625 0.3515390625 0.5823968749999999 0.47116718750000003 0.5365796875
4 0.623634375 0.6000984375 0.5063515625 0.529290625 0.3746828125 0.57593125 0.48993281250000004 0.6334187499999999 0.623634375 0.6000984375
4 0.9013703124999999 0.6259796875 0.8153625 0.5528500000000001 0.6321015625 0.5995468749999999 0.6315140625 0.6017187500000001 0.7227390625 0.6576984375 0.9013703124999999 0.6259796875
4 0.972821875 0.68236875 0.9033546875 0.6250984374999999 0.7266328125 0.6557203125 0.8021312500000001 0.704396875 0.972821875 0.68236875
4 1 0.70455 0.972821875 0.6806078125 0.80355625 0.704209375 0.8643203125 0.7414015625 1 0.726003125 1 0.70455
4 0.7161234375000001 0.6576984375 0.621515625 0.598665625 0.49184374999999997 0.6330281249999999 0.49007500000000004 0.63478125 0.5824812500000001 0.6806078125 0.7161234375000001 0.6576984375
4 0.349821875 0.58104375 0.201625 0.5096765624999999 0.12739375 0.5587390625 0.2598453125 0.614525 0.349821875 0.58104375
4 0 0.5052109375 0.12355624999999999 0.5581359375 0.2049328125 0.5105578125 0.0183640625 0.4233296875 0 0.44501718749999997 0 0.5052109375
4 0.258521875 0.614525 0.12355624999999999 0.5572546875 0.067840625 0.5918 0.1864078125 0.6400765625 0.258521875 0.614525
4 0 0.5675609374999999 0.06599843749999999 0.5924984375 0.1228953125 0.5581359375 0 0.50600625 0 0.5675609374999999
4 0.1341421875 0.6585796875 0.1837625 0.6400765625 0.0661875 0.5906984375000001 0.0196859375 0.6189312499999999 0.1341421875 0.6585796875
4 0 0.610578125 0.0243171875 0.6198125 0.0633515625 0.5916171875 0 0.5663 0 0.610578125
4 0.8010296875 0.704396875 0.719653125 0.6568171875 0.5881062499999999 0.6799640625000001 0.6687109375 0.719375 0.8010296875 0.704396875
4 0.4854484375 0.633909375 0.37033125 0.5757578125 0.27875937500000003 0.6105359375 0.3875328125 0.6594609375 0.4854484375 0.633909375
4 0.3875328125 0.6576984375 0.2750625 0.6101203125 0.2043171875 0.6358828125 0.31145 0.6779640625 0.3875328125 0.6576984375
4 0.3035109375 0.6753203125 0.203609375 0.636553125 0.145590625 0.6546171875 0.2413203125 0.6929421875 0.3035109375 0.6753203125
4 0.2413203125 0.6920609375 0.1453890625 0.65505625 0.09841562499999999 0.672746875 0.190378125 0.706159375 0.2413203125 0.6920609375
4 0.189715625 0.7035843749999999 0.10304687500000001 0.671865625 0.06370624999999999 0.6909859375 0.14274375 0.7176812499999999 0.189715625 0.7035843749999999
4 0.140303125 0.7172562499999999 0.05805781249999999 0.6879046875 0.02741875 0.7012890625 0.10751250000000001 0.7265625 0.140303125 0.7172562499999999
4 0.5778640625 0.6821765625 0.48648125000000003 0.633496875 0.39032187500000004 0.658309375 0.47788125 0.6979265625 0.5778640625 0.6821765625
4 0.47734375 0.6964953125 0.38542343749999997 0.6556890625 0.3166171875 0.675734375 0.31446718749999997 0.6785984375 0.3956359375 0.7093812500000001 0.47734375 0.6964953125
4 0.3924109375 0.7087203125 0.305328125 0.674359375 0.2424734375 0.695021875 0.3236046875 0.7223234374999999 0.3924109375 0.7087203125
4 0.3225296875 0.72160625 0.23598593750000002 0.6893921875 0.19139843750000002 0.7075578124999999 0.2714640625 0.7330609375 0.3225296875 0.72160625
4 0.2660875 0.7315734375 0.18384375 0.703653125 0.150403125 0.7156156250000001 0.220396875 0.7394484375 0.2660875 0.7315734375
4 0.22147187499999998 0.7387312500000001 0.144065625 0.7158796875 0.1145 0.7265625 0.11276875 0.7281515625 0.18599375 0.7480390625 0.22147187499999998 0.7387312500000001
4 0.664409375 0.719459375 0.5805515625 0.6786531250000001 0.48440781250000003 0.698603125 0.5617375 0.7309140625 0.664409375 0.719459375
4 0.5574375 0.7309140625 0.48003125 0.694403125 0.401746875 0.71024375 0.47788125 0.7387875 0.5574375 0.7309140625
4 0.47519375 0.7387875 0.3961734375 0.7072890625 0.3358875 0.72009375 0.41122500000000006 0.7480953125 0.47519375 0.7387875
4 0.402625 0.745890625 0.33166875 0.717971875 0.2814515625 0.7299421875000001 0.3477953125 0.753765625 0.402625 0.745890625
4 0.34188125 0.752334375 0.2741515625 0.7308578125 0.2223125 0.738896875 0.291890625 0.7602078125 0.34188125 0.752334375
4 0.289740625 0.7602640625 0.21878437499999998 0.73735625 0.1880375 0.7487468749999999 0.24996093749999998 0.7674234375 0.289740625 0.7602640625
4 0.85881875 0.7410875 0.7999375 0.70231875 0.668734375 0.7196390625 0.736425 0.753421875 0.85881875 0.7410875
4 0.7284859375 0.752540625 0.6610031249999999 0.7164171875 0.562034375 0.72955625 0.629246875 0.760471875 0.7284859375 0.752540625
4 0.4678171875 0.7692812499999999 0.40298125 0.7446109375 0.3502890625 0.7538015625 0.4089359375 0.7772125 0.4678171875 0.7692812499999999
4 0.62196875 0.759590625 0.5591171875 0.7278703125 0.4776671875 0.739475 0.5405921874999999 0.7648765625 0.62196875 0.759590625
4 0.5326531250000001 0.7631140624999999 0.4750953125 0.73668125 0.4156328125 0.7493937500000001 0.4698015625 0.77104375 0.5326531250000001 0.7631140624999999
4 0.4038421875 0.774290625 0.34137343750000004 0.7507796875 0.2920765625 0.7603671875 0.35676406250000003 0.77730625 0.4038421875 0.774290625
4 0.35404843750000003 0.7767031249999999 0.2884109375 0.7598234374999999 0.2558578125 0.7686625 0.31285625 0.7845390625 0.35404843750000003 0.7767031249999999
4 0.41470624999999994 0.7960406250000001 0.355859375 0.77554375 0.31754375 0.78374375 0.37124999999999997 0.8020703125 0.41470624999999994 0.7960406250000001
4 0.5713296875 0.7863953125 0.517009375 0.76228125 0.4601578125 0.7724328125000001 0.5093140625 0.791821875 0.5713296875 0.7863953125
4 0.7491609375 0.781253125 0.6930296874999999 0.753521875 0.60204375 0.76075625 0.6595328125 0.7854734375 0.7491609375 0.781253125
4 0.800765625 0.8047640625 0.7482562500000001 0.781253125 0.66134375 0.7866796875000001 0.7097796875 0.8065734375 0.800765625 0.8047640625
4 0.6527421875 0.7842671875 0.5979703125 0.7583453125 0.530521875 0.7655796875 0.5292015625000001 0.7664 0.5780515625 0.787884375 0.6527421875 0.7842671875
4 0.6165296875 0.8077781249999999 0.5699046875 0.7848703125000001 0.51335625 0.7920375 0.5635671875 0.810190625 0.6165296875 0.8077781249999999
4 0.7016312499999999 0.8059703125000001 0.6504796875000001 0.7836640625 0.5795703125 0.789021875 0.617434375 0.8071765624999999 0.7016312499999999 0.8059703125000001
4 0.463153125 0.79254375 0.40204218750000004 0.772046875 0.364515625 0.7784640625 0.42195937499999997 0.79796875 0.463153125 0.79254375
4 0.5189328125 0.8103984375 0.46063906250000003 0.7913078125 0.42174375 0.7975171875 0.4644609375 0.8116703125000001 0.5189328125 0.8103984375
4 0.46350625 0.811034375 0.4166796875 0.7957625 0.379409375 0.8014890625 0.4181125 0.8142156249999999 0.46350625 0.811034375