4 0.2735828125 0.4603171875 0.057328124999999994 0.7325078125 0.6716593750000001 0.833090625 0.6025203125 0.5279515625 0.2735828125 0.4603171875
4 1 0.7002359375 0.9110296874999999 0.588378125 0.604615625 0.5279515625 0.6842312500000001 0.83938125 1 0.8981125000000001 1 0.7002359375
4 1 0.6077343749999999 0.9169375000000001 0.5908828125000001 1 0.6939609375 1 0.6077343749999999
4 1 0.5065625 0.9907656250000001 0.4976671875 0.791203125 0.461259375 0.91134375 0.5892031249999999 1 0.6081624999999999 1 0.5065625
4 0.789415625 0.4573578125 0.5740234375 0.4143890625 0.59813125 0.5237 0.9079875 0.586684375 0.789415625 0.4573578125
4 0.354046875 0.36541875 0.2793265625 0.459878125 0.5958953124999999 0.524540625 0.5712843750000001 0.413690625 0.354046875 0.36541875
4 0 0.3994140625 0.27015781250000004 0.4591609375 0.35091875 0.3649828125 0.117128125 0.3162765625 0 0.3666625 0 0.3994140625
4 0.5637703125 0.3542265625 0.576878125 0.4153703125 0.782703125 0.45651875000000003 0.7256546875 0.3893359375 0.5637703125 0.3542265625
4 0.3931953125 0.3178484375 0.3531546875 0.3666625 0.574640625 0.41452968749999997 0.5612171874999999 0.35238593749999997 0.3931953125 0.3178484375
4 0.39230624999999997 0.3187953125 0.2216890625 0.280771875 0.1227203125 0.31795625 0.3553921875 0.36414375 0.39230624999999997 0.3187953125
4 0 0.3624640625 0.1204828125 0.317115625 0 0.290565625 0 0.3624640625
4 0.0455359375 0.243215625 0 0.249934375 0.0007921875 0.2910828125 0.1193640625 0.3154359375 0.2179609375 0.2786734375 0.0455359375 0.243215625
4 0.2838015625 0.25749218749999997 0.14525625 0.22830468750000002 0.0444171875 0.243215625 0.22227812500000002 0.2793265625 0.2838015625 0.25749218749999997
4 0.39454375 0.31795625 0.42209062499999994 0.2884671875 0.28939375 0.2566515625 0.2256328125 0.28016562500000003 0.39454375 0.31795625
4 0.5623359375 0.3532265625 0.551653125 0.31645 0.41915312499999996 0.28688437499999997 0.39790000000000003 0.31795625 0.5623359375 0.3532265625
4 0.6597765625 0.3192484375 0.683146875 0.3498671875 0.814025 0.37506093749999997 0.7703984375 0.342309375 0.6597765625 0.3192484375
4 0.547925 0.291265625 0.555625 0.319634375 0.678671875 0.344828125 0.6574187499999999 0.3187953125 0.547925 0.291265625
4 0.435140625 0.2681796875 0.422509375 0.2852046875 0.555625 0.317115625 0.55003125 0.291921875 0.435140625 0.2681796875
4 0.326084375 0.24229531249999997 0.2849203125 0.25833125 0.424746875 0.289403125 0.4392890625 0.26756875 0.326084375 0.24229531249999997
4 0.2086390625 0.21571250000000003 0.1540421875 0.22725937499999999 0.2849203125 0.2566515625 0.325190625 0.24069687499999998 0.2086390625 0.21571250000000003