4 1 0.63079375 0.409678125 0.6751640625 0.2663171875 0.9750703125 1 0.9486953124999999 1 0.63079375
4 0 0.9784828125 0.24520625 0.9750703125 0.3929828125 0.6763578125 0 0.7011140625000001 0 0.9784828125
4 1 0.4867078125 0.474184375 0.5331671874999999 0.41294062499999995 0.6703859375000001 1 0.6266046875 1 0.4867078125
4 0 0.7035265625 0.397928125 0.6711890625 0.4594390625 0.5351765625 0 0.575759375 0 0.7035265625
4 0 0.5749203125 0.4665078125 0.5314265625 0.49965468749999997 0.45380000000000004 0.10194687499999999 0.4904625 0 0.5526578125 0 0.5749203125
4 1 0.4341046875 0.9648687499999999 0.4057234375 0.507371875 0.45375156250000004 0.4716390625 0.5342390625 1 0.48493906249999996 1 0.4341046875
4 0.52959375 0.3981328125 0.507921875 0.451278125 0.963309375 0.40591875 0.9049609375 0.35685 0.52959375 0.3981328125
4 0.54573125 0.35964843750000003 0.5308546875 0.39704375000000003 0.9052703125000001 0.3559328125 0.8632859375 0.3207671875 0.54573125 0.35964843750000003
4 0.8619640625 0.3212625 0.8326015625000001 0.298265625 0.5584796875 0.33290156249999997 0.54525625 0.3581625 0.8619640625 0.3212625
4 0.8315484375000001 0.297696875 0.80615 0.2809203125 0.5664140625 0.3133 0.5555046875 0.3331109375 0.8315484375000001 0.297696875
4 0.7895640625 0.26773125000000003 0.57304375 0.2964078125 0.566084375 0.3128046875 0.8064234375 0.28036249999999996 0.7895640625 0.26773125000000003
4 0.788903125 0.266740625 0.775978125 0.2561390625 0.5802984375 0.28159999999999996 0.5746796875 0.2962109375 0.788903125 0.266740625
4 0.5721421875 0.2916625 0.3820875 0.3143734375 0.35196875 0.33351406250000004 0.5648703125 0.30800625 0.5721421875 0.2916625
4 0.3215546875 0.35357500000000003 0.5556765625 0.325834375 0.5648703125 0.30800625 0.3539515625 0.33301875000000003 0.3215546875 0.35357500000000003
4 0.5441046875 0.3503046875 0.5566046874999999 0.3263328125 0.3199015625 0.353821875 0.276925 0.37982499999999997 0.5441046875 0.3503046875
4 0.2157640625 0.41550624999999997 0.53211875 0.37973124999999996 0.5437125 0.3498796875 0.274609375 0.379596875 0.2157640625 0.41550624999999997