4 0 0.7132203125000001 0.0730765625 0.805971875 0.2218921875 0.8081671874999999 0.22384374999999998 0.8081671874999999 0.104790625 0.5842734375 0 0.585415625 0 0.7132203125000001
4 0 0.80351875 0.058043750000000005 0.8030078125 0 0.72731875 0 0.80351875
4 0.389340625 0.8157828125 0.3357265625 0.5892046875 0.1176265625 0.586278125 0.23228749999999998 0.8123671874999999 0.389340625 0.8157828125
4 0.348565625 0.59213125 0.40077187500000006 0.81529375 0.559834375 0.81529375 0.5612984375 0.8123671874999999 0.5759359374999999 0.5906687500000001 0.348565625 0.59213125
4 0.7332984375 0.816584375 0.8166375 0.589028125 0.5882921875 0.5919546875 0.571703125 0.81804375 0.7332984375 0.816584375
4 1 0.592825 0.8277546875 0.5913375000000001 0.740565625 0.8170796875 0.8978609375 0.8160109375 0.8985734375 0.8176125000000001 1 0.6631296875 1 0.592825
4 1 0.6801046875 0.9077546875 0.814684375 1 0.8132734375 1 0.6801046875
4 1 0.021406249999999998 0.6355515625 0.01854375 0.5933515625 0.580178125 0.8201750000000001 0.5791890625 0.8214937499999999 0.580178125 1 0.0819390625 1 0.021406249999999998
4 1 0.1424375 0.83501875 0.5775390625 1 0.57959375 1 0.1424375
4 0.612421875 0.014584375 0.22536874999999998 0.0155734375 0.34735312500000004 0.5781968749999999 0.57879375 0.5762203125 0.612421875 0.014584375
4 0 0.351065625 0.10779375 0.5722640625000001 0.33198125 0.5712765625 0.33264062499999997 0.5731234374999999 0.20142500000000002 0.028298437500000002 0 0.035196875 0 0.351065625
4 0 0.571209375 0.095678125 0.5708249999999999 0.0966859375 0.5708249999999999 0 0.3835625 0 0.571209375