4 0 0.3157734375 0.0761890625 0.560809375 0.0856453125 0.563853125 0.1207671875 0.55979375 0.43146562499999996 0.5151515625 0.446325 0.5019609375 0.478746875 0.43296875 0.5381843749999999 0.3274484375 0.5814125 0.236134375 0.6138328125 0.18134531250000002 0.6192359374999999 0.16916875 0.616534375 0.161053125 0 0.177625 0 0.3157734375
4 1 0.15482968749999998 0.9947765625 0.15090625 0.644903125 0.1600375 0.5895171875 0.2523671875 0.4571328125 0.5060203125 0.4611859375 0.5090640625 0.4963078125 0.507034375 0.5935703125 0.4908015625 0.7313578125 0.47456718750000004 0.7502703125 0.46645000000000003 0.997478125 0.2381625 1 0.1605109375 1 0.15482968749999998
4 0.353115625 0.5313859375 0.08294375000000001 0.569940625 0.0815921875 0.5811015625 0.11671406250000001 0.6967671875 0.1261703125 0.6998109375 0.35851875 0.657196875 0.37067656250000003 0.6460359375 0.4274140625 0.5384875 0.430115625 0.5242828125 0.353115625 0.5313859375
4 0.693534375 0.482684375 0.450378125 0.519209375 0.381484375 0.648065625 0.42336093750000003 0.6450218750000001 0.5827625000000001 0.6145828125 0.7056921875 0.5039906249999999 0.7219015625 0.48775781250000005 0.7219015625 0.48166875 0.693534375 0.482684375
4 0.9123734375 0.44818749999999996 0.763778125 0.47050937499999995 0.7448671874999999 0.476596875 0.6678671875 0.5425453124999999 0.6003234375 0.6095109375 0.7799890625 0.5800859375 0.9339875 0.476596875 0.9758640625 0.4431140625 0.9123734375 0.44818749999999996
4 0.3260984375 0.663284375 0.1207671875 0.7018390625 0.138328125 0.76373125 0.18560937500000002 0.7586578125 0.3206953125 0.7302484375 0.34636093749999997 0.6927078125 0.35716875 0.6622703125 0.3260984375 0.663284375
4 0.558446875 0.6206703124999999 0.3801328125 0.6531390625 0.362571875 0.672415625 0.3355546875 0.7251765625 0.35851875 0.7241609375 0.499009375 0.6937234375 0.57330625 0.6216859375 0.558446875 0.6206703124999999
4 0.59086875 0.6145828125 0.5111671875 0.68865 0.523325 0.6896640625 0.6584109375 0.6612546874999999 0.758375 0.594290625 0.76783125 0.5871890625 0.7651296875 0.585159375 0.59086875 0.6145828125
4 0.30988906250000003 0.7343078125 0.20722187500000003 0.756628125 0.1450828125 0.766775 0.1410296875 0.76981875 0.1410296875 0.7840234374999999 0.1491359375 0.8043156249999999 0.1531875 0.8073593750000001 0.16669687500000002 0.8073593750000001 0.22073125 0.7931546875000001 0.25762968750000004 0.7864328125 0.27206406250000004 0.783009375 0.3030953125 0.7779 0.30583593750000004 0.7677890625 0.31934375 0.7393796874999999 0.3166421875 0.735321875 0.30988906250000003 0.7343078125
4 0.469290625 0.6998109375 0.3936421875 0.7180734375 0.33690625 0.7282203125 0.322046875 0.74546875 0.3112390625 0.7718484375 0.334203125 0.7708328125 0.43957187500000006 0.7464828125 0.4733421875 0.7190875 0.48955312500000003 0.7028546875 0.48955312500000003 0.6987953124999999 0.469290625 0.6998109375
4 0.6232890624999999 0.6693718750000001 0.5017109375000001 0.6957515625 0.4571328125 0.7393796874999999 0.469290625 0.7403953125 0.5800609375 0.714015625 0.64085 0.6703875 0.6232890624999999 0.6693718750000001