4 0.25698125 0.7905359375 0.0017343750000000002 0.7897624999999999 0 0.9905265625 0.21072031249999998 0.9939953125000001 0.25698125 0.7905359375
4 0.64558125 0.7928484375 0.27212187499999996 0.791209375 0.22691093750000002 0.9916828125 0.6629296874999999 0.9939953125000001 0.64558125 0.7928484375
4 1 0.7927921875 0.6567375 0.791209375 0.6791203125 0.9905265625 1 0.9916406249999999 1 0.7927921875
4 1 0.7361578125 0.96363125 0.6390984375000001 0.6408328125 0.6379406249999999 0.657146875 0.7893796875 1 0.7916140625 1 0.7361578125
4 0.6282328125000001 0.63563125 0.306825 0.6350484375 0.267390625 0.7893796875 0.6397984375 0.788225 0.6282328125000001 0.63563125
4 0.292834375 0.63563125 0.00318125 0.6321578125 0.0025421875 0.7893796875 0.2581375 0.7893796875 0.292834375 0.63563125
4 0.0685609375 0.566846875 0.0024734375 0.5670265624999999 0.0028953125 0.63518125 0.0370765625 0.6333828125000001 0.0685609375 0.566846875
4 0.3357234375 0.5659484375 0.080071875 0.5659015625 0.048771875 0.63518125 0.32133124999999996 0.6360796875 0.3357234375 0.5659484375
4 1 0.5660484375 0.8807921875 0.5670265624999999 0.9051296875 0.636978125 1 0.6377765625 1 0.5660484375
4 1 0.47252968749999996 0.8436796875000001 0.47368437500000005 0.8781437499999999 0.566846875 1 0.5643953125000001 1 0.47252968749999996
4 0.8662296875 0.5671671875000001 0.61389375 0.56648125 0.6182421875 0.637865625 0.8900921875 0.6395703125 0.8662296875 0.5671671875000001
4 0.8329953124999999 0.47346875 0.6021734375000001 0.47272499999999995 0.6105734375 0.5671671875000001 0.86196875 0.5646109375 0.8329953124999999 0.47346875
4 0.6046078125000001 0.56801875 0.3464734375 0.5654171875 0.3327578125 0.6353109375 0.6071640625 0.6344593749999999 0.6046078125000001 0.56801875
4 0.593528125 0.47346875 0.3592578125 0.473790625 0.34639375 0.5671671875000001 0.600346875 0.566315625 0.593528125 0.47346875
4 0.1111890625 0.47261718750000004 0 0.473790625 0.000403125 0.56801875 0.0702828125 0.566315625 0.1111890625 0.47261718750000004
4 0.3506546875 0.4743203125 0.1206046875 0.47272499999999995 0.0813609375 0.5671671875000001 0.3353140625 0.566315625 0.3506546875 0.4743203125
4 0.95145 0.42996093750000003 0.76944375 0.4269125 0.782715625 0.4716984375 0.9719015625 0.4734015625 0.95145 0.42996093750000003
4 1 0.451296875 0.964415625 0.4514171875 0.9693453125 0.470846875 1 0.473896875 1 0.451296875
4 1 0.40969531249999996 0.9906499999999999 0.38651875 0.8440734375 0.3856671875 0.8568562500000001 0.4274046875 0.9488921875 0.42825625 0.953153125 0.441034375 1 0.4396765625 1 0.40969531249999996
4 0.75970625 0.4274046875 0.578734375 0.42584687499999996 0.5841546875 0.47255 0.7724890624999999 0.4716984375 0.75970625 0.4274046875
4 0.57478125 0.4257015625 0.39015625 0.4269125 0.38729843750000004 0.47510624999999995 0.57478125 0.4716984375 0.57478125 0.4257015625
4 0.3838890625 0.42655312500000003 0.2040765625 0.4274046875 0.1853296875 0.47255 0.377925 0.47255 0.3838890625 0.42655312500000003
4 0 0.474253125 0.177659375 0.470846875 0.197259375 0.4257015625 0.014064062499999998 0.42478125 0 0.4512546875 0 0.474253125
4 0.3668453125 0.38651875 0.21862343750000002 0.38429531250000004 0.206634375 0.42655312500000003 0.36343749999999997 0.4274046875 0.3668453125 0.38651875
4 0.836403125 0.3856671875 0.6842109375 0.3853609375 0.6940875 0.4274046875 0.848334375 0.42485 0.836403125 0.3856671875
4 0.5304671875 0.384815625 0.532171875 0.42655312500000003 0.685565625 0.4257015625 0.6787484375 0.384815625 0.5307906250000001 0.38429531250000004 0.5304671875 0.384815625
4 0.525353125 0.384815625 0.3752390625 0.38749218750000003 0.369403125 0.42655312500000003 0.5219453125 0.4274046875 0.525353125 0.384815625
4 0 0.452959375 0.0165953125 0.4257015625 0.0566484375 0.4231453125 0.0702828125 0.3916296875 0.001278125 0.38749218750000003 0 0.452959375