4 1 0.5975953125 0.7633234375 0.47371406250000003 0.25229843750000003 0.5506671875 0.5841875 0.8672171875 1 0.6704656250000001 1 0.5975953125
4 0.5453046875 0.3623265625 0.045485937500000004 0.3739578125 0.0439984375 0.375859375 0.235634375 0.5476265625 0.75638125 0.47163281250000005 0.5453046875 0.3623265625
4 0.38144374999999997 0.275840625 0.000346875 0.2606765625 0.00095 0.3310140625 0.034278125 0.36953125 0.5341953125 0.359121875 0.38144374999999997 0.275840625
4 0 0.2613125 0.3683296875 0.2764546875 0.2552171875 0.21437187500000002 0 0.193371875 0 0.2613125
4 0 0.1931734375 0.251178125 0.21437187500000002 0.1582640625 0.1651609375 0.001515625 0.1479171875 0 0.1931734375
4 0 0.146721875 0.1534140625 0.164765625 0.0821296875 0.1259015625 0.00023124999999999998 0.115625 0 0.146721875
4 1 0.437740625 0.772221875 0.4732640625 1 0.590421875 1 0.437740625
4 0.8207421874999999 0.355153125 0.55 0.3630203125 0.7605671875 0.4710515625 0.9994156249999999 0.4370453125 1 0.43010624999999997 0.8207421874999999 0.355153125
4 1 0.35856875 0.9846031249999999 0.35024062499999997 0.82430625 0.3552078125 1 0.4293578125 1 0.35856875
4 0.535603125 0.36065 0.812409375 0.3537109375 0.6605828125000001 0.28986093749999997 0.390278125 0.2814234375 0.535603125 0.36065
4 0.8127390625 0.35385625 0.979378125 0.34873125 0.8426484375 0.29748125000000003 0.6658125 0.291025 0.8127390625 0.35385625
4 0.6552625 0.289665625 0.836184375 0.2950203125 0.7195375 0.2504046875 0.53194375 0.2375 0.6552625 0.289665625
4 0.3783234375 0.278959375 0.6600234375 0.2902609375 0.52750625 0.23672343749999997 0.262103125 0.215178125 0.3783234375 0.278959375
4 0.5235375 0.23791250000000003 0.7044609375 0.248025 0.6187609375 0.212928125 0.42877031250000003 0.198065625 0.5235375 0.23791250000000003
4 0.2537421875 0.21585625 0.5227453125 0.23667656250000002 0.41720625 0.19503593749999998 0.162896875 0.166071875 0.2537421875 0.21585625
4 0.1572921875 0.1646984375 0.41915312499999996 0.19444062499999998 0.331865625 0.1569640625 0.08432500000000001 0.1251484375 0.1572921875 0.1646984375