4 0.667928125 0.8289249999999999 0.5991734375 0.5256921875 0.2720625 0.45848125 0.057009374999999994 0.7289718749999999 0.667928125 0.8289249999999999
4 1 0.70388125 0.9059671874999999 0.5857421875 0.6012562499999999 0.5256921875 0.6804296875 0.835178125 1 0.8945734375000001 1 0.70388125
4 1 0.6061046875 0.9118437500000001 0.58823125 1 0.6975546875 1 0.6061046875
4 1 0.5097859375 0.9852609375 0.4955984375 0.7868078125 0.45941875000000004 0.9062812499999999 0.5865625 1 0.606590625 1 0.5097859375
4 0.594809375 0.52146875 0.90294375 0.584059375 0.7850296875 0.45554218750000003 0.570834375 0.412840625 0.594809375 0.52146875
4 0.592584375 0.522303125 0.5681109375 0.412146875 0.35208125 0.3641765625 0.277775 0.4580453125 0.592584375 0.522303125
4 0 0.397959375 0.2686578125 0.45733281249999996 0.34896875 0.36374375 0.1164765625 0.31534062500000004 0 0.36541250000000003 0 0.397959375
4 0.7783546875 0.4547078125 0.7216218750000001 0.3879453125 0.5606390625000001 0.353053125 0.5736734375 0.41381562499999996 0.7783546875 0.4547078125
4 0.5714484375 0.41298124999999997 0.5581 0.351225 0.39101093750000004 0.316903125 0.35119375 0.36541250000000003 0.5714484375 0.41298124999999997
4 0.1220390625 0.317009375 0.35341875 0.362909375 0.3901265625 0.31784375 0.2204578125 0.2800578125 0.1220390625 0.317009375
4 0 0.361240625 0.1198140625 0.316175 0 0.289790625 0 0.361240625
4 0.1187015625 0.31450625 0.21675 0.2779734375 0.045282812500000005 0.2427375 0 0.24941249999999998 0.0007875 0.2903046875 0.1187015625 0.31450625
4 0.044170312499999996 0.2427375 0.22104218750000001 0.278621875 0.282225 0.2569234375 0.14445 0.22791875 0.044170312499999996 0.2427375
4 0.2877859375 0.25608906249999996 0.2243796875 0.27945625 0.3923515625 0.317009375 0.4197453125 0.28770625 0.2877859375 0.25608906249999996
4 0.41682499999999995 0.2861328125 0.3956890625 0.317009375 0.5592125 0.352059375 0.5485890625 0.3155140625 0.41682499999999995 0.2861328125
4 0.8095015625 0.3737578125 0.76611875 0.3412109375 0.6561109375 0.31829375 0.6793515625000001 0.34872187499999996 0.8095015625 0.3737578125
4 0.6749015625 0.343715625 0.653765625 0.31784375 0.54488125 0.2904859375 0.5525375 0.31867968750000003 0.6749015625 0.343715625
4 0.5525375 0.316175 0.546975 0.2911390625 0.4327234375 0.2675453125 0.4201625 0.2844640625 0.5525375 0.316175
4 0.42238749999999997 0.2886359375 0.4368484375 0.2669390625 0.3242734375 0.2418234375 0.2833375 0.2577578125 0.42238749999999997 0.2886359375
4 0.2833375 0.25608906249999996 0.3233828125 0.2402328125 0.2074796875 0.21540625000000002 0.1531859375 0.22688125 0.2833375 0.25608906249999996