4 0.239853125 0 0 0.2354 0 0.2638125 0.30946250000000003 0.45038125000000007 0.81749375 0.2392359375 0.6399609374999999 0 0.239853125 0
4 0 0.51441875 0.06908906249999999 0.5488999999999999 0.3044640625 0.4533796875 0 0.27080000000000004 0 0.51441875
4 0.30946250000000003 0.4574546875 0.07451250000000001 0.54939375 0.264471875 0.6353359375000001 0.5140687500000001 0.5813984375000001 0.30946250000000003 0.4574546875
4 0.52241875 0.5833703125 0.9993187499999999 0.48343749999999996 0.82905625 0.2501625 0.3164609375 0.4574546875 0.52241875 0.5833703125
4 0.27147031250000003 0.6354921874999999 0.416440625 0.69945 0.6615624999999999 0.6713953125 0.5164187499999999 0.581528125 0.27147031250000003 0.6354921874999999
4 0.42146875 0.698625 0.5341 0.7509140624999999 0.7743921874999999 0.7394375 0.6670140625000001 0.673015625 0.42146875 0.698625
4 0.7775109375 0.739709375 0.5351671875 0.7509140624999999 0.6259125 0.7919968749999999 0.86048125 0.7908234375000001 0.7775109375 0.739709375
4 0.6280796875 0.7916359374999999 0.7076156250000001 0.82685 0.9292187500000001 0.8308640625000001 0.86295 0.79216875 0.6280796875 0.7916359374999999
4 0.704946875 0.82685 0.7711375 0.8561953125 0.9862578125000001 0.866865625 0.93234375 0.8321859375 0.704946875 0.82685
4 1 0.833253125 0.9371484375 0.833253125 0.9910625 0.8684671875 1 0.86815625 1 0.833253125
4 1 0.78983125 0.8666874999999999 0.7911015625 0.9339453125 0.8321859375 1 0.8338984375 1 0.78983125
4 1 0.730365625 0.78288125 0.7398390625 0.8656203124999999 0.7926609375 1 0.7905671875 1 0.730365625
4 1 0.638871875 0.6750546875000001 0.672078125 0.78288125 0.73930625 1 0.72835625 1 0.638871875
4 1 0.48720625 0.5245234375 0.583959375 0.6697171875000001 0.6730625 1 0.6336968749999999 1 0.48720625