4 0 0 0 0.620134375 0.3090515625 0.6224578125 0.1855109375 0 0 0
4 0.188275 0 0.3106796875 0.625234375 0.658665625 0.6133984375 0.9406015625 0 0.188275 0
4 0.9315640625 0 0.6551796875 0.6128750000000001 0.9662921875 0.6095359375 1 0.56938125 1 0 0.9315640625 0
4 1 0.5719093749999999 0.96883125 0.6082390625 1 0.611271875 1 0.5719093749999999
4 0 0.8283421875 0.14305625 0.8275375 0 0.656028125 0 0.8283421875
4 0 0.6663765625 0.14305625 0.8275375 0.352753125 0.8283781250000001 0.308621875 0.6205140625000001 0 0.6174859374999999 0 0.6663765625
4 0.30759375 0.6220578125 0.35284218749999996 0.8259921875 0.5609796874999999 0.8232296874999999 0.6510671875 0.6174234375000001 0.30759375 0.6220578125
4 0.6551796875 0.6174234375000001 0.5585140625 0.8244468749999999 0.7649203124999999 0.8180828124999999 0.9657453125 0.6096984375 0.6551796875 0.6174234375000001
4 1 0.60911875 0.9636890625 0.6081531250000001 0.7611015625 0.8151765624999999 0.9491531249999999 0.8116468749999999 1 0.7721843749999999 1 0.60911875
4 1 0.7692671875 0.9482640625000001 0.8105421875 1 0.8076718749999999 1 0.7692671875
4 0 0.8703984374999999 0.063871875 0.912509375 0.21993281250000002 0.9158937500000001 0.144084375 0.8275375 0 0.8304953125000001 0 0.8703984374999999
4 0 0.91391875 0.06695625 0.912509375 0 0.8674 0 0.91391875
4 0.14099843750000002 0.8259921875 0.22121093749999998 0.9155984374999999 0.3681765625 0.9158937500000001 0.3518140625 0.8244468749999999 0.14099843750000002 0.8259921875
4 0.3518140625 0.8275375 0.3703234375 0.920234375 0.518990625 0.9146078125000001 0.5605703125 0.8259921875 0.3518140625 0.8275375
4 0.5585140625 0.8229015625 0.5194359375000001 0.912509375 0.6675203125 0.912509375 0.755959375 0.8229015625 0.5585140625 0.8229015625
4 0.7641859375 0.8151765624999999 0.662378125 0.90941875 0.8034812499999999 0.9068859375 0.9400359375 0.8105421875 0.7641859375 0.8151765624999999
4 1 0.8089921875 0.9390078125000001 0.8136328125000001 0.8022359375000001 0.90015 0.936715625 0.9003765625 1 0.8646062499999999 1 0.8089921875
4 1 0.866046875 0.9394609375 0.9012015625 1 0.8980890625000001 1 0.866046875
4 1 0.9170890625 0.9279296875 0.9531671875000001 1 0.9511406250000001 1 0.9170890625
4 1 0.8968609375 0.9213421875 0.9020250000000001 0.8291015625 0.9539921874999999 0.9295781249999999 0.9523421875 1 0.9168640625 1 0.8968609375
4 0.8274531250000001 0.9572921875 0.9251843750000001 0.9003765625 0.80439375 0.9003765625 0.7208875 0.9594953125 0.8274531250000001 0.9572921875
4 0.7203890625 0.960590625 0.7939609375 0.908625 0.6627390625 0.9102750000000001 0.6101703125 0.9608703125 0.7203890625 0.960590625
4 0.610578125 0.960590625 0.664934375 0.9102750000000001 0.5199859375 0.9127484375 0.4962515625 0.96361875 0.610578125 0.960590625
4 0.495278125 0.9630656249999999 0.5194359375000001 0.9160484375 0.368996875 0.9176984375 0.378215625 0.96499375 0.495278125 0.9630656249999999
4 0.2205171875 0.9168734374999999 0.261146875 0.964715625 0.3764484375 0.9630656249999999 0.36769375000000004 0.9196421875 0.2205171875 0.9168734374999999
4 0.2622453125 0.962240625 0.2188703125 0.9160484375 0.0667828125 0.9135734375 0.14351562499999998 0.9615578125 0.2622453125 0.962240625
4 0 0.9479984375000001 0.0268515625 0.9608703125 0.1431015625 0.959765625 0.06788125 0.9143984375 0 0.9151515625 0 0.9479984375000001
4 0 0.9626250000000001 0.0239578125 0.9614156250000001 0 0.94645625 0 0.9626250000000001
4 0 0.9862140625 0.0942359375 0.9869859375000001 0.0239578125 0.960590625 0 0.9619 0 0.9862140625
4 0.1485921875 0.962240625 0.0256046875 0.959765625 0.098628125 0.9878109374999999 0.193384375 0.9897296875 0.1485921875 0.962240625
4 0.26334375 0.962240625 0.1452984375 0.960590625 0.1936140625 0.9894609375 0.28900312499999997 0.9931656249999999 0.26334375 0.962240625
4 0.2622453125 0.963890625 0.2896984375 0.9944109375 0.3855359375 0.9959140625 0.3786453125 0.962240625 0.2622453125 0.963890625
4 0.37919375 0.9630656249999999 0.3857828125 0.9952343750000001 0.4811546875 0.993853125 0.4939453125 0.9630656249999999 0.37919375 0.9630656249999999
4 0.49504374999999995 0.964715625 0.481865625 0.9927609374999999 0.574028125 0.9917921875 0.6086968749999999 0.962240625 0.49504374999999995 0.964715625
4 0.6092453124999999 0.959765625 0.57410625 0.9902859375 0.6655296875000001 0.9897296875 0.7146640625 0.962240625 0.6092453124999999 0.959765625
4 0.7525593749999999 0.9878109374999999 0.8233874999999999 0.9564671875 0.717409375 0.959765625 0.67101875 0.9904171875 0.7525593749999999 0.9878109374999999
4 0.8452421875 0.9886359375 0.8433421875 0.9876687499999999 0.9265015625 0.9539921874999999 0.8265734374999999 0.9548171875 0.755196875 0.9861609375 0.8452421875 0.9886359375
4 1 0.95256875 0.9292468749999999 0.9523421875 0.8468890625000001 0.9861609375 0.9303437499999999 0.9828625000000001 1 0.9586640624999999 1 0.95256875
4 1 0.9592562499999999 0.928696875 0.9845124999999999 1 0.981540625 1 0.9592562499999999
4 1 0.9831578125 0.9967796874999999 0.9836874999999999 0.9547593750000001 1 1 1 1 0.9831578125
4 0.9537281249999999 1 0.9973281249999999 0.9812125 0.92705 0.9845124999999999 0.8912531250000001 1 0.9537281249999999 1
4 0.8909499999999999 1 0.92375625 0.9853359375 0.8386531250000001 0.9886359375 0.8130734374999999 1 0.8909499999999999 1
4 0.8149875 1 0.84414375 0.9878109374999999 0.751903125 0.9878109374999999 0.7317640625 1 0.8149875 1
4 0.7300921875 1 0.7540984374999999 0.9869859375000001 0.664603125 0.9894609375 0.65055 1 0.7300921875 1
4 0.654015625 1 0.6673484375000001 0.9919359375000001 0.5718140625 0.9919359375000001 0.5657125 1 0.654015625 1
4 0.5673843749999999 1 0.5740109375 0.9935859375 0.48122031249999997 0.9927609374999999 0.47859999999999997 1 0.5673843749999999 1
4 0.47807656249999997 1 0.48112656249999997 0.9935859375 0.385571875 0.993853125 0.386378125 1 0.47807656249999997 1
4 0.38632187500000004 1 0.38449374999999997 0.9927609374999999 0.28840937499999997 0.9919359375000001 0.2948421875 1 0.38632187500000004 1
4 0.2956921875 1 0.28895781249999997 0.9911109375 0.1934234375 0.9902859375 0.2078234375 1 0.2956921875 1
4 0.20876875 1 0.1901296875 0.9886359375 0.0978890625 0.9886359375 0.12126875 1 0.20876875 1
4 0.1209140625 1 0.09459375 0.9869859375000001 0.0029031250000000003 0.9886359375 0.0346421875 1 0.1209140625 1
4 0.0343796875 1 0 0.9855015625 0 1 0.0343796875 1