4 0.7098718749999999 1 0.4423796875 0.6552 0.22773125 0.8080343750000001 0.3187578125 1 0.7098718749999999 1
4 0.7934921875 1 0.8990421874999999 0.8343984375 0.589421875 0.5492953125 0.44288125 0.6576046875 0.7142890625 1 0.7934921875 1
4 0.6995375 0.4680625 0.589421875 0.5508 0.8977468749999999 0.832103125 0.9907984375 0.6802625 0.6995375 0.4680625
4 1 0.5420765624999999 0.786784375 0.41240468750000003 0.698690625 0.471071875 0.9909218750000001 0.6786640625 1 0.6521921875000001 1 0.5420765624999999
4 1 0.438596875 0.8537000000000001 0.3597546875 0.789325 0.4078921875 1 0.5420203124999999 1 0.438596875
4 1 0.361853125 0.9131578125 0.3218671875 0.8553953125 0.3612578125 1 0.4399109375 1 0.361853125
4 1 0.31131875 0.9999734374999999 0.31058906249999996 0.955346875 0.29055624999999996 0.912146875 0.3191390625 1 0.36474531250000003 1 0.31131875
4 1 0.2544546875 0.992375 0.262378125 1 0.26593125 1 0.2544546875
4 1 0.2666734375 0.991384375 0.262378125 0.9553640624999999 0.289959375 1 0.3099640625 1 0.2666734375
4 0.8790296874999999 0.342190625 0.9124062500000001 0.31812968750000004 0.8051421875000001 0.264896875 0.7689890625 0.284678125 0.8790296874999999 0.342190625
4 0.8787 0.34336406249999996 0.7676671875000001 0.28526562499999997 0.7291453125 0.3079171875 0.8406968750000001 0.36977187499999997 0.8787 0.34336406249999996
4 0.8406968750000001 0.37153281250000003 0.7263609375 0.306978125 0.683403125 0.333975 0.7977390625 0.40263593750000004 0.8406968750000001 0.37153281250000003
4 0.7977390625 0.40263593750000004 0.6814203125 0.3328 0.628365625 0.3587609375 0.745196875 0.4378484375 0.7977390625 0.40263593750000004
4 0.74651875 0.4378484375 0.6288781250000001 0.358621875 0.569396875 0.389725 0.6864656250000001 0.4790234375 0.74651875 0.4378484375
4 0.567596875 0.388540625 0.500515625 0.42316562500000005 0.6176265625 0.5308437500000001 0.6875515625 0.480678125 0.567596875 0.388540625
4 0.61815625 0.5299734375 0.49919375 0.4225796875 0.4206390625 0.46373125000000004 0.536534375 0.588659375 0.61815625 0.5299734375
4 0.4374375 0.65966875 0.5362421875 0.589246875 0.41871093750000005 0.462753125 0.3237625 0.51236875 0.4374375 0.65966875
4 0 0.5772578125 0.038364062500000004 0.6946875 0.14675156250000002 0.6360015625 0.09638125 0.52644375 0 0.569259375 0 0.5772578125
4 0.149065625 0.6360015625 0.2439046875 0.5855312500000001 0.18394375000000002 0.4883125 0.09619375 0.5274328125000001 0.149065625 0.6360015625
4 0.24456562499999998 0.5849453125 0.32618749999999996 0.542690625 0.2643484375 0.45653437500000005 0.185084375 0.48811406249999995 0.24456562499999998 0.5849453125
4 0.264696875 0.45863750000000003 0.3274828125 0.5419703124999999 0.3390484375 0.5366890625 0.3245078125 0.5132140625 0.37705 0.4826984375 0.331534375 0.42769218750000004 0.264696875 0.45863750000000003
4 0.3314484375 0.42812031250000004 0.3793640625 0.48328437500000004 0.4398359375 0.4515953125 0.39258125 0.40288593749999996 0.3314484375 0.42812031250000004
4 0.391259375 0.403471875 0.43950625 0.45335468749999996 0.4940296875 0.42283906250000003 0.44635625 0.37978125 0.391259375 0.403471875
4 0.44710625000000004 0.381171875 0.49270781250000006 0.42460000000000003 0.544259375 0.3993640625 0.4931671875 0.3587609375 0.44710625000000004 0.381171875
4 0.53765 0.3371578125 0.49336874999999997 0.358284375 0.543928125 0.3993640625 0.5881640625 0.3778265625 0.53765 0.3371578125
4 0.5756515624999999 0.3213125 0.5379796875 0.33950468749999996 0.588209375 0.3776515625 0.6289171875 0.356315625 0.5756515624999999 0.3213125
4 0.5765781249999999 0.3213359375 0.6294500000000001 0.3588953125 0.667190625 0.338228125 0.6122671875 0.30314375 0.5765781249999999 0.3213359375
4 0.612928125 0.30373125 0.664809375 0.3389421875 0.7018859375 0.31965 0.64795625 0.28847187500000004 0.612928125 0.30373125
4 0.6449812500000001 0.2872984375 0.7011578125 0.3213359375 0.731890625 0.30314375 0.677696875 0.27145312499999996 0.6449812500000001 0.2872984375
4 0.54419375 0.3090125 0.5626984375 0.32603125 0.593671875 0.3103609375 0.573934375 0.2966890625 0.54419375 0.3090125
4 0.5620375 0.32603125 0.5445234375 0.3107734375 0.5098265625 0.32544375 0.5293234375 0.340703125 0.5620375 0.32603125
4 0.5305484375 0.3410265625 0.5111 0.325428125 0.47699687500000004 0.337815625 0.4962 0.3574609375 0.5305484375 0.3410265625
4 0.4962 0.356346875 0.47659375 0.3387984375 0.438834375 0.35452343750000004 0.45887031250000004 0.3733375 0.4962 0.356346875
4 0.45855625 0.3736171875 0.43832343749999997 0.354396875 0.3988421875 0.370765625 0.4184046875 0.391165625 0.45855625 0.3736171875
4 0.41875625000000005 0.391703125 0.39820781250000004 0.3699765625 0.3536640625 0.3886390625 0.3734265625 0.41064531249999997 0.41875625000000005 0.391703125
4 0.3731125 0.41064531249999997 0.3535078125 0.3883609375 0.3040875 0.4071953125 0.3232359375 0.4318140625 0.3731125 0.41064531249999997
4 0.32292187499999997 0.432371875 0.3042578125 0.4084171875 0.2501109375 0.42831093750000004 0.26881093749999996 0.45549062500000004 0.32292187499999997 0.432371875
4 0.191096875 0.45158906249999997 0.20756562500000003 0.47944375 0.2681828125 0.4546546875 0.2501109375 0.42831093750000004 0.191096875 0.45158906249999997
4 0.20787968750000002 0.48 0.1906265625 0.45158906249999997 0.1248984375 0.47674374999999997 0.1410625 0.50896875 0.20787968750000002 0.48
4 0.140759375 0.50896875 0.12523125 0.47721562500000003 0.052728125 0.505284375 0.0671984375 0.5407234375 0.140759375 0.50896875
4 0 0.5684109375 0.0657859375 0.5410015625 0.0524546875 0.506184375 0 0.5254046875 0 0.5684109375
4 0 0.5250984375 0.025162499999999997 0.515096875 0.0178328125 0.49646718749999996 0 0.5018234374999999 0 0.5250984375
4 0.018575 0.49392812499999994 0.025790625 0.5153765625 0.08570625 0.49086406250000003 0.077821875 0.4725671875 0.018575 0.49392812499999994
4 0.07755 0.47192187499999994 0.0860203125 0.4914203125 0.14201406249999998 0.46969374999999997 0.132059375 0.45121874999999995 0.07755 0.47192187499999994
4 0.1418578125 0.4705296875 0.1929890625 0.4499171875 0.18159375 0.43103125000000003 0.13056406250000002 0.4501953125 0.1418578125 0.4705296875
4 0.22923593750000001 0.413615625 0.1824953125 0.43200000000000005 0.1920625 0.45038437499999995 0.24131249999999999 0.4311640625 0.2292 0.4134609375 0.22923593750000001 0.413615625
4 0.2282953125 0.4133375 0.2400578125 0.43200000000000005 0.28585781250000003 0.413615625 0.27337500000000003 0.39721875 0.2282953125 0.4133375
4 0.273153125 0.398575 0.2850734375 0.41445156250000004 0.32632343750000004 0.3977390625 0.31205 0.3818625 0.273153125 0.398575
4 0.31220781249999996 0.382696875 0.326009375 0.398296875 0.3647515625 0.38325468749999997 0.350634375 0.3690484375 0.31220781249999996 0.382696875
4 0.3501640625 0.3682125 0.3631828125 0.38325468749999997 0.3991 0.3693265625 0.3847265625 0.354059375 0.3501640625 0.3682125
4 0.38497499999999996 0.355509375 0.39862031249999996 0.3694359375 0.43296875 0.35578750000000003 0.4177546875 0.3424171875 0.38497499999999996 0.355509375
4 0.4168140625 0.3424171875 0.432028125 0.356065625 0.46324062499999996 0.34353125 0.4479828125 0.3296953125 0.4168140625 0.3424171875
4 0.44583125 0.3298828125 0.4627703125 0.343253125 0.49304218750000006 0.330440625 0.475475 0.3176265625 0.44583125 0.3298828125