4 0 0.196590625 0.2363296875 0.20832812500000003 0.282021875 0.15772187499999998 0.10482499999999999 0.14963437500000001 0 0.1910296875 0 0.196590625
4 0.4736671875 0.22099375000000002 0.45327031250000005 0.1687875 0.28785781250000003 0.15890312499999998 0.2461765625 0.2071796875 0.4736671875 0.22099375000000002
4 0.69575 0.2316375 0.6164765625 0.1735625 0.4598890625 0.1692234375 0.48198281249999997 0.2205171875 0.69575 0.2316375
4 0.9057796874999999 0.24090625000000002 0.7741203125 0.1809765625 0.6239265625 0.174246875 0.7045578124999999 0.23287343749999997 0.9057796874999999 0.24090625000000002
4 1 0.2145078125 0.9233421875 0.187321875 0.781253125 0.1817625 0.9177781250000001 0.242 1 0.24570781249999998 1 0.2145078125
4 0.9141546875 0.243853125 0.7092515625 0.23538593749999998 0.8960750000000001 0.3591171875 0.9989265625 0.3591171875 0.998759375 0.27876093750000003 0.9141546875 0.243853125
4 1 0.43541875 0.8931812499999999 0.3636125 0.541296875 0.358203125 0.7996125000000001 0.9423812500000001 1 0.92415625 1 0.43541875
4 0.9052140625 0.36355781249999997 1 0.42564531250000004 0.9997234374999999 0.36355468750000003 0.9052140625 0.36355781249999997
4 1 0.24743750000000003 0.9237249999999999 0.24465937499999998 1 0.2758578125 1 0.24743750000000003
4 0.7571234375 0.9459484375 0.5241296875 0.3580984375 0.130096875 0.346978125 0.0012078125000000001 0.49227187499999997 0.000715625 0.99563125 0.7571234375 0.9459484375
4 0 0.4642984375 0.1072828125 0.3461640625 0 0.3402421875 0 0.4642984375
4 0 0.33462187499999996 0.1176390625 0.3393234375 0.2302640625 0.2098421875 0 0.19868593750000002 0 0.33462187499999996
4 0.5211328125 0.3489875 0.4745953125 0.2239890625 0.24139218750000002 0.210153125 0.134865625 0.338490625 0.5211328125 0.3489875
4 0.8822109375 0.35757500000000003 0.7010703125 0.235915625 0.4852234375 0.2238984375 0.5379578125 0.3508953125 0.8822109375 0.35757500000000003