4 0.281315625 0.9990921875 0.6714140625 0.997603125 0.765171875 0.7996171875 0.5530390625 0.6483749999999999 0.281315625 0.9990921875
4 0.10172812499999999 0.82570625 0.2126703125 1 0.277965625 0.997603125 0.5525421875000001 0.6507546875 0.40772031249999996 0.5435734375 0.10172812499999999 0.82570625
4 0.40772031249999996 0.5450625 0.29889375 0.4631875 0.011046875000000001 0.6731765625 0.10300781249999999 0.823434375 0.40772031249999996 0.5450625
4 0 0.6396953125 0.010925 0.6715953125 0.29973125 0.46616562500000003 0.2126703125 0.40810781250000006 0 0.53761875 0 0.6396953125
4 0 0.53761875 0.210159375 0.4036421875 0.14653750000000001 0.35600624999999997 0 0.43508125 0 0.53761875
4 0 0.4363921875 0.1448640625 0.3574953125 0.0877765625 0.3185140625 0 0.358984375 0 0.4363921875
4 0 0.3619609375 0.0887765625 0.3158140625 0.0460828125 0.2875296875 0.0019796874999999997 0.307353125 0 0.3619609375
4 0 0.264071875 0.009489062500000001 0.2596453125 0 0.24977187500000003 0 0.264071875
4 0 0.3076125 0.046065625 0.2869390625 0.01046875 0.2596453125 0 0.264871875 0 0.3076125
4 0.0885203125 0.314815625 0.12150625 0.3386265625 0.23025625 0.2817125 0.1945265625 0.2621375 0.0885203125 0.314815625
4 0.23156249999999998 0.28229375 0.1218328125 0.3397875 0.1593890625 0.3659203125 0.269634375 0.304709375 0.23156249999999998 0.28229375
4 0.2723859375 0.30378125 0.1593890625 0.3676625 0.20184375000000002 0.3984421875 0.314840625 0.33049531249999997 0.2723859375 0.30378125
4 0.3168 0.329334375 0.20184375000000002 0.3984421875 0.25377031250000004 0.43328749999999994 0.3692328125 0.3550234375 0.3168 0.329334375
4 0.3687265625 0.3548859375 0.2524640625 0.43328749999999994 0.3118140625 0.47403281249999996 0.4275109375 0.385665625 0.3687265625 0.3548859375
4 0.49558437499999997 0.4187578125 0.4292890625 0.38449374999999997 0.310740625 0.47567031249999997 0.3798453125 0.5253140625 0.49558437499999997 0.4187578125
4 0.496890625 0.41817656249999996 0.379321875 0.524453125 0.4599875 0.582528125 0.5745250000000001 0.45890000000000003 0.496890625 0.41817656249999996
4 0.46027500000000005 0.5831078125 0.5579234375000001 0.6527984375 0.6702656250000001 0.50703125 0.5764296875 0.4579328125 0.46027500000000005 0.5831078125
4 0.9523203125 0.6874515625 0.9924890625 0.5643328125 0.8949812500000001 0.5209609375 0.8452015625 0.6293765625 0.9523203125 0.6874515625
4 0.7491875 0.5794328125 0.8429156250000001 0.6293765625 0.8951687500000001 0.5219390625 0.8084453125 0.483225 0.7491875 0.5794328125
4 0.66786875 0.5370375000000001 0.748534375 0.5788515624999999 0.80731875 0.4830296875 0.728984375 0.4517796875 0.66786875 0.5370375000000001
4 0.6665890625 0.5363249999999999 0.7286390625 0.45385937500000006 0.6625859375 0.4232359375 0.617603125 0.4776703125 0.669528125 0.50786875 0.655159375 0.5310984375000001 0.6665890625 0.5363249999999999
4 0.6153171875 0.4782515625 0.6626703125 0.42366093749999995 0.6022531250000001 0.3986890625 0.555553125 0.446890625 0.6153171875 0.4782515625
4 0.5558796874999999 0.4486328125 0.603559375 0.3992703125 0.5491078125 0.37582499999999996 0.50199375 0.418434375 0.5558796874999999 0.4486328125
4 0.5033000000000001 0.4201765625 0.5483671875 0.3772015625 0.502846875 0.3550234375 0.45235312499999997 0.39520468750000004 0.5033000000000001 0.4201765625
4 0.502646875 0.35455312499999997 0.45888437499999996 0.33364531249999996 0.4089625 0.373890625 0.4526796875 0.39520468750000004 0.502646875 0.35455312499999997
4 0.45855781249999994 0.33596875000000004 0.42132812499999994 0.317965625 0.3686875 0.3526046875 0.40891875000000005 0.3737171875 0.45855781249999994 0.33596875000000004
4 0.3681609375 0.35515625 0.4204125 0.31798906250000003 0.3851421875 0.2999859375 0.3308625 0.33470468750000004 0.3681609375 0.35515625
4 0.33321718749999996 0.3354109375 0.38448906250000003 0.3005671875 0.349871875 0.2854671875 0.296575 0.3163203125 0.33321718749999996 0.3354109375
4 0.29729218749999997 0.31798906250000003 0.35281093750000003 0.28430625 0.3204796875 0.2686265625 0.26692031250000003 0.2999859375 0.29729218749999997 0.31798906250000003
4 0.4341296875 0.32263593749999997 0.45241875 0.30579375 0.42302656250000004 0.2935984375 0.4035203125 0.30712812500000003 0.4341296875 0.32263593749999997
4 0.452090625 0.3075359375 0.43478281250000006 0.32263593749999997 0.4671140625 0.337153125 0.48638281250000004 0.3220546875 0.452090625 0.3075359375
4 0.4851234375 0.32203750000000003 0.465903125 0.337475 0.49985 0.3537375 0.5188265624999999 0.334296875 0.4851234375 0.32203750000000003
4 0.5192249999999999 0.33526875 0.49985 0.352634375 0.5367421875 0.36945 0.5565421875000001 0.3508296875 0.5192249999999999 0.33526875
4 0.5570468749999999 0.3507046875 0.5370515625000001 0.36972499999999997 0.576734375 0.387090625 0.5960671875 0.366903125 0.5570468749999999 0.3507046875
4 0.5966921875 0.3661234375 0.5763859375 0.3876234375 0.621184375 0.4063671875 0.6407140625000001 0.384590625 0.5966921875 0.3661234375
4 0.6408703124999999 0.384315625 0.62149375 0.4063671875 0.6707859375 0.42731562500000003 0.689709375 0.4029546875 0.6408703124999999 0.384315625
4 0.6895421875000001 0.4041625 0.671096875 0.42786718749999997 0.724575 0.450746875 0.7430546875 0.42385 0.6895421875000001 0.4041625
4 0.7851 0.4744484375 0.8013765625 0.44688437499999994 0.7430546875 0.42385 0.7251937500000001 0.44991875 0.7851 0.4744484375
4 0.8018421874999999 0.44688437499999994 0.7847906250000001 0.475 0.850825 0.5036671875 0.8667999999999999 0.4717765625 0.8018421874999999 0.44688437499999994
4 0.8664703125000001 0.47224374999999996 0.851125 0.5036671875 0.9238234375 0.535090625 0.9381234375 0.5000203125 0.8664703125000001 0.47224374999999996
4 0.9906328125 0.5626562500000001 0.999346875 0.5321687500000001 1 0.5235140625 0.9383953125 0.5009109375 0.92521875 0.5353671875 0.9906328125 0.5626562500000001
4 1 0.49953281250000003 0.9726109375 0.49129531249999997 0.9653656249999999 0.50973125 1 0.5235140625 1 0.49953281250000003
4 0.9647453125000001 0.5100078124999999 0.9718765625 0.48878281250000005 0.913325 0.46764374999999997 0.9055328125000001 0.48575 0.9647453125000001 0.5100078124999999
4 0.9052234374999999 0.4863015625 0.9135937500000001 0.46700625 0.859721875 0.44651874999999996 0.849884375 0.46480156250000004 0.9052234374999999 0.4863015625
4 0.7995062500000001 0.44523124999999997 0.8500390624999999 0.465628125 0.8612 0.44550625000000005 0.81076875 0.426540625 0.7995062500000001 0.44523124999999997
4 0.7637203125 0.40915468749999995 0.75175 0.42667343750000003 0.800421875 0.44569375000000006 0.809878125 0.42750000000000005 0.763684375 0.4093078125 0.7637203125 0.40915468749999995
4 0.7529890625 0.42750000000000005 0.764615625 0.4090328125 0.7200624999999999 0.39308125 0.7077265625 0.4093078125 0.7529890625 0.42750000000000005
4 0.7085015625 0.410134375 0.7202828125 0.39442343750000003 0.681840625 0.377884375 0.667734375 0.3935953125 0.7085015625 0.410134375
4 0.6680453125 0.394146875 0.6816859375 0.3787109375 0.6437078125 0.3652046875 0.6297578125000001 0.3792625 0.6680453125 0.394146875
4 0.6313078125 0.3792625 0.6441734375 0.364378125 0.6100156250000001 0.3503703125 0.5958109375 0.36547968750000004 0.6313078125 0.3792625
4 0.5962859375 0.3655890625 0.6097718750000001 0.35180625 0.577375 0.33885 0.5623390625 0.35208125 0.5962859375 0.3655890625
4 0.56326875 0.3523578125 0.5783046875 0.33885 0.5475015625 0.32626093749999996 0.532421875 0.33995312499999997 0.56326875 0.3523578125
4 0.5328875 0.339678125 0.549628125 0.32644687499999997 0.52033125 0.31431875 0.5029703125 0.3269984375 0.5328875 0.339678125