4 0.6597062499999999 0 0.695478125 0.453125 0.702459375 0.4581109375 0.7583109375 0.4581109375 1 0.448365625 1 0 0.6597062499999999 0
4 0 0 0 0.021942187499999998 0.0013296875 0.0222734375 0 0.02426875 0 0.036235937499999996 0.0003328125 0.037234375 0 0.037078125 0 0.183690625 0.23370937500000002 0.468084375 0.6426203125 0.46010625000000005 0.659575 0.453125 0.6070234375 0 0 0
4 0 0.4747265625 0.1998 0.4700796875 0.2027921875 0.46509375000000003 0.172871875 0.4291890625 0 0.23057031249999999 0 0.4747265625
4 1 0.6096890625 0.6994687500000001 0.608709375 0.71343125 0.7583109375 0.7224062499999999 0.7972078125000001 0.9657578125 0.809175 1 0.7599 1 0.6096890625
4 0.3503984375 0.608709375 0.346409375 0.6186828125 0.35239375 0.6266625 0.485040625 0.7872343749999999 0.672540625 0.7972078125000001 0.7054515625 0.794215625 0.6845078124999999 0.6097078125000001 0.3503984375 0.608709375
4 0.35239375 0.640625 0.3354390625 0.6077125 0.0531921875 0.608709375 0.0402265625 0.6097078125000001 0.037234375 0.6186828125 0.2696140625 0.7792546875 0.466090625 0.7842421875000001 0.4621015625 0.7722734375 0.35239375 0.640625
4 0 0.7406015625 0.044215624999999995 0.7593078125 0.054189062499999996 0.7692812499999999 0.072140625 0.773271875 0.24667500000000003 0.7762640625 0.2357046875 0.7632984375 0.058178125000000004 0.641621875 0.03125 0.6186828125 0.0262640625 0.6077125 0 0.608353125 0 0.7406015625
4 0 0.7710921875000001 0.051196874999999996 0.7702796875 0.0422203125 0.761303125 0 0.7413031250000001 0 0.7710921875000001
4 0.7253984375 0.8321140625 0.7293890625 0.9019281250000001 0.7443484375 0.9069156250000001 0.89395 0.9148937500000001 0.940825 0.8500671875 0.9358375000000001 0.8430843749999999 0.9019281250000001 0.8390953124999999 0.7253984375 0.8321140625
4 0.57280625 0.8929515625000001 0.6904921875000001 0.902925 0.7234046875 0.8999328125 0.714428125 0.8311171875 0.519946875 0.822140625 0.519946875 0.8321140625 0.57280625 0.8929515625000001
4 0.4232046875 0.8849734375 0.559840625 0.8899593749999999 0.5239359375 0.8440828125 0.5109703125 0.8191484375 0.3284578125 0.8121671875 0.33144999999999997 0.8211437500000001 0.4232046875 0.8849734375
4 0.152925 0.8061828125 0.1619015625 0.8171546875000001 0.2755984375 0.875 0.38530625 0.882978125 0.40824531249999996 0.8799859375000001 0.3434171875 0.8331109375000001 0.31948125 0.809175 0.152925 0.8061828125
4 0 0.8064625 0.14395 0.867021875 0.26263281250000003 0.8720078125 0.15392343749999998 0.815159375 0.14594374999999998 0.8031921875 0.059175 0.80219375 0 0.8061390625 0 0.8064625
4 0.8610374999999999 0.9637640624999999 0.880984375 0.9358375000000001 0.8779921875 0.9248671875 0.8660234375 0.922871875 0.733378125 0.915890625 0.7293890625 0.9258640625 0.735371875 0.955784375 0.7523265625 0.960771875 0.8520609374999999 0.96875 0.8610374999999999 0.9637640624999999
4 0.61469375 0.9488031250000001 0.7293890625 0.955784375 0.72739375 0.9238703125000001 0.7184171874999999 0.9128984375 0.5917546875 0.9079124999999999 0.5917546875 0.921875 0.61469375 0.9488031250000001
4 0.4561171875 0.9019281250000001 0.45412187499999995 0.9059171875 0.46309843749999996 0.9148937500000001 0.500996875 0.940825 0.5967421875000001 0.9488031250000001 0.6057187500000001 0.9458109374999999 0.580784375 0.9069156250000001 0.4561171875 0.9019281250000001
4 0.3364359375 0.8899593749999999 0.3214765625 0.8909578125 0.320478125 0.89594375 0.3892953125 0.9328453124999999 0.46509375000000003 0.9388296875 0.48803124999999997 0.9358375000000001 0.44115624999999997 0.8969421875 0.3364359375 0.8899593749999999
4 0.21176875 0.8949468749999999 0.2835765625 0.9248671875 0.3763296875 0.929853125 0.31549218749999997 0.8889625000000001 0.210771875 0.8859703124999999 0.20678125 0.8899593749999999 0.21176875 0.8949468749999999