4 0.1673734375 1 0.1350859375 0.9251968749999999 0 0.9703703125 0 1 0.1673734375 1
4 0.136128125 0.9214953124999999 0.16945625 1 0.3166671875 0.9958328125 0.26110781250000004 0.8881828125 0.136128125 0.9214953124999999
4 0.263190625 0.8918843750000001 0.320471875 1 0.45989531250000004 0.9958328125 0.3777546875 0.85301875 0.263190625 0.8918843750000001
4 0.3798375 0.85116875 0.4600328125 1 0.59140625 0.9981484375 0.4860703125 0.81600625 0.3798375 0.85116875
4 0.48294531249999995 0.81785625 0.5954265624999999 1 0.7203125 0.9981484375 0.5787625000000001 0.7882453125 0.48294531249999995 0.81785625
4 0.7919265625 0.9958328125 0.8245546875 0.9807171875 0.6662484375 0.7623359375 0.5766796875 0.78454375 0.72040625 1 0.7919265625 0.9958328125
4 0.7558171875 0.7382765625000001 0.66833125 0.758634375 0.8266390625 0.98441875 0.9143234375 0.9495374999999999 0.7558171875 0.7382765625000001
4 0.7516515625 0.7401265625 0.915165625 0.9529562500000001 0.98984375 0.9148140625 0.8276796875000001 0.710515625 0.7516515625 0.7401265625
4 0.900584375 0.693859375 0.8297625 0.71606875 0.990153125 0.9177937500000001 1 0.9066890624999999 0.9995265625 0.80305 0.900584375 0.693859375
4 0.902628125 0.6966328125000001 0.9997828125 0.8106984374999999 1 0.7161578125 0.9696890625 0.67634375 0.902628125 0.6966328125000001
4 0.9708671875 0.675053125 1 0.7141031250000001 0.99933125 0.6660609375 0.9708671875 0.675053125
4 0.000734375 0.9696125 0.133003125 0.9233453125000001 0.033020312499999996 0.6864578125 0 0.7012625 0.000734375 0.9696125
4 0.0309375 0.692009375 0.1350859375 0.9307484374999999 0.2652734375 0.8900328125 0.15 0.66944375 0.0309375 0.692009375
4 0.1527921875 0.66795 0.2652734375 0.8900328125 0.3791671875 0.85 0.2652734375 0.6438906249999999 0.1527921875 0.66795
4 0.2652734375 0.6457421875 0.3777546875 0.85116875 0.488153125 0.81970625 0.36500937499999997 0.62365 0.2652734375 0.6457421875
4 0.3662359375 0.6213609375 0.48477812499999995 0.8196140625 0.5807921875 0.7900671874999999 0.4568125 0.6010953125 0.3662359375 0.6213609375
4 0.45635000000000003 0.60325 0.5818640625 0.7872078124999999 0.6682234375 0.762425 0.54331875 0.5844046875 0.45635000000000003 0.60325
4 0.5405625 0.5860937500000001 0.669296875 0.763378125 0.7529734375 0.7376437499999999 0.6204375 0.5677140625 0.5405625 0.5860937500000001
4 0.6198546875 0.567984375 0.7534156249999999 0.740503125 0.8295828125 0.7157218750000001 0.696215625 0.5546 0.6198546875 0.567984375
4 0.6944125 0.55559375 0.8301187499999999 0.7157218750000001 0.9003859375 0.6938 0.7665078125 0.5414859375 0.6944125 0.55559375
4 0.7646796874999999 0.543203125 0.9052140625 0.6976125 0.9701171875 0.6785484375 0.834909375 0.5271796875 0.7646796874999999 0.543203125
4 1 0.6280328125 0.8959343750000001 0.5152578125 0.834946875 0.527953125 0.9695812500000001 0.6785484375 1 0.6671109375000001 1 0.6280328125
4 1 0.554640625 0.9536046875 0.5033359374999999 0.895559375 0.5155609375 1 0.6270796875 1 0.554640625
4 0.9545625 0.5041234375 0.99961875 0.55178125 1 0.4949921875 0.9545625 0.5041234375
4 0 0.699178125 0.0121015625 0.6960015625 0 0.6611765625 0 0.699178125
4 0.00049375 0.65630625 0.0121015625 0.697590625 0.1022875 0.6769484375 0.08395625 0.634721875 0.00049375 0.65630625
4 0.08621562499999999 0.6356625 0.1022875 0.6769484375 0.1862234375 0.65630625 0.170265625 0.6175265624999999 0.08621562499999999 0.6356625
4 0.1683640625 0.6197843749999999 0.1862234375 0.66106875 0.266671875 0.6418062499999999 0.247646875 0.6029765625 0.1683640625 0.6197843749999999
4 0.24750624999999998 0.6048578124999999 0.2679265625 0.64308125 0.342440625 0.6271546875 0.3198296875 0.5892859374999999 0.24750624999999998 0.6048578124999999
4 0.3202296875 0.58925 0.34262031249999997 0.6274734375000001 0.41247656250000003 0.611228125 0.3893828125 0.5741609375000001 0.3202296875 0.58925
4 0.38978125 0.575871875 0.41217031249999997 0.6125015625 0.4784453125 0.5981687499999999 0.45236875000000004 0.5622203125 0.38978125 0.575871875
4 0.45462187500000006 0.5612203124999999 0.4779078125 0.5984875 0.5407796874999999 0.584471875 0.5152375 0.550015625 0.45462187500000006 0.5612203124999999
4 0.540925 0.585746875 0.598959375 0.5736421875 0.5725515624999999 0.5378093749999999 0.516921875 0.5510265624999999 0.540925 0.585746875
4 0.5738828125000001 0.5376484375 0.59985625 0.5742796875 0.6555625 0.5618562500000001 0.62918125 0.528521875 0.5738828125000001 0.5376484375
4 0.7187218750000001 0.5507078125 0.6889875 0.515034375 0.63679375 0.5256031250000001 0.66588125 0.5615390625 0.7187218750000001 0.5507078125
4 0.6888093750000001 0.5153531250000001 0.7196171875 0.5510265624999999 0.7713828125 0.540515625 0.7391593750000001 0.5046421875 0.6888093750000001 0.5153531250000001
4 0.7396796875 0.506115625 0.7704875 0.540834375 0.8206421875000001 0.5303234375 0.789009375 0.49668124999999996 0.7396796875 0.506115625
4 0.78801875 0.4965859375 0.8195453125000001 0.5313046875 0.8675484375 0.5207937499999999 0.8361750000000001 0.487925 0.78801875 0.4965859375
4 0.8360234375 0.48798593749999997 0.866653125 0.520475 0.9121499999999999 0.51219375 0.880225 0.4779484375 0.8360234375 0.48798593749999997
4 0.8804453125 0.4787484375 0.910359375 0.5112375 0.9547812499999999 0.503275 0.9223156250000001 0.4689265625 0.8804453125 0.4787484375
4 0.92325625 0.471421875 0.9538859375 0.5013640625 0.995440625 0.49435624999999994 0.9620171875000001 0.46043593749999995 0.92325625 0.471421875
4 0.9947250000000001 0.49499375 1 0.4934 0.999928125 0.4535359375 0.9640953124999999 0.462503125 0.9947250000000001 0.49499375
4 1 0.36017968749999996 0.9894812500000001 0.36135625 1 0.3722828125 1 0.36017968749999996
4 1 0.3735578125 0.9888140625 0.3608171875 0.9539578125 0.36745937500000003 1 0.41114375000000003 1 0.3735578125
4 1 0.4114625 0.9546015625000001 0.36623125 0.9177031250000001 0.37196562499999997 1 0.453825 1 0.4114625
4 0.9612296875 0.4617890625 1 0.4528703125 0.9182406249999999 0.371328125 0.8781359375 0.37568437499999996 0.9612296875 0.4617890625
4 0.9624828125 0.46147031250000003 0.8775796874999999 0.37610625 0.8369421875 0.38285 0.9214640624999999 0.47038906249999995 0.9624828125 0.46147031250000003
4 0.87955 0.4786703125 0.92164375 0.4694328125 0.8370984375000001 0.3827953125 0.7942546875 0.39054375 0.87955 0.4786703125
4 0.8777593749999999 0.47707812499999996 0.794109375 0.3901203125 0.7489703125 0.398084375 0.8347031250000001 0.48712968749999996 0.8777593749999999 0.47707812499999996
4 0.7496890625 0.397128125 0.702834375 0.40540937499999996 0.7881359375 0.49588593750000004 0.8324406249999999 0.48631562500000003 0.7496890625 0.397128125
4 0.7037296875 0.4044546875 0.6557125 0.41273593750000004 0.738146875 0.5043765625 0.7872015625000001 0.495234375 0.7037296875 0.4044546875
4 0.655353125 0.41209843749999997 0.6061453125 0.4206984375 0.6872921875 0.514459375 0.7386453125 0.5038343750000001 0.655353125 0.41209843749999997
4 0.6063234375000001 0.41974375 0.5548390624999999 0.42770625000000007 0.6364171875 0.5239015625000001 0.687465625 0.5140265625 0.6063234375000001 0.41974375
4 0.5476265625 0.4264328125 0.49460625 0.4353515625 0.57239375 0.537596875 0.62633125 0.526134375 0.5476265625 0.4264328125
4 0.5135234375 0.5495046875 0.571071875 0.5355109375 0.49384843749999996 0.4349234375 0.436840625 0.44144375 0.5135234375 0.5495046875
4 0.45253125 0.560875 0.516475 0.5495046875 0.43974375 0.44454374999999996 0.3790515625 0.45091562500000004 0.45253125 0.560875
4 0.4505640625 0.560875 0.376784375 0.4506671875 0.3155234375 0.46038750000000006 0.3885890625 0.5757453124999999 0.4505640625 0.560875
4 0.31874375 0.5888656250000001 0.3895734375 0.5757453124999999 0.3148078125 0.46028906249999996 0.2491265625 0.47058906250000004 0.31874375 0.5888656250000001
4 0.24742187499999999 0.6037343749999999 0.321203125 0.5888656250000001 0.24840625 0.469909375 0.178221875 0.480790625 0.24742187499999999 0.6037343749999999
4 0.24693125 0.602859375 0.17905312499999998 0.47865624999999995 0.1032171875 0.489534375 0.169215625 0.6203531250000001 0.24693125 0.602859375
4 0.167209375 0.619478125 0.10129999999999999 0.49002656250000004 0.022600000000000002 0.504896875 0.0831375 0.6343484375 0.167209375 0.619478125
4 0.022600000000000002 0.504896875 0 0.5101453125 0.0008671875000000001 0.6542046874999999 0.0845765625 0.636971875 0.022600000000000002 0.504896875
4 0 0.5092703125 0.020140625000000002 0.505771875 0.0132546875 0.49002656250000004 0.0000484375 0.49026249999999993 0 0.5092703125
4 0.014731250000000001 0.49002656250000004 0.019648437499999998 0.5040218750000001 0.0826078125 0.4917765625 0.0750515625 0.47933281250000004 0.014731250000000001 0.49002656250000004
4 0.0762140625 0.47778124999999994 0.0835921875 0.495275 0.1440921875 0.4830296875 0.13735 0.46913125000000006 0.0762140625 0.47778124999999994
4 0.13818906250000002 0.47165937500000005 0.1450765625 0.4847796875 0.20557656249999998 0.4760328125 0.195959375 0.45893125 0.13818906250000002 0.47165937500000005
4 0.1972140625 0.46116250000000003 0.2045921875 0.4760328125 0.26263281250000003 0.469034375 0.25088125 0.45091562500000004 0.1972140625 0.46116250000000003
4 0.2531140625 0.4525046875 0.263278125 0.46795 0.3152078125 0.45973437500000003 0.30456875 0.444546875 0.2531140625 0.4525046875
4 0.3057828125 0.44626093750000007 0.3153921875 0.4607203125 0.365659375 0.453490625 0.3553109375 0.43771562499999994 0.3057828125 0.44626093750000007
4 0.3556796875 0.4383734375 0.365475 0.453490625 0.41407812499999996 0.447246875 0.403584375 0.43195468750000005 0.3556796875 0.4383734375
4 0.461040625 0.4406734375 0.4501375 0.42555624999999997 0.40373906249999997 0.43140625000000005 0.41336093749999997 0.4465890625 0.461040625 0.4406734375
4 0.45032187500000004 0.42654218750000006 0.4606703125 0.44034531250000003 0.5050234375 0.43179999999999996 0.4949078125 0.4188140625 0.45032187500000004 0.42654218750000006
4 0.49412031250000005 0.41898437499999996 0.505209375 0.433771875 0.5480828125 0.42654218750000006 0.536946875 0.4119703125 0.49412031250000005 0.41898437499999996
4 0.5371796875 0.41274062499999997 0.5528875 0.43212968749999997 0.5913265625 0.42259843750000003 0.579603125 0.4070421875 0.5371796875 0.41274062499999997
4 0.591696875 0.42227031249999997 0.6305265624999999 0.4163546875 0.619640625 0.401840625 0.5795 0.40649687500000004 0.591696875 0.42227031249999997
4 0.619253125 0.40288124999999997 0.6307109375 0.4163546875 0.6682265625 0.40912499999999996 0.6572203125 0.39609218749999997 0.619253125 0.40288124999999997
4 0.658246875 0.39729375 0.6682265625 0.4101109375 0.705371875 0.402553125 0.695946875 0.39105 0.658246875 0.39729375
4 0.69613125 0.39302187499999997 0.7057421875000001 0.4041953125 0.741778125 0.39860937500000004 0.731984375 0.3857921875 0.69613125 0.39302187499999997
4 0.73216875 0.38677812500000003 0.74159375 0.3989375 0.778 0.39302187499999997 0.7677859375 0.382403125 0.73216875 0.38677812500000003
4 0.7678359375 0.382178125 0.7772609375 0.39335156250000003 0.8108953124999999 0.3874359375 0.8019718749999999 0.37638125 0.7678359375 0.382178125
4 0.8435421875 0.3815203125 0.8337468749999999 0.372646875 0.8012015625 0.3772015625 0.81083125 0.3877640625 0.8435421875 0.3815203125
4 0.8346718750000001 0.372646875 0.8429874999999999 0.382178125 0.8749578124999999 0.3762625 0.8667859375000001 0.36789375 0.8346718750000001 0.372646875
4 0.8681203125 0.36903281250000003 0.87514375 0.3762625 0.9058203125000001 0.3716609375 0.8978921874999999 0.3640609375 0.8681203125 0.36903281250000003
4 0.8986140625000001 0.3650890625 0.905265625 0.37231875 0.936128125 0.3673890625 0.928075 0.3585859375 0.8986140625000001 0.3650890625
4 0.928921875 0.360159375 0.936128125 0.368703125 0.9655125 0.363775 0.9567171875 0.3553015625 0.928921875 0.360159375
4 0.957565625 0.35555781249999996 0.9644031249999999 0.36443125 0.9937875 0.35983125 0.985975 0.3517421875 0.957565625 0.35555781249999996
4 0.985471875 0.35260156249999997 0.9936031249999999 0.35983125 0.9998859375 0.3588453125 1 0.3498265625 0.985471875 0.35260156249999997
4 0.999834375 0.33778125000000003 0.9499890625 0.2931625 0.9233765625 0.29579218749999997 0.985471875 0.3519875 1 0.3493578125 0.999834375 0.33778125000000003
4 1 0.2879046875 0.978275 0.2909671875 1 0.31156562499999996 1 0.2879046875
4 1 0.3128796875 0.9784484375 0.29086249999999997 0.9517890625 0.29343125 1 0.3388421875 1 0.3128796875
4 0.9568265625000001 0.35593125 0.9843624999999999 0.3513296875 0.9230078125000001 0.295134375 0.8957359374999999 0.2978109375 0.9568265625000001 0.35593125
4 0.9268890624999999 0.3611890625 0.9564578125000001 0.3556015625 0.8952875 0.2980921875 0.8654 0.301096875 0.9268890624999999 0.3611890625
4 0.8963953124999999 0.3634890625 0.927996875 0.36053125 0.8666421874999999 0.30170625 0.8364499999999999 0.30575 0.8963953124999999 0.3634890625
4 0.8655328125 0.368746875 0.89658125 0.364146875 0.8367046874999999 0.30499375 0.8051890625 0.30848749999999997 0.8655328125 0.368746875
4 0.8341171875000001 0.37236250000000004 0.8655328125 0.368090625 0.8045484374999999 0.3082796875 0.773775 0.3115 0.8341171875000001 0.37236250000000004
4 0.7731312499999999 0.31156562499999996 0.7401015625 0.3161671875 0.7999546875 0.3758328125 0.8337468749999999 0.372690625 0.7731312499999999 0.31156562499999996
4 0.8005328125 0.3769625 0.7399171875 0.315509375 0.706528125 0.31834375000000004 0.767821875 0.38255 0.8005328125 0.3769625
4 0.704740625 0.31846718749999997 0.6691609374999999 0.3227390625 0.73039375 0.38650937500000004 0.765171875 0.38320781249999997 0.704740625 0.31846718749999997
4 0.7310703125 0.386821875 0.6715625000000001 0.32208125 0.6346015625 0.3270109375 0.6937656249999999 0.3914375 0.7310703125 0.386821875
4 0.6350859375 0.327340625 0.5978453125 0.33128281249999997 0.6563453124999999 0.3969125 0.6950328125 0.392409375 0.6350859375 0.327340625
4 0.6179890625 0.4035828125 0.6569828125 0.3976671875 0.5989546875 0.33128281249999997 0.5609015625 0.33476875 0.6179890625 0.4035828125
4 0.578625 0.4078546875 0.61854375 0.4022671875 0.5616234375 0.33489843750000003 0.5219421875 0.338328125 0.578625 0.4078546875
4 0.5375984375 0.4144265625 0.5777015624999999 0.40686875 0.52170625 0.338184375 0.4802109375 0.34298125 0.5375984375 0.4144265625
4 0.4930609375 0.41935625 0.5368593749999999 0.41278437500000004 0.4804953125 0.34245625 0.438325 0.3470890625 0.4930609375 0.41935625
4 0.43817500000000004 0.3467296875 0.3938625 0.3529734375 0.44864218749999996 0.4256578125 0.4939859375 0.4187 0.43817500000000004 0.3467296875
4 0.403103125 0.43282968750000006 0.4496734375 0.426915625 0.39515625 0.3533015625 0.349971875 0.3580390625 0.403103125 0.43282968750000006
4 0.349140625 0.35740625000000004 0.30183125 0.3620078125 0.3561625 0.439403125 0.403659375 0.4329921875 0.349140625 0.35740625000000004
4 0.354315625 0.43759218750000006 0.302015625 0.3620078125 0.2531234375 0.368403125 0.3064515625 0.446465625 0.354315625 0.43759218750000006
4 0.251934375 0.45270937499999997 0.30534218750000003 0.44449375 0.253596875 0.3679234375 0.20045937500000002 0.3736046875 0.251934375 0.45270937499999997
4 0.19482968750000002 0.46059687499999996 0.251934375 0.4520515625 0.20000468749999997 0.3725234375 0.14440625 0.379353125 0.19482968750000002 0.46059687499999996
4 0.14515781249999998 0.3773671875 0.08823906249999999 0.384596875 0.13732187499999998 0.46750468749999996 0.19542500000000002 0.46051093749999994 0.14515781249999998 0.3773671875
4 0.07585625 0.4789140625 0.137765625 0.46938281249999997 0.0895328125 0.3859109375 0.0309125 0.392428125 0.07585625 0.4789140625
4 0 0.46248281249999995 0.01335625 0.4896140625 0.0762265625 0.47990000000000005 0.030025000000000003 0.39215468750000004 0 0.396428125 0 0.46248281249999995
4 0 0.4882453125 0.010596875 0.48778750000000004 0 0.46248281249999995 0 0.4882453125
4 0 0.3209203125 0.0068203125 0.3189484375 0 0.30410781249999996 0 0.3209203125
4 0.041746875 0.316978125 0.0307734375 0.2978109375 0.0003515625 0.29955937499999996 0 0.30514687500000004 0.007559375 0.3202640625 0.041746875 0.316978125
4 0.0315828125 0.29660156249999997 0.041007812500000004 0.317634375 0.0744578125 0.3140203125 0.06434375 0.2948 0.0315828125 0.29660156249999997
4 0.0639234375 0.2959453125 0.0740890625 0.31500625000000004 0.1075375 0.3127046875 0.0963734375 0.292609375 0.0639234375 0.2959453125
4 0.09681875 0.293315625 0.1080921875 0.3123765625 0.13913906250000002 0.3107328125 0.12825 0.2915140625 0.09681875 0.293315625
4 0.127865625 0.2920015625 0.1387703125 0.3110625 0.1700015625 0.3084328125 0.15843125 0.28959843749999997 0.127865625 0.2920015625
4 0.1590984375 0.2900296875 0.1700015625 0.3087609375 0.20104843749999998 0.3061328125 0.189075 0.2876828125 0.1590984375 0.2900296875
4 0.1893 0.2880578125 0.20057343749999998 0.3067890625 0.2314359375 0.305475 0.219103125 0.2860390625 0.1893 0.2880578125
4 0.218684375 0.2857578125 0.2314359375 0.30514687500000004 0.2602640625 0.30317500000000003 0.24816875 0.28467031249999997 0.218684375 0.2857578125
4 0.2471453125 0.2843859375 0.2602671875 0.30311875 0.2876171875 0.29983125 0.2743859375 0.28248125 0.2471453125 0.2843859375
4 0.00043750000000000006 0.3361375 0 0.3478609375 0.004940625 0.347203125 0.00043750000000000006 0.3361375
4 0.044940625 0.343803125 0.031921875 0.318284375 0 0.3209125 0.0001359375 0.33504375 0.0054953125 0.3478609375 0.044940625 0.343803125
4 0.0313671875 0.3179546875 0.0457828125 0.34523125 0.0846703125 0.3407921875 0.07091562500000001 0.31466875 0.0313671875 0.3179546875
4 0.08533125 0.340959375 0.1237703125 0.3389875 0.10930781249999999 0.31341562500000003 0.0714703125 0.314996875 0.08533125 0.340959375
4 0.1091703125 0.3133546875 0.1237703125 0.33964531249999996 0.1599921875 0.3357015625 0.146265625 0.30985625 0.1091703125 0.3133546875
4 0.18124374999999998 0.308425 0.1453921875 0.31006875 0.1599921875 0.3363578125 0.1964671875 0.334221875 0.18124374999999998 0.308425
4 0.196925 0.3343859375 0.23166718749999998 0.33175781249999997 0.21587031250000002 0.3060234375 0.1804765625 0.30743906249999997 0.196925 0.3343859375
4 0.21540468750000002 0.3057953125 0.23203749999999998 0.3314296875 0.26678125 0.3294578125 0.249821875 0.30410781249999996 0.21540468750000002 0.3057953125
4 0.24922499999999997 0.30415312499999997 0.2665953125 0.32978593749999996 0.30041562499999996 0.32715625 0.28292968749999997 0.3013703125 0.24922499999999997 0.30415312499999997
4 0.2999734375 0.32715625 0.3317609375 0.32518437499999997 0.31465156250000004 0.299453125 0.2818640625 0.3015234375 0.2999734375 0.32715625
4 0.31346562499999997 0.29922343749999997 0.3317609375 0.32518437499999997 0.3642859375 0.322884375 0.3449640625 0.2975375 0.31346562499999997 0.29922343749999997
4 0.34578125000000004 0.2983640625 0.3650015625 0.323340625 0.3945703125 0.321040625 0.37617500000000004 0.2948 0.34578125000000004 0.2983640625
4 0.375165625 0.29540625 0.3936453125 0.321040625 0.4243234375 0.3184109375 0.40450937500000006 0.2931578125 0.375165625 0.29540625
4 0.4043640625 0.2924484375 0.42376874999999997 0.3184109375 0.45407656249999995 0.31742499999999996 0.4331515625 0.2904203125 0.4043640625 0.2924484375
4 0.4335640625 0.2917921875 0.453521875 0.31742499999999996 0.4823515625 0.315125 0.4614859375 0.28905156249999997 0.4335640625 0.2917921875
4 0.4618390625 0.28850625 0.48198125 0.31578125 0.5097031249999999 0.31315312500000003 0.48920312499999996 0.287134375 0.4618390625 0.28850625
4 0.48845 0.287190625 0.5091484375 0.313809375 0.5365 0.310853125 0.5144578125 0.28467031249999997 0.48845 0.287190625
4 0.5146921875 0.28587656250000004 0.5359453125 0.31150937500000003 0.564959375 0.309209375 0.540790625 0.2827546875 0.5146921875 0.28587656250000004
4 0.54111875 0.282590625 0.5642203125 0.309209375 0.5899078125 0.30657968750000003 0.5665078125 0.2811125 0.54111875 0.282590625
4 0.5648484375 0.281275 0.5892421875 0.3078953125 0.6151156249999999 0.3042796875 0.5916078125 0.2791953125 0.5648484375 0.281275
4 0.6162234375 0.277540625 0.5920140625 0.2795125 0.61566875 0.3048171875 0.6393453124999999 0.30363125 0.6162234375 0.277540625
4 0.6142484375 0.27663906250000003 0.63938125 0.3029296875 0.6643296875 0.3009578125 0.6394984375 0.274815625 0.6142484375 0.27663906250000003
4 0.6388265625 0.275653125 0.6645140625 0.3009578125 0.68816875 0.298328125 0.663521875 0.2728984375 0.6388265625 0.275653125
4 0.6630359375 0.27368125 0.6874296875 0.29865624999999996 0.7125640625 0.29635625 0.6866203125 0.2704359375 0.6630359375 0.27368125
4 0.6861359375 0.2707234375 0.7112703125000001 0.2976703125 0.7351093750000001 0.2953703125 0.7091031250000001 0.269340625 0.6861359375 0.2707234375
4 0.7084984375000001 0.2690796875 0.7356640624999999 0.2953703125 0.7583953125 0.2930703125 0.7311234375 0.267696875 0.7084984375000001 0.2690796875
4 0.730859375 0.26710781250000004 0.7583953125 0.2933984375 0.7800171875 0.29175625 0.75314375 0.265234375 0.730859375 0.26710781250000004
4 0.752284375 0.265246875 0.780190625 0.2925234375 0.8025515625 0.2892375 0.774240625 0.262221875 0.752284375 0.265246875
4 0.7742765625 0.2636046875 0.801996875 0.289565625 0.8230656249999999 0.2866078125 0.7945671875 0.2605796875 0.7742765625 0.2636046875
4 0.793496875 0.260975 0.8226953124999999 0.28693749999999996 0.843578125 0.2843078125 0.81581875 0.259484375 0.793496875 0.260975
4 0.8151187500000001 0.2599890625 0.8426546874999999 0.2846375 0.8631671875 0.2820078125 0.83660625 0.25811562499999996 0.8151187500000001 0.2599890625
4 0.8365562499999999 0.25834687500000003 0.8624281249999999 0.2836515625 0.8834953125 0.2816796875 0.8561640625000001 0.2559265625 0.8365562499999999 0.25834687500000003
4 0.8557750000000001 0.256375 0.88405 0.28135 0.9036390624999999 0.279378125 0.8752578124999999 0.25455625 0.8557750000000001 0.256375
4 0.8744406250000001 0.254403125 0.9041937499999999 0.2803640625 0.9221203125 0.27773593750000003 0.8945078125 0.252640625 0.8744406250000001 0.254403125
4 0.8940296875 0.252759375 0.9223046874999999 0.27806406250000004 0.9424484375000001 0.27675 0.9129859375 0.250725 0.8940296875 0.252759375
4 0.9130640624999999 0.2511171875 0.9409703125 0.27675 0.960375 0.274778125 0.9313109374999999 0.24853437500000003 0.9130640624999999 0.2511171875
4 0.9302515625 0.2491453125 0.9598203125 0.2757640625 0.9784859375 0.27280625000000003 0.9493281250000001 0.2477125 0.9302515625 0.2491453125
4 0.94873125 0.24782968749999998 0.9771921875 0.2734640625 0.9967812500000001 0.272478125 0.9670375 0.24607031250000003 0.94873125 0.24782968749999998
4 1 0.259003125 0.9830515625 0.244975 0.9666578124999999 0.24684374999999997 0.9954875 0.2714921875 1 0.272478125 1 0.259003125
4 1 0.2425109375 0.9843984375 0.244215625 1 0.25966093749999997 1 0.2425109375
4 1 0.272078125 0.9904984375 0.27313437500000004 1 0.2820078125 1 0.272078125
4 1 0.28135 0.9906828125 0.27313437500000004 0.970425 0.2742671875 0.98735625 0.28890937499999997 1 0.2885796875 1 0.28135
4 0.965734375 0.29186718749999996 0.9866171874999999 0.2882515625 0.9698 0.2741203125 0.9502515624999999 0.27700468749999996 0.965734375 0.29186718749999996
4 0.9444812499999999 0.29318125 0.9662890624999999 0.2915375 0.94965625 0.2764203125 0.9285390625 0.2772796875 0.9444812499999999 0.29318125
4 0.9454062499999999 0.292853125 0.927109375 0.27740624999999997 0.9057484375 0.27946875000000004 0.9234140625 0.2964671875 0.9454062499999999 0.292853125
4 0.9224890625000001 0.29548125000000003 0.905303125 0.27905 0.882496875 0.2811125 0.9012375 0.297453125 0.9224890625000001 0.29548125000000003
4 0.9003125000000001 0.2984390625 0.882571875 0.28069375 0.8595515625000001 0.283575 0.8775828125 0.30041093750000003 0.9003125000000001 0.2984390625
4 0.8766578125000001 0.3000828125 0.8589171875 0.28299375000000004 0.8355296875 0.28576562499999997 0.8537421875 0.303040625 0.8766578125000001 0.3000828125
4 0.8535578125000001 0.3023828125 0.835446875 0.285621875 0.8121218750000001 0.28795625 0.8306421875 0.30566875 0.8535578125000001 0.3023828125
4 0.8291640625 0.3059984375 0.8110531249999999 0.28693749999999996 0.787484375 0.29014531250000003 0.8045843749999999 0.309284375 0.8291640625 0.3059984375
4 0.8036609374999999 0.3086265625 0.785734375 0.29088125 0.7613046875 0.29343125 0.7777875 0.31125625 0.8036609374999999 0.3086265625
4 0.7770359375 0.31036874999999997 0.7598499999999999 0.2932796875 0.7338953125 0.296715625 0.7528265625 0.31365468750000003 0.7770359375 0.31036874999999997
4 0.7520875 0.31365468750000003 0.7336078125000001 0.2952515625 0.7064843749999999 0.2978109375 0.7254765625 0.31694062500000003 0.7520875 0.31365468750000003
4 0.7247375 0.31694062500000003 0.706071875 0.2975515625 0.6801515625000001 0.299728125 0.6975703125 0.3195703125 0.7247375 0.31694062500000003
4 0.670034375 0.3225265625 0.698125 0.31825468749999997 0.6805687500000001 0.3001796875 0.652434375 0.3019171875 0.670034375 0.3225265625
4 0.6421296875 0.325484375 0.6711437499999999 0.32318437499999997 0.65229375 0.30248125 0.623175 0.3046546875 0.6421296875 0.325484375
4 0.613484375 0.3291 0.6432375 0.3258140625 0.6240187500000001 0.305109375 0.5945328125 0.30711875 0.613484375 0.3291
4 0.5841390625 0.332815625 0.6140765625 0.3292 0.5944875 0.3071828125 0.5655828125 0.3104046875 0.5841390625 0.332815625
4 0.552721875 0.335115625 0.583584375 0.3318296875 0.56455 0.308496875 0.5333984375 0.312046875 0.552721875 0.335115625
4 0.552825 0.33494375 0.5336046875 0.3116109375 0.5027421875 0.31489687499999997 0.5215921875 0.3388875 0.552825 0.33494375
4 0.520484375 0.338559375 0.500709375 0.314240625 0.4698015625 0.31560625 0.489621875 0.3418453125 0.520484375 0.338559375
4 0.4888828125 0.34053125 0.47003281250000006 0.31522656250000003 0.43623124999999996 0.3180703125 0.4570953125 0.344803125 0.4888828125 0.34053125
4 0.4560890625 0.3446859375 0.43687031249999997 0.31806718749999996 0.40231093749999997 0.319709375 0.42337968750000005 0.349615625 0.4560890625 0.3446859375
4 0.386603125 0.351915625 0.423009375 0.3489578125 0.40231093749999997 0.3206953125 0.3668296875 0.323325 0.386603125 0.351915625
4 0.351490625 0.3571734375 0.387896875 0.35224375 0.366459375 0.3226671875 0.3293609375 0.325734375 0.351490625 0.3571734375
4 0.3132359375 0.362103125 0.351490625 0.356515625 0.330053125 0.325625 0.2916328125 0.328746875 0.3132359375 0.362103125
4 0.3130625 0.362040625 0.2912546875 0.32720625000000003 0.25175000000000003 0.33175781249999997 0.274621875 0.365984375 0.3130625 0.362040625
4 0.274621875 0.36565625 0.251521875 0.3304921875 0.2103265625 0.332853125 0.2335953125 0.36960000000000004 0.274621875 0.36565625
4 0.1912765625 0.37354375 0.232671875 0.36795625 0.21067968750000002 0.33344999999999997 0.16951875 0.335590625 0.1912765625 0.37354375
4 0.1916234375 0.3732140625 0.168153125 0.336078125 0.12516875 0.33778125000000003 0.14745625 0.3778140625 0.1916234375 0.3732140625
4 0.1023640625 0.3830734375 0.14745625 0.378471875 0.1254640625 0.33837968749999997 0.07974218749999999 0.3416125 0.1023640625 0.3830734375
4 0.0557921875 0.3896453125 0.10291874999999999 0.3834015625 0.0798171875 0.341665625 0.0329296875 0.34489843750000004 0.0557921875 0.3896453125
4 0 0.3791296875 0.007559375 0.3955609375 0.05468437499999999 0.388659375 0.0328765625 0.3459375 0 0.3473625 0 0.3791296875
4 0 0.3947234375 0.0062656249999999995 0.394246875 0 0.3778140625 0 0.3947234375