4 1 0.7462953125 0.700059375 0.5654656250000001 0.2110796875 0.76869375 0.382728125 1 0.765996875 1 1 0.7703421875 1 0.7462953125
4 1 0.50486875 0.93141875 0.47064218750000003 0.7048703125 0.56258125 1 0.7395625 1 0.50486875
4 0.700059375 0.5586578125 0.9261984375000001 0.4701671875 0.7433625 0.387446875 0.503125 0.4393625 0.700059375 0.5586578125
4 0.49508906250000007 0.4374640625 0.036071874999999996 0.53365 0.19995000000000002 0.7581765625 0.693321875 0.5586578125 0.49508906250000007 0.4374640625
4 0.7366265624999999 0.387296875 0.5970921875 0.3257375 0.3611625 0.352740625 0.5008625 0.43923750000000006 0.7366265624999999 0.387296875
4 0.5922531249999999 0.32653125 0.48384687499999995 0.2762046875 0.25256406249999996 0.28725 0.355915625 0.35118125 0.5922531249999999 0.32653125
4 0.2495625 0.2869890625 0.48281875 0.2762046875 0.39547656249999996 0.2366609375 0.169703125 0.237790625 0.2495625 0.2869890625
4 0.3933890625 0.23700937500000002 0.3168359375 0.203115625 0.10354375 0.1992515625 0.1673265625 0.2364953125 0.3933890625 0.23700937500000002
4 0.3194046875 0.203115625 0.255696875 0.1748703125 0.04864375 0.1646 0.1005359375 0.1979796875 0.3194046875 0.203115625
4 0 0.196953125 0.0959109375 0.196953125 0.0440203125 0.163059375 0.0007703125 0.164565625 0 0.196953125
4 0.09899375 0.1979796875 0 0.1954125 0.0007703125 0.239075 0.1637296875 0.23752187500000002 0.09899375 0.1979796875
4 0 0.29752812500000003 0.24439375000000002 0.2868625 0.1647578125 0.236021875 0 0.238590625 0 0.29752812500000003
4 0.24439375000000002 0.2873765625 0 0.2997015625 0.0020546875 0.387453125 0.3481765625 0.3520828125 0.24439375000000002 0.2873765625
4 0.0007703125 0.48251875 0.03374375 0.5303625000000001 0.4930625 0.4368984375 0.3533140625 0.3511359375 0 0.393246875 0.0007703125 0.48251875