4 0.25733125 0.8409484375 0.495928125 0.660253125 0.33004687499999996 0.562334375 0.1232953125 0.6833328125 0.25733125 0.8409484375
4 0.49214062500000005 0.6612625000000001 0.6519640625 0.5350796875 0.48305156250000003 0.4745109375 0.329734375 0.564646875 0.49214062500000005 0.6612625000000001
4 0.6974109375 0.5461828125 0.8102703124999999 0.45432187500000004 0.6292390625000001 0.4088953125 0.513446875 0.48005000000000003 0.6974109375 0.5461828125
4 1 0.49974687500000003 0.8148156249999999 0.45432187500000004 0.7037875 0.5469703124999999 1 0.652178125 1 0.49974687500000003
4 1 0.40485781249999997 0.8988921875000001 0.38668749999999996 0.8164765624999999 0.45479843750000004 1 0.5007578125000001 1 0.40485781249999997
4 0.11947656250000001 0.6794328125 0.3292890625 0.560315625 0.2187015625 0.495709375 0.039015625 0.5848484375 0.11947656250000001 0.6794328125
4 0.326259375 0.561325 0.47623437500000004 0.4714828125 0.3603453125 0.427065625 0.219459375 0.4987375 0.326259375 0.561325
4 0.5103203125 0.47854843750000003 0.6239375 0.4099046875 0.49441406250000003 0.3776015625 0.382765625 0.43333281250000005 0.5103203125 0.47854843750000003
4 0.7199453124999999 0.3540640625 0.6315703125 0.40833281250000003 0.6321390625000001 0.41043906249999995 0.8096734375000001 0.45570937499999997 0.8929937499999999 0.3848140625 0.7199453124999999 0.3540640625
4 0.894915625 0.38566875 0.9622125 0.330146875 0.79685625 0.30879375 0.7237171874999999 0.3559828125 0.894915625 0.38566875
4 1 0.2891484375 0.8571015624999999 0.27291875 0.7982375 0.308975 0.9622125 0.33185625 1 0.29854375 1 0.2891484375
4 0.5840703125 0.33185625 0.4945515625 0.3762828125 0.4962640625 0.37798125 0.6218843749999999 0.41129375 0.7135359375 0.3540640625 0.5840703125 0.33185625
4 0.215115625 0.49756406249999996 0.35868125 0.4283765625 0.2715171875 0.39591875 0.14320468749999998 0.45 0.215115625 0.49756406249999996
4 0 0.53685625 0.03758125 0.581271875 0.2183203125 0.496709375 0.13948750000000001 0.45058437500000004 0 0.5103765625000001 0 0.53685625
4 0.13948750000000001 0.4514390625 0.27023437499999997 0.39591875 0.20037500000000003 0.371146875 0.0855125 0.41794843750000005 0.13948750000000001 0.4514390625
4 0 0.509521875 0.13884687499999998 0.45058437500000004 0.083728125 0.41727187499999996 0 0.44893124999999995 0 0.509521875
4 0.1978109375 0.371146875 0.14974218749999998 0.353209375 0.0388625 0.391646875 0.0839109375 0.4190171875 0.1978109375 0.371146875
4 0 0.45058437500000004 0.0811640625 0.4181265625 0.04335 0.39079375 0 0.40726562499999996 0 0.45058437500000004
4 0.71695625 0.35491875 0.7957890625 0.30879375 0.6676046875 0.2942734375 0.58951875 0.332478125 0.71695625 0.35491875
4 0.37855 0.43350156249999994 0.4900703125 0.3771265625 0.3952140625 0.35235625000000004 0.2898390625 0.3997859375 0.37855 0.43350156249999994
4 0.28625781250000004 0.40018906249999997 0.3952140625 0.3540640625 0.3215078125 0.33441875 0.217725 0.3752140625 0.28625781250000004 0.40018906249999997
4 0.2170390625 0.3745640625 0.3138171875 0.33698125 0.2535703125 0.319896875 0.1608328125 0.35705156250000003 0.2170390625 0.3745640625
4 0.16063750000000002 0.3566265625 0.2535703125 0.32075156250000003 0.2042203125 0.30708437499999997 0.1151328125 0.33947656249999997 0.16063750000000002 0.3566265625
4 0.11961875 0.34033125000000003 0.2035796875 0.30958125000000003 0.1580734375 0.29591406249999996 0.08150625 0.32179531250000004 0.11961875 0.34033125000000003
4 0.0760359375 0.32478125 0.15570937499999998 0.2963265625 0.12394374999999999 0.2873046875 0.046354687500000005 0.31180625 0.0760359375 0.32478125
4 0.49107031250000005 0.3775265625 0.579596875 0.33033437499999996 0.4827390625 0.315065625 0.3979171875 0.353471875 0.49107031250000005 0.3775265625
4 0.40306406250000004 0.3039609375 0.32443125 0.333803125 0.3265140625 0.3365796875 0.3931703125 0.3560125 0.48221718750000003 0.316453125 0.40306406250000004 0.3039609375
4 0.315578125 0.3379140625 0.399940625 0.3046015625 0.33328437499999997 0.2914140625 0.2546875 0.31788125 0.315578125 0.3379140625
4 0.248403125 0.3233390625 0.3322421875 0.292109375 0.282771875 0.28100468749999996 0.2052078125 0.3057296875 0.248403125 0.3233390625
4 0.19789062500000001 0.3095140625 0.2775640625 0.282446875 0.23330156249999998 0.2748125 0.1654953125 0.2979171875 0.19789062500000001 0.3095140625
4 0.19997343750000002 0.266484375 0.1290359375 0.2857640625 0.1307140625 0.2873046875 0.15935468749999998 0.2976609375 0.23434218750000002 0.27550625 0.19997343750000002 0.266484375
4 0.5822015625 0.33375 0.6634375 0.29419062500000004 0.563975 0.2830875 0.4890625 0.314409375 0.5822015625 0.33375
4 0.484821875 0.31848125 0.559809375 0.2830875 0.4827390625 0.27545312499999997 0.408984375 0.303125 0.484821875 0.31848125
4 0.403584375 0.3059890625 0.480134375 0.27545312499999997 0.418165625 0.26643125 0.3451828125 0.2935765625 0.403584375 0.3059890625
4 0.34109531249999997 0.2956328125 0.409834375 0.2685671875 0.35671718750000003 0.2609328125 0.2924484375 0.28402812499999996 0.34109531249999997 0.2956328125
4 0.285375 0.28314062500000003 0.3509890625 0.2623203125 0.3025609375 0.2546875 0.23515625 0.275346875 0.285375 0.28314062500000003
4 0.23173906249999998 0.276840625 0.3004765625 0.2546328125 0.2619421875 0.2476921875 0.201953125 0.2657984375 0.23173906249999998 0.276840625
4 0.79473125 0.3108078125 0.8517734375 0.2732234375 0.733203125 0.261265625 0.667628125 0.2940171875 0.79473125 0.3108078125
4 0.6601375 0.297140625 0.7255125 0.2621203125 0.6293734375 0.2544328125 0.5642625 0.2844015625 0.6601375 0.297140625
4 0.4101796875 0.26980781249999997 0.47298906250000006 0.245890625 0.4159484375 0.238203125 0.359134375 0.260896875 0.4101796875 0.26980781249999997
4 0.5614359375 0.2860359375 0.6223234375 0.2552859375 0.543490625 0.2501609375 0.4825328125 0.2747859375 0.5614359375 0.2860359375
4 0.48003906250000006 0.27749531250000004 0.5357999999999999 0.2518703125 0.4749125 0.24418281249999998 0.42243593749999997 0.2651703125 0.48003906250000006 0.27749531250000004
4 0.35049687500000004 0.2638265625 0.41101406249999994 0.241034375 0.3654078125 0.2381125 0.302740625 0.25453281250000004 0.35049687500000004 0.2638265625
4 0.299190625 0.25506093750000003 0.3627765625 0.23869687499999998 0.3228703125 0.23109843749999998 0.267653125 0.246490625 0.299190625 0.25506093750000003
4 0.36452968750000003 0.23982031250000002 0.42153906250000006 0.21994843749999998 0.37944062500000003 0.21410468749999997 0.3274125 0.231871875 0.36452968750000003 0.23982031250000002
4 0.5206453125 0.2526765625 0.5732671875 0.2293 0.513190625 0.224040625 0.46557031249999997 0.2428359375 0.5206453125 0.2526765625
4 0.6911640625000001 0.26116875 0.7455421875 0.23428437500000002 0.6587140625 0.23019375000000003 0.603021875 0.25415625 0.6911640625000001 0.26116875
4 0.7446640625 0.23428437500000002 0.7955328125000001 0.21149218749999998 0.707390625 0.20973906250000002 0.6604687499999999 0.22902499999999998 0.7446640625 0.23428437500000002
4 0.5797796875000001 0.22785625 0.53245625 0.24868437499999999 0.533734375 0.2494796875 0.599075 0.25649375 0.6521359375 0.2313625 0.5797796875000001 0.22785625
4 0.5718859375 0.230778125 0.6170546875 0.20857031250000002 0.565746875 0.2062328125 0.5171046875 0.2238296875 0.5718859375 0.230778125
4 0.64994375 0.231946875 0.699496875 0.2103234375 0.61793125 0.20915468750000002 0.58125 0.2267546875 0.64994375 0.231946875
4 0.4092703125 0.2432109375 0.46847031250000004 0.223340625 0.42856562499999995 0.2180796875 0.3729171875 0.23698906250000001 0.4092703125 0.2432109375
4 0.46603593749999994 0.2245375 0.5225078125 0.20603125000000003 0.46973906249999997 0.204796875 0.42835625000000005 0.21851875 0.46603593749999994 0.2245375
4 0.42345 0.22021875 0.4688125 0.2054140625 0.4248390625 0.20232968750000002 0.38734531250000004 0.2146671875 0.42345 0.22021875