4 1 0.32930000000000004 0.9015890625 0.204415625 0.758865625 0.2023109375 0.75699375 0.2023109375 0.8711718749999999 0.41699843750000004 1 0.4155953125 1 0.32930000000000004
4 0.91600625 0.20725781250000003 0.9993890625 0.31596875 0.9998578124999999 0.2065203125 0.91600625 0.20725781250000003
4 0.598271875 0.19500781250000002 0.6496906250000001 0.4122703125 0.8588625000000001 0.4150765625 0.7488953125 0.198284375 0.598271875 0.19500781250000002
4 0.5873078125 0.1954765625 0.4347578125 0.1954765625 0.433353125 0.198284375 0.419315625 0.41086718749999995 0.637378125 0.4094640625 0.5873078125 0.1954765625
4 0.26839375 0.194240625 0.188465625 0.4124390625 0.4074640625 0.40963281250000005 0.42337499999999995 0.19284062500000002 0.26839375 0.194240625
4 0 0.40869062500000003 0.1778046875 0.41022499999999995 0.261425 0.193765625 0.11056718750000001 0.1947890625 0.10988437499999999 0.19325468750000002 0.0010078125 0.35905312500000003 0 0.40869062500000003
4 0 0.19913125 0.00039375 0.34292656250000003 0.1010796875 0.1960609375 0.0007359374999999999 0.197596875 0 0.19913125
4 0 0.9566218750000001 0.3621390625 0.9594671874999999 0.40261250000000004 0.420925 0.1850734375 0.42187343750000006 0.1838078125 0.420925 0 0.9338671875 0 0.9566218750000001
4 0 0.42132812499999994 0.0000671875 0.8737375000000001 0.1708375 0.42345625 0 0.42132812499999994
4 0.38432187500000003 0.9632625000000001 0.75553125 0.9623140625 0.638540625 0.422825 0.41657343750000003 0.424721875 0.38432187500000003 0.9632625000000001
4 1 0.6987328125000001 0.8682921875 0.4285140625 0.6532828125 0.42946249999999997 0.6526500000000001 0.427690625 0.77849375 0.9501125 1 0.9425281249999999 1 0.6987328125000001
4 0.8789453125 0.42989531249999996 1 0.6643078124999999 0.9998328125 0.4294109375 0.8799125 0.42989531249999996 0.8789453125 0.42989531249999996