4 0.4918359375 0 0.8473703125000001 0.6001140625 1 0.608375 1 0 0.4918359375 0
4 0.22338593750000002 0 0.18423125 0.041603125000000005 0.5758515625 0.5737734375 0.5750765624999999 0.5799859374999999 0.8232312500000001 0.5934453125 0.4655890625 0 0.22338593750000002 0
4 0.17838281250000002 0.0521625 0.0904296875 0.15654062500000002 0.41953281249999996 0.563121875 0.420090625 0.562746875 0.5614671875 0.5688359375 0.17838281250000002 0.0521625
4 0.4086140625 0.552590625 0.090175 0.166540625 0.037340625 0.23046875 0.31399374999999996 0.54916875 0.4086140625 0.552590625
4 0.3084625 0.5446640625 0.0366125 0.2336578125 0.00010937500000000002 0.276621875 0.2417015625 0.5446640625 0.3084625 0.5446640625
4 1 0.8895828124999999 0.8513125 0.63229375 0.5996359375 0.6034375 0.8306609375 0.9349624999999999 0.8316203124999999 0.937528125 0.9915609375000001 0.9997281250000001 0.9961437500000001 1 1 1 1 0.8895828124999999
4 1 0.6555359375 0.8788125000000001 0.641090625 1 0.8604453124999999 1 0.6555359375
4 0.5803125 0.5959 0.43684687499999997 0.5788625 0.6514656249999999 0.8566968749999999 0.6526265625 0.8565015624999999 0.816975 0.9236187499999999 0.5803125 0.5959
4 0.4317953125 0.5790453125 0.330865625 0.5692359375 0.52885625 0.8025968750000001 0.5304031250000001 0.80208125 0.641 0.8495796875 0.4317953125 0.5790453125
4 0.328725 0.566265625 0.25641250000000004 0.5621359375 0.435115625 0.7653078125 0.43429531250000003 0.76606875 0.5174359374999999 0.7975625 0.328725 0.566265625
4 0.35791093749999997 0.7343203125 0.425821875 0.7581421875000001 0.25305 0.55734375 0.19725625 0.5566234375 0.35791093749999997 0.7343203125
4 0.1967109375 0.5564390625 0.153315625 0.5542796875 0.3052296875 0.71543125 0.3061421875 0.7172953125 0.35870156249999996 0.7338484375000001 0.1967109375 0.5564390625