4 0 0.9926453125 0.19685312500000002 0.9958859375 0.2446625 0.7856171875 0 0.784875 0 0.9926453125
4 0.6462703125 0.78800625 0.2603109375 0.7863125 0.2135859375 0.993496875 0.6641984375 0.9958859375 0.6462703125 0.78800625
4 1 0.787890625 0.6578 0.7863125 0.6809328125 0.9923015625 1 0.993409375 1 0.787890625
4 1 0.6959203125 0.974965625 0.6291109374999999 0.6413625 0.6279140625 0.658221875 0.7844218749999999 1 0.7866484375 1 0.6959203125
4 0.628340625 0.6255265624999999 0.29617499999999997 0.624925 0.25542031249999997 0.7844218749999999 0.64029375 0.783228125 0.628340625 0.6255265624999999
4 0 0.7844218749999999 0.2458578125 0.7844218749999999 0.281715625 0.6255265624999999 0 0.6221484375 0 0.7844218749999999
4 0 0.6241187499999999 0.0173984375 0.6232031250000001 0.0499359375 0.554440625 0 0.5545765625 0 0.6241187499999999
4 0.326040625 0.5535109375 0.061831250000000004 0.5534640625 0.0294828125 0.6250609375 0.311165625 0.625990625 0.326040625 0.5535109375
4 1 0.5537171875 0.8893531250000001 0.5546249999999999 0.91450625 0.6269203125 1 0.6276375 1 0.5537171875
4 1 0.4570578125 0.851 0.458159375 0.8866171875 0.554440625 1 0.5521578125 1 0.4570578125
4 0.8743046874999999 0.5547703125 0.613521875 0.5540625 0.618015625 0.6278359375 0.898965625 0.6295968750000001 0.8743046874999999 0.5547703125
4 0.83995625 0.4579359375 0.601409375 0.45716875 0.6100890625 0.5547703125 0.8699015625 0.5521296875 0.83995625 0.4579359375
4 0.603925 0.5556515625 0.33715 0.5529625 0.3229765625 0.6251953125 0.6065671874999999 0.624315625 0.603925 0.5556515625
4 0.5924750000000001 0.4579359375 0.3503640625 0.45826874999999995 0.33706718750000003 0.5547703125 0.599521875 0.553890625 0.5924750000000001 0.4579359375
4 0 0.5551515625000001 0.051715625 0.553890625 0.0939890625 0.45705625000000005 0 0.4580484375 0 0.5551515625000001
4 0.341471875 0.45881718749999995 0.103721875 0.45716875 0.06316406249999999 0.5547703125 0.32561874999999996 0.553890625 0.341471875 0.45881718749999995
4 0.9623765625 0.41297187500000004 0.774278125 0.409821875 0.7879953125 0.45610625000000005 0.9835140625 0.45786718750000005 0.9623765625 0.41297187500000004
4 1 0.43506406249999996 0.9757765624999999 0.43514687500000004 0.9808718750000001 0.45522656250000004 1 0.4571296875 1 0.43506406249999996
4 1 0.36805937499999997 0.8514062499999999 0.3671953125 0.8646171875 0.41033125000000004 0.959734375 0.41121093750000004 0.9641375 0.42441562499999996 1 0.4233765625 1 0.36805937499999997
4 0.7642156250000001 0.41033125000000004 0.5771859375 0.4087203125 0.5827875 0.4569875 0.7774265625 0.45610625000000005 0.7642156250000001 0.41033125000000004
4 0.5730999999999999 0.40857031250000003 0.38229531250000004 0.409821875 0.3793421875 0.45962812499999994 0.5730999999999999 0.45610625000000005 0.5730999999999999 0.40857031250000003
4 0.37581875 0.40945 0.1899875 0.41033125000000004 0.1706125 0.4569875 0.3696546875 0.4569875 0.37581875 0.40945
4 0 0.458346875 0.1626859375 0.45522656250000004 0.1829421875 0.40857031250000003 0 0.4076515625 0 0.458346875
4 0.3582046875 0.36807500000000004 0.2050203125 0.365778125 0.1926296875 0.40945 0.35468125 0.41033125000000004 0.3582046875 0.36807500000000004
4 0.8434796875 0.3671953125 0.6861921875 0.3668796875 0.6964 0.41033125000000004 0.855809375 0.4076890625 0.8434796875 0.3671953125
4 0.527303125 0.36631562500000003 0.5290640625 0.40945 0.6875921875000001 0.40857031250000003 0.680546875 0.36631562500000003 0.5276375 0.365778125 0.527303125 0.36631562500000003
4 0.52201875 0.36631562500000003 0.3668796875 0.36908124999999997 0.360846875 0.40945 0.5184953125 0.41033125000000004 0.52201875 0.36631562500000003
4 0 0.40832968750000004 0.0376234375 0.4059296875 0.051715625 0.3733578125 0 0.37025625 0 0.40832968750000004