4 0.0029859375 0.998225 0.7124625 0.9970640625 0.644303125 0.47449062499999994 0.078890625 0.49539375 0.078890625 0.5012 0 0.599909375 0.0029859375 0.998225
4 1 0.4652015625 0.9990671875 0.4617171875 0.6582703125 0.47449062499999994 0.7574109375 1 1 1 1 0.4652015625
4 0.0925390625 0.4811234375 0.6388734375 0.4607859375 0.61174375 0.2342640625 0.264671875 0.255303125 0.0925390625 0.4811234375
4 0.6225625 0.23286250000000003 0.65998125 0.460084375 0.9976984375000001 0.4481625 0.9995687500000001 0.224446875 0.9874078125000001 0.211121875 0.6225625 0.23286250000000003
4 0.596759375 0.133171875 0.3460921875 0.1515953125 0.3466390625 0.1507765625 0.26909062499999997 0.2531265625 0.6093203125 0.230609375 0.596759375 0.133171875
4 0.6231078125 0.22772968750000003 0.9844125 0.2060453125 0.8631765625 0.11311249999999999 0.6026796875 0.13358125 0.6231078125 0.22772968750000003
4 0.9991796875000001 0.10461406250000001 0.8719359375 0.11403125 0.8735734374999999 0.11403125 0.989896875 0.2065546875 1 0.2057359375 0.9991796875000001 0.10461406250000001
4 0.5865109375 0.0763421875 0.3929421875 0.0919203125 0.39351250000000004 0.09106718750000001 0.3491046875 0.1497515625 0.5950515625 0.13033125 0.5865109375 0.0763421875
4 0.860534375 0.111553125 0.794778125 0.0603375 0.794778125 0.06076406250000001 0.59266875 0.075915625 0.601209375 0.13097187500000002 0.860534375 0.111553125
4 0.867715625 0.1105546875 0.9994765624999999 0.1017375 0.9997609375 0.0443328125 0.7987921874999999 0.05884374999999999 0.8685328125 0.11219375000000001 0.867715625 0.1105546875
4 0.5850734375 0.07498906250000001 0.58088125 0.0391078125 0.5807890625 0.0398109375 0.42287656250000005 0.052801562499999996 0.3952265625 0.089440625 0.5850734375 0.07498906250000001
4 0.792378125 0.058495312499999993 0.7510984374999999 0.026965625 0.7510984374999999 0.026381250000000002 0.5863703124999999 0.039373437500000004 0.5912375 0.0741125 0.792378125 0.058495312499999993
4 0.7548921875 0.0268671875 0.798478125 0.058621875000000004 0.798775 0.058796875000000005 1 0.042734375000000005 0.9231953125000001 0.0139015625 0.7548921875 0.0268671875
4 0.578775 0.014131250000000001 0.4439078125 0.02505 0.4435296875 0.0241984375 0.424425 0.0508578125 0.58085625 0.0380953125 0.578775 0.014131250000000001
4 0.749040625 0.026468750000000003 0.7206671874999999 0.0036374999999999997 0.7210453125 0.0032125 0.582015625 0.01370625 0.5856109375 0.037953125 0.749040625 0.026468750000000003
4 0.8842718749999999 0.00027343749999999997 0.764584375 0.00027343749999999997 0.7658 0 0.7255953125 0.00248125 0.75393125 0.025253124999999998 0.9207671875000001 0.013528124999999998 0.8842718749999999 0.00027343749999999997