4 0.8198546875 0 0.698128125 0.6117375 1 0.6094734374999999 1 0 0.8198546875 0
4 0.0671890625 0 0.34488125 0.60260625 0.6964828125 0.6145359375 0.817103125 0 0.0671890625 0
4 0 0 0 0.5582484375 0.0340578125 0.598715625 0.3484015625 0.6020796875000001 0.076184375 0 0 0
4 0 0.6004640625000001 0.03149375 0.597409375 0 0.5607968750000001 0 0.6004640625000001
4 1 0.6579921875 0.8658468750000001 0.8184125 1 0.8191656249999999 1 0.6579921875
4 1 0.6068296875 0.6985609375 0.609778125 0.653971875 0.8192609375 0.8658468750000001 0.8184125 1 0.6676734375 1 0.6068296875
4 0.65388125 0.8168562500000001 0.6996 0.6113359375 0.3525578125 0.6066640624999999 0.4435828125 0.814071875 0.65388125 0.8168562500000001
4 0.446071875 0.8152984375000001 0.3484015625 0.6066640624999999 0.0346109375 0.5988796875 0.23752187500000002 0.8088843750000001 0.446071875 0.8152984375000001
4 0 0.7626296875 0.051375000000000004 0.8023999999999999 0.24138125000000002 0.80595625 0.0366875 0.597321875 0 0.5982937500000001 0 0.7626296875
4 0 0.79839375 0.0522734375 0.8012859375 0 0.7596890625 0 0.79839375
4 1 0.8211812500000001 0.8648078124999999 0.8184125 0.7881703124999999 0.9074578125 0.9458546875 0.904046875 1 0.8684390625 1 0.8211812500000001
4 1 0.8655671875 0.9427375 0.904046875 1 0.9052484375000001 1 0.8655671875
4 0.7868796875 0.907159375 0.867925 0.8168562500000001 0.6549203125 0.8152984375000001 0.6383875 0.9074578125 0.7868796875 0.907159375
4 0.63621875 0.91183125 0.6549203125 0.8184125 0.44399375 0.8168562500000001 0.48600625 0.9061609374999999 0.63621875 0.91183125
4 0.48555624999999997 0.904046875 0.446071875 0.8137421874999999 0.246575 0.8137421874999999 0.335934375 0.904046875 0.48555624999999997 0.904046875
4 0.3411296875 0.9009328125 0.2382640625 0.80595625 0.0605859375 0.8012859375 0.19856093749999998 0.898378125 0.3411296875 0.9009328125
4 0 0.8557703125 0.0639421875 0.89181875 0.19981875 0.8915906250000001 0.061625 0.8044 0 0.799725 0 0.8557703125
4 0 0.8895140625 0.06116875000000001 0.89265 0 0.8572218749999999 0 0.8895140625
4 0 0.942978125 0.07281875 0.9450203125 0 0.9086609375 0 0.942978125
4 0 0.9084359375 0.07115468750000001 0.9441890624999999 0.172675 0.9458515625 0.07947499999999999 0.89348125 0 0.8882765625 0 0.9084359375
4 0.07559218749999999 0.89181875 0.1743390625 0.9491765624999999 0.2820125 0.9513984375 0.19763906250000002 0.89181875 0.07559218749999999 0.89181875
4 0.20817968750000002 0.9001312499999999 0.282515625 0.9525015625 0.3938796875 0.952784375 0.340765625 0.9017937500000001 0.20817968750000002 0.9001312499999999
4 0.33854687499999997 0.9017937500000001 0.3934671875 0.9525015625 0.5089812499999999 0.955553125 0.48500156250000004 0.9042875 0.33854687499999997 0.9017937500000001
4 0.48555624999999997 0.9076124999999999 0.509965625 0.9549953125 0.62824375 0.9569390625 0.637559375 0.909275 0.48555624999999997 0.9076124999999999
4 0.746528125 0.9566578124999999 0.78758125 0.90844375 0.6388765624999999 0.911234375 0.6300296875 0.9549953125 0.746528125 0.9566578124999999
4 0.7892453125000001 0.9076124999999999 0.74541875 0.9541640625 0.8653828125 0.9534765625 0.9429125 0.90511875 0.7892453125000001 0.9076124999999999
4 1 0.9065953125 0.9418031250000001 0.90595 0.8658015625000001 0.9516703124999999 0.9832578125 0.952784375 1 0.9447796875 1 0.9065953125
4 1 0.9447281249999999 0.9861828125000001 0.9533328125 1 0.954028125 1 0.9447281249999999
4 1 0.9532546875 0.9861828125000001 0.9525015625 0.915175 0.979103125 1 0.978409375 1 0.9532546875
4 0.98451875 0.9516703124999999 0.8602531250000001 0.9541640625 0.814996875 0.98186875 0.9107359374999999 0.979934375 0.98451875 0.9516703124999999
4 0.8635828125 0.9525015625 0.744309375 0.9541640625 0.7183843750000001 0.98533125 0.8147640624999999 0.9815968749999999 0.8635828125 0.9525015625
4 0.7176812499999999 0.986584375 0.74541875 0.9558265625000001 0.6278109374999999 0.9541640625 0.6208484375000001 0.9881 0.7176812499999999 0.986584375
4 0.6206 0.987415625 0.6272562500000001 0.9549953125 0.5113125000000001 0.9549953125 0.5242359375000001 0.9860234374999999 0.6206 0.987415625
4 0.5235171875 0.9849218750000001 0.510203125 0.9566578124999999 0.39536875 0.9541640625 0.43039843749999995 0.9839453125000001 0.5235171875 0.9849218750000001
4 0.43031874999999997 0.982428125 0.3948140625 0.9516703124999999 0.2883 0.9541640625 0.3379453125 0.98186875 0.43031874999999997 0.982428125
4 0.1784484375 0.9483453125000001 0.25001093750000003 0.979934375 0.33239843750000003 0.9825609375000001 0.28552656249999997 0.9516703124999999 0.1784484375 0.9483453125000001
4 0.156365625 0.9807656250000001 0.247346875 0.9782718750000001 0.175228125 0.9466828125 0.0742625 0.9458515625 0.158284375 0.979790625 0.156365625 0.9807656250000001
4 0 0.9505609375 0.0703796875 0.974946875 0.1547015625 0.9782718750000001 0.0714890625 0.9441890624999999 0 0.9444171875 0 0.9505609375
4 0 0.9736156250000001 0.07204374999999999 0.976609375 0 0.9511578125 0 0.9736156250000001
4 0.06580781249999999 1 0.003253125 0.975778125 0 0.97524375 0 0.99924375 0.0010999999999999998 1 0.06580781249999999 1
4 0.127909375 1 0.0737078125 0.976609375 0.0026984375000000003 0.9732843750000001 0.064859375 1 0.127909375 1
4 0.20643125 1 0.16302343749999998 0.9807656250000001 0.0770359375 0.9774406250000001 0.12763750000000001 1 0.20643125 1
4 0.283915625 1 0.250675 0.979934375 0.1574765625 0.979934375 0.2055984375 1 0.283915625 1
4 0.36348437499999997 1 0.33888124999999997 0.9815968749999999 0.24845625 0.979103125 0.2871046875 1 0.36348437499999997 1
4 0.44470312500000003 1 0.432634375 0.984090625 0.3361078125 0.984090625 0.362478125 1 0.44470312500000003 1
4 0.5296406250000001 1 0.5241687500000001 0.9849218750000001 0.430415625 0.9857531249999999 0.44516875 1 0.5296406250000001 1
4 0.6189765625 1 0.6208109375 0.9860234374999999 0.5242640625 0.9857531249999999 0.53105625 1 0.6189765625 1
4 0.7062593749999999 1 0.718984375 0.984090625 0.6219015625 0.9849218750000001 0.618084375 1 0.7062593749999999 1
4 0.7888421875 1 0.81495625 0.982428125 0.718428125 0.9832593749999999 0.7057156250000001 1 0.7888421875 1
4 0.871809375 1 0.911484375 0.9807656250000001 0.818284375 0.9807656250000001 0.7866531250000001 1 0.871809375 1
4 1 0.9806312500000001 0.9148125 0.979103125 0.8724390625 1 0.953596875 1 1 0.983428125 1 0.9806312500000001
4 1 0.9819765625000001 0.9571515625 1 1 1 1 0.9819765625000001