4 0 0.39587343750000004 0.2378625 0.520375 0.75755 0.44211718749999995 0.42003593749999996 0.12020312500000001 0 0.3189515625 0 0.39587343750000004
4 0.2449234375 0.5224921874999999 0.4595765625 0.6336515625 0.9678671874999999 0.621821875 0.9693796875 0.6198890625 0.774496875 0.4452109375 0.2449234375 0.5224921874999999
4 1 0.6502875 0.9792640625000001 0.6263234375 0.47087500000000004 0.6369109374999999 0.626215625 0.721603125 1 0.736475 1 0.6502875
4 1 0.735796875 0.6395515625 0.7209796875000001 0.75458125 0.7841140625 1 0.8043078124999999 1 0.735796875
4 1 0.8044796875 0.7586890625 0.7841140625 0.853178125 0.8341593749999999 1 0.8503109375 1 0.8044796875
4 1 0.8512484375 0.8581109375 0.8345609375 0.930603125 0.8740828125 1 0.8827906249999999 1 0.8512484375
4 0 0.5565187500000001 0.2288140625 0.5208328125 0 0.4031421875 0 0.5565187500000001
4 0 0.5659046875 0.179471875 0.640946875 0.4548015625 0.6329453125 0.2406671875 0.5230828125 0 0.557346875 0 0.5659046875
4 0 0.6390015625000001 0.012832812499999999 0.6459421875 0.175846875 0.6408890625 0 0.5666765625 0 0.6390015625000001
4 0.4694421875 0.63535625 0.1879453125 0.6424125 0.3423453125 0.7073437499999999 0.61723125 0.715925 0.4694421875 0.63535625
4 0.187609375 0.6422656250000001 0.018146875 0.6474765625 0.15719375 0.6995953125 0.337028125 0.7061609375 0.187609375 0.6422656250000001
4 0.34775625 0.7075421875 0.16376718750000002 0.7020984375 0.282390625 0.74746875 0.4731640625 0.76059375 0.34775625 0.7075421875
4 0.6293875 0.71843125 0.3429140625 0.7069375 0.477678125 0.7613828125000001 0.747578125 0.78329375 0.6293875 0.71843125
4 0.4817125 0.7601734375 0.2977234375 0.7498890625 0.3848765625 0.78558125 0.5780875 0.8006968750000001 0.4817125 0.7601734375
4 0.75608125 0.782603125 0.4825203125 0.76143125 0.589846875 0.8037765625000001 0.8484671875 0.8332328125 0.75608125 0.782603125
4 0.8541671875000001 0.8346296875 0.5878671875 0.8043812499999999 0.676634375 0.84249375 0.9283703125 0.8748484375000001 0.8541671875000001 0.8346296875