4 0 0.9508234375000001 0.41430937500000004 0.6067609375 0.1938375 0.5052109375 0.0040484375 0.5946359375 0 0.9508234375000001
4 0.6012015625 1 0.72340625 0.7549328125 0.4170140625 0.6 0.001284375 0.9511062499999999 0 1 0.6012015625 1
4 0.41095 0.601325 0.7192406250000001 0.74938125 0.8442234375 0.4939859375 0.62881875 0.428703125 0.41095 0.601325
4 0.62203125 0.4292109375 0.45218125000000003 0.3795015625 0.196528125 0.5027781250000001 0.4150078125 0.6012171875 0.62203125 0.4292109375
4 0.624034375 0.4314796875 0.84159375 0.4956390625 0.8952203125 0.38275000000000003 0.7277328125 0.34151875 0.624034375 0.4314796875
4 0.623425 0.4290421875 0.728853125 0.34051875 0.5845015625000001 0.3090125 0.44730625 0.3803140625 0.623425 0.4290421875
4 0.7282437500000001 0.34051875 0.8958296875 0.3819375 0.9281296875 0.318590625 0.7902046875 0.28869531249999997 0.7282437500000001 0.34051875
4 0.7276343749999999 0.34214375 0.790403125 0.290165625 0.6721781250000001 0.2641765625 0.5868609375 0.31046874999999996 0.7276343749999999 0.34214375
4 0.5840062500000001 0.30929375000000003 0.4666859375 0.2844375 0.308834375 0.33756718750000003 0.4540515625 0.3770453125 0.5840062500000001 0.30929375000000003
4 0.5647546875 0.24474843750000003 0.4684921875 0.2848390625 0.5861125 0.3088921875 0.6683640625 0.264859375 0.5647546875 0.24474843750000003
4 0.18024374999999998 0.303409375 0.1640046875 0.310534375 0.16705625 0.32029687500000004 0.1719390625 0.3300578125 0.1719390625 0.3438875 0.1701078125 0.356903125 0.1676671875 0.367478125 0.162784375 0.3821203125 0.298903125 0.3373796875 0.18024374999999998 0.303409375
4 0.1841484375 0.30484062500000003 0.30012343750000003 0.3373796875 0.4551640625 0.2804375 0.3519421875 0.25660625000000004 0.1841484375 0.30484062500000003
4 0.35348125 0.257515625 0.45500937500000005 0.28173750000000003 0.55810625 0.24248124999999998 0.46743281249999996 0.22548906249999998 0.35348125 0.257515625
4 0.46569374999999996 0.22728593749999998 0.38136875 0.21034375 0.264415625 0.23745 0.353825 0.258909375 0.46569374999999996 0.22728593749999998
4 0.1791609375 0.3024515625 0.1610234375 0.295615625 0.1639890625 0.300134375 0.16441250000000002 0.305215625 0.1639890625 0.3142515625 0.1791609375 0.3024515625
4 0.351784375 0.257290625 0.261940625 0.23822031250000003 0.143415625 0.263159375 0.1525 0.27233125 0.156078125 0.2785671875 0.15800468750000002 0.28296875 0.15910625 0.2881046875 0.1610328125 0.291771875 0.162134375 0.2939734375 0.162134375 0.296540625 0.18250312500000002 0.30424375000000003 0.351784375 0.257290625
4 0.1808515625 0.22024062500000002 0.263978125 0.23858281250000002 0.38316249999999996 0.21107031250000002 0.3042671875 0.1941734375 0.1808515625 0.22024062500000002
4 0.1151265625 0.24236718750000003 0.124534375 0.24846718750000002 0.1293671875 0.2515171875 0.13318125 0.2552453125 0.13546875 0.2569390625 0.140809375 0.2606671875 0.144878125 0.2637171875 0.26286718750000004 0.2369453125 0.1835296875 0.2203390625 0.060465625 0.24338593749999998 0.061726562500000005 0.24541718750000002 0.068846875 0.24541718750000002 0.07596562500000001 0.2460953125 0.08283125 0.24575624999999998 0.09020625 0.24473906250000002 0.099615625 0.24270624999999998 0.1054640625 0.24168906250000002 0.11105781249999999 0.24168906250000002 0.1151265625 0.24236718750000003
4 0.1794609375 0.2186453125 0.115634375 0.20509062500000003 0.0115078125 0.22007343750000002 0.01163125 0.22440625 0.016462499999999998 0.22610000000000002 0.0215484375 0.228134375 0.0263796875 0.23016718749999998 0.0327375 0.2345734375 0.034009374999999994 0.23491093749999997 0.049775 0.2406734375 0.0584203125 0.2444 0.1794609375 0.2186453125
4 0 0.20377031250000002 0.0020671875 0.20539843750000003 0.0042046875 0.20682343749999998 0.007259375 0.21069062500000002 0.0087875 0.21394687499999998 0.010771875 0.21944218750000002 0.1129359375 0.20377031250000002 0.055406250000000004 0.1894484375 0.000234375 0.1956296875 0 0.20295625 0 0.20377031250000002
4 0.11340625 0.204215625 0.182603125 0.2187515625 0.304546875 0.19396875 0.2398984375 0.180378125 0.11340625 0.204215625
4 0.11412031250000002 0.20493125 0.2399984375 0.18157812499999998 0.181171875 0.1687109375 0.0549359375 0.1896796875 0.11412031250000002 0.20493125