4 0.721165625 1 0.8363468749999999 0.8076359375 0.4454765625 0.4361515625 0.20566562500000002 0.76691875 0.268175 1 0.721165625 1
4 1 0.21525 0.65620625 0.14744375 0.45354062500000003 0.42348437499999997 0.851075 0.7733140625 1 0.5024296875 1 0.21525
4 0.45567343749999994 0.111103125 0.309065625 0.297221875 0.44887499999999997 0.4260578125 0.6448765625 0.15148124999999998 0.45567343749999994 0.111103125
4 0.2981921875 0.3049203125 0.1305953125 0.50934375 0.20075781250000002 0.7591812499999999 0.4375453125 0.4361515625 0.2981921875 0.3049203125
4 0.21731250000000002 0.2295484375 0.09474375 0.376403125 0.12415781249999999 0.4875234375 0.282771875 0.3002109375 0.21731250000000002 0.2295484375
4 0.1735671875 0.1878234375 0.0739375 0.29974687499999997 0.094259375 0.373565625 0.2177515625 0.2261828125 0.1735671875 0.1878234375
4 0.336271875 0.0914109375 0.223009375 0.223484375 0.2896953125 0.285453125 0.43005625 0.11384375 0.336271875 0.0914109375
4 0.2710265625 0.080465625 0.1789859375 0.18376874999999998 0.22004375 0.2227078125 0.3317953125 0.09239531250000001 0.2710265625 0.080465625
4 0.224678125 0.06670000000000001 0.1448625 0.15277812500000001 0.1736953125 0.1814125 0.2638171875 0.07771249999999999 0.224678125 0.06670000000000001
4 0.283628125 0 0.226628125 0.060950000000000004 0.269996875 0.0758765625 0.3393953125 0 0.283628125 0
4 0.3466765625 0 0.277075 0.0737171875 0.337409375 0.0881 0.41301875 0 0.3466765625 0
4 0.413090625 0 0.340025 0.086546875 0.4361515625 0.10771250000000002 0.5224640625 0 0.413090625 0
4 0.5477078125 0 0.46121093750000003 0.1047984375 0.6546375 0.1401265625 0.758284375 0 0.5477078125 0
4 0.7764203125 0 0.6658640625000001 0.14292968749999999 1 0.1941046875 1 0.002878125 0.8452859374999999 0 0.7764203125 0