4 0.8326265625 0 0.8649140624999999 0.074803125 1 0.0296296875 1 0 0.8326265625 0
4 0.8638718750000001 0.0785046875 0.83054375 0 0.6833328125 0.0041671875 0.7388921875000001 0.1118171875 0.8638718750000001 0.0785046875
4 0.736809375 0.108115625 0.679528125 0 0.5401046875 0.0041671875 0.6222453125 0.14698125 0.736809375 0.108115625
4 0.6201625 0.14883125 0.5399671875000001 0 0.40859375 0.0018515625000000001 0.5139296875 0.18399375 0.6201625 0.14883125
4 0.5170546875 0.18214375 0.4045734375 0 0.2796875 0.0018515625000000001 0.4212375 0.21175468749999998 0.5170546875 0.18214375
4 0.27959375 0 0.2080734375 0.0041671875 0.1754453125 0.0192828125 0.3337515625 0.2376640625 0.4233203125 0.21545625 0.27959375 0
4 0.24418281249999998 0.2617234375 0.33166875 0.24136562499999997 0.17336093749999998 0.01558125 0.0856765625 0.0504625 0.24418281249999998 0.2617234375
4 0.24834843750000002 0.25987343749999997 0.08483437499999999 0.04704375 0.01015625 0.0851859375 0.1723203125 0.289484375 0.24834843750000002 0.25987343749999997
4 0.0004734375 0.19695000000000001 0.099415625 0.306140625 0.17023749999999999 0.28393125 0.009846875 0.08220625000000001 0 0.0933109375 0.0004734375 0.19695000000000001
4 0.097371875 0.3033671875 0.00021718750000000001 0.18930156250000002 0 0.2838421875 0.030310937500000003 0.32365625 0.097371875 0.3033671875
4 0 0.285896875 0.00066875 0.3339390625 0.0291328125 0.324946875 0 0.285896875
4 0.9992656249999999 0.0303875 0.8669968750000001 0.0766546875 0.9669796875 0.3135421875 1 0.2987375 0.9992656249999999 0.0303875
4 0.9690625 0.307990625 0.8649140624999999 0.0692515625 0.7347265625 0.10996718750000001 0.85 0.33055625 0.9690625 0.307990625
4 0.8472078125 0.33205 0.7347265625 0.10996718750000001 0.6208328125 0.15 0.7347265625 0.356109375 0.8472078125 0.33205
4 0.7347265625 0.3542578125 0.6222453125 0.14883125 0.511846875 0.18029375 0.634990625 0.37635 0.7347265625 0.3542578125
4 0.6337640625 0.3786390625 0.515221875 0.1803859375 0.4192078125 0.2099328125 0.5431874999999999 0.3989046875 0.6337640625 0.3786390625
4 0.54365 0.39675 0.41813593750000005 0.2127921875 0.3317765625 0.237575 0.45668125000000004 0.4155953125 0.54365 0.39675
4 0.45943750000000005 0.41390625 0.330703125 0.23662187499999998 0.24702656250000002 0.26235624999999996 0.37956249999999997 0.4322859375 0.45943750000000005 0.41390625
4 0.3801453125 0.432015625 0.246584375 0.259496875 0.17041718749999998 0.284278125 0.303784375 0.44539999999999996 0.3801453125 0.432015625
4 0.3055875 0.44440625 0.16988125 0.284278125 0.0996140625 0.30619999999999997 0.2334921875 0.45851406250000004 0.3055875 0.44440625
4 0.2353203125 0.45679687500000005 0.0947859375 0.3023875 0.0298828125 0.3214515625 0.165090625 0.4728203125 0.2353203125 0.45679687500000005
4 0 0.3719671875 0.10406718749999999 0.48474218750000003 0.165053125 0.47204687500000003 0.03041875 0.3214515625 0 0.3328890625 0 0.3719671875
4 0 0.44535937499999995 0.0463953125 0.4966640625 0.104440625 0.4844390625 0 0.3729203125 0 0.44535937499999995
4 0.00038124999999999997 0.44821875 0 0.5050078124999999 0.0454375 0.4958765625 0.00038124999999999997 0.44821875
4 1 0.300821875 0.9878984375 0.3039984375 1 0.3388234375 1 0.300821875
4 0.9995062499999999 0.34369375 0.9878984375 0.302409375 0.8977124999999999 0.3230515625 0.91604375 0.365278125 0.9995062499999999 0.34369375
4 0.913784375 0.3643375 0.8977124999999999 0.3230515625 0.8137765625 0.34369375 0.8297343749999999 0.38247343749999996 0.913784375 0.3643375
4 0.8316359375 0.380215625 0.8137765625 0.33893125 0.733328125 0.35819375 0.752353125 0.3970234375 0.8316359375 0.380215625
4 0.75249375 0.39514218749999996 0.7320734375 0.35691875 0.6575593750000001 0.3728453125 0.6801703125 0.41071406250000003 0.75249375 0.39514218749999996
4 0.6797703125 0.41075 0.6573796875 0.3725265625 0.5875234375 0.388771875 0.6106171875 0.4258390625 0.6797703125 0.41075
4 0.61021875 0.424128125 0.5878296875 0.3874984375 0.5215546875 0.40183125000000003 0.54763125 0.43777968749999996 0.61021875 0.424128125
4 0.5453781249999999 0.4387796875 0.5220921875 0.40151250000000005 0.4592203125 0.41552812499999997 0.4847625 0.449984375 0.5453781249999999 0.4387796875
4 0.459075 0.414253125 0.401040625 0.42635781250000004 0.4274484375 0.462190625 0.483078125 0.4489734375 0.459075 0.414253125
4 0.42611718749999994 0.4623515625 0.40014374999999996 0.42572031250000003 0.3444375 0.43814374999999994 0.37081875000000003 0.47147812499999997 0.42611718749999994 0.4623515625
4 0.281278125 0.44929218750000005 0.3110125 0.48496562499999996 0.36320625 0.47439687499999994 0.33411875 0.43846093750000004 0.281278125 0.44929218750000005
4 0.311190625 0.484646875 0.28038281249999997 0.4489734375 0.22861718749999999 0.459484375 0.260840625 0.4953578125 0.311190625 0.484646875
4 0.2603203125 0.49388437500000004 0.2295125 0.45916562499999997 0.1793578125 0.4696765625 0.210990625 0.50331875 0.2603203125 0.49388437500000004
4 0.21198125 0.5034140625 0.1804546875 0.46869531249999996 0.1324515625 0.47920625 0.163825 0.5120750000000001 0.21198125 0.5034140625
4 0.16397656249999998 0.5120140625 0.133346875 0.47952500000000003 0.08785 0.48780625000000005 0.119775 0.5220515625 0.16397656249999998 0.5120140625
4 0.1195546875 0.5212515625 0.089640625 0.4887625 0.04521875 0.49672499999999997 0.077684375 0.5310734375 0.1195546875 0.5212515625
4 0.07674375 0.528578125 0.046114062500000004 0.4986359375 0.004559375 0.5056437500000001 0.037982812500000004 0.5395640625 0.07674375 0.528578125
4 0.005275 0.50500625 0 0.5065999999999999 0.000071875 0.5464640625 0.0359046875 0.537496875 0.005275 0.50500625
4 0 0.6398203125 0.01051875 0.6386437500000001 0 0.6277171874999999 0 0.6398203125
4 0 0.6264421875 0.0111859375 0.6391828125 0.0460421875 0.6325406250000001 0 0.58885625 0 0.6264421875
4 0 0.5885374999999999 0.0453984375 0.63376875 0.082296875 0.628034375 0 0.5461750000000001 0 0.5885374999999999
4 0.0387703125 0.5382109374999999 0 0.5471296875 0.081759375 0.628671875 0.1218640625 0.624315625 0.0387703125 0.5382109374999999
4 0.0375171875 0.5385296875 0.1224203125 0.6238937499999999 0.1630578125 0.61715 0.0785359375 0.5296109375 0.0375171875 0.5385296875
4 0.12044999999999999 0.5213296875 0.07835625 0.5305671875 0.1629015625 0.6172046875 0.2057453125 0.60945625 0.12044999999999999 0.5213296875
4 0.12224062499999999 0.522921875 0.20589062500000002 0.6098796875 0.2510296875 0.601915625 0.165296875 0.5128703125 0.12224062499999999 0.522921875
4 0.2503109375 0.6028718750000001 0.297165625 0.594590625 0.21186406249999998 0.5041140625 0.167559375 0.513684375 0.2503109375 0.6028718750000001
4 0.2962703125 0.5955453125 0.34428749999999997 0.5872640625 0.261853125 0.49562343750000004 0.2127984375 0.504765625 0.2962703125 0.5955453125
4 0.344646875 0.5879015625 0.3938546875 0.5793015625 0.3127078125 0.48554062499999995 0.2613546875 0.496165625 0.344646875 0.5879015625
4 0.3936765625 0.5802562499999999 0.4451609375 0.5722937499999999 0.3635828125 0.47609843749999997 0.312534375 0.48597343750000005 0.3936765625 0.5802562499999999
4 0.45237343750000003 0.5735671875 0.50539375 0.5646484375 0.42760625 0.46240312499999997 0.37366875 0.473865625 0.45237343750000003 0.5735671875
4 0.48647656250000004 0.4504953125 0.428928125 0.46448906250000005 0.5061515625 0.5650765625 0.563159375 0.55855625 0.48647656250000004 0.4504953125
4 0.54746875 0.43912500000000004 0.48352500000000004 0.4504953125 0.56025625 0.55545625 0.6209484375 0.549084375 0.54746875 0.43912500000000004
4 0.5494359375 0.43912500000000004 0.623215625 0.5493328125 0.6844765625 0.5396124999999999 0.6114109375 0.42425468750000006 0.5494359375 0.43912500000000004
4 0.68125625 0.41113437499999994 0.6104265625 0.42425468750000006 0.6851921875 0.5397109375 0.7508734375 0.5294109375 0.68125625 0.41113437499999994
4 0.752578125 0.396265625 0.678796875 0.41113437499999994 0.75159375 0.5300906249999999 0.821778125 0.519209375 0.752578125 0.396265625
4 0.75306875 0.39714062499999997 0.820946875 0.52134375 0.8967828125 0.5104656249999999 0.830784375 0.379646875 0.75306875 0.39714062499999997
4 0.832790625 0.380521875 0.8987 0.5099734375 0.9773999999999999 0.495103125 0.9168625 0.36565156249999997 0.832790625 0.380521875
4 0.9773999999999999 0.495103125 1 0.4898546875 0.9991328125000001 0.3457953125 0.9154234375 0.363028125 0.9773999999999999 0.495103125
4 1 0.4907296875 0.979859375 0.49422812499999996 0.9867453125000001 0.5099734375 0.9999515625000001 0.5097375000000001 1 0.4907296875
4 0.98526875 0.5099734375 0.9803515624999999 0.495978125 0.9173921875 0.5082234375 0.9249484375 0.5206671875 0.98526875 0.5099734375
4 0.9237859374999999 0.5222187500000001 0.9164078124999999 0.504725 0.8559078124999999 0.5169703125 0.86265 0.53086875 0.9237859374999999 0.5222187500000001
4 0.8618109374999999 0.528340625 0.8549234374999999 0.5152203125 0.7944234375 0.5239671875 0.8040406250000001 0.54106875 0.8618109374999999 0.528340625
4 0.8027859375 0.5388375 0.7954078124999999 0.5239671875 0.7373671875000001 0.530965625 0.7491187499999999 0.549084375 0.8027859375 0.5388375
4 0.7468859375 0.5474953124999999 0.736721875 0.53205 0.6847921875 0.540265625 0.6954312500000001 0.555453125 0.7468859375 0.5474953124999999
4 0.6942171874999999 0.5537390624999999 0.6846078125 0.5392796875 0.634340625 0.5465093750000001 0.6446890625 0.5622843750000001 0.6942171874999999 0.5537390624999999
4 0.6443203125 0.5616265625 0.634525 0.5465093750000001 0.585921875 0.552753125 0.596415625 0.5680453125 0.6443203125 0.5616265625
4 0.538959375 0.5593265625 0.5498624999999999 0.57444375 0.5962609375000001 0.56859375 0.5866390625 0.5534109375 0.538959375 0.5593265625
4 0.549678125 0.5734578124999999 0.5393296875 0.5596546874999999 0.49497656250000005 0.5682 0.5050921875000001 0.5811859375 0.549678125 0.5734578124999999
4 0.5058796875 0.581015625 0.494790625 0.5662281250000001 0.4519171875 0.5734578124999999 0.46305312499999995 0.5880296875 0.5058796875 0.581015625
4 0.4628203125 0.587259375 0.44711249999999997 0.5678703125 0.40867343749999996 0.5774015625 0.42039687499999995 0.5929578125 0.4628203125 0.587259375
4 0.40830312500000004 0.5777296875 0.3694734375 0.5836453125000001 0.380359375 0.598159375 0.4205 0.593503125 0.40830312500000004 0.5777296875
4 0.380746875 0.59711875 0.3692890625 0.5836453125000001 0.3317734375 0.590875 0.3427796875 0.6039078124999999 0.380746875 0.59711875
4 0.341753125 0.60270625 0.3317734375 0.5898890625 0.294628125 0.5974468749999999 0.304053125 0.60895 0.341753125 0.60270625
4 0.30386875 0.606978125 0.2942578125 0.5958046875 0.258221875 0.601390625 0.268015625 0.6142078125 0.30386875 0.606978125
4 0.26783125 0.613221875 0.25840625 0.6010625 0.22200000000000003 0.606978125 0.23221406249999998 0.617596875 0.26783125 0.613221875
4 0.23216406250000002 0.617821875 0.2227390625 0.6066484375 0.1891046875 0.6125640625 0.198028125 0.62361875 0.23216406250000002 0.617821875
4 0.1564578125 0.6184796875 0.166253125 0.627353125 0.19879843749999998 0.6227984375 0.18916875 0.6122359375 0.1564578125 0.6184796875
4 0.165328125 0.627353125 0.1570125 0.617821875 0.1250421875 0.6237375000000001 0.1332140625 0.63210625 0.165328125 0.627353125
4 0.1318796875 0.6309671875 0.12485625 0.6237375000000001 0.0941796875 0.6283390625 0.1021078125 0.6359390625 0.1318796875 0.6309671875
4 0.1013859375 0.6349109375 0.09473437500000001 0.62768125 0.063871875 0.6326109375 0.07192499999999999 0.6414140625 0.1013859375 0.6349109375
4 0.071078125 0.6398406249999999 0.063871875 0.631296875 0.0344875 0.636225 0.043282812500000004 0.6446984375 0.071078125 0.6398406249999999
4 0.042434375 0.6444421874999999 0.035596875 0.63556875 0.0062125 0.6401687500000001 0.014025000000000001 0.6482578125 0.042434375 0.6444421874999999
4 0.014528125 0.6473984374999999 0.006396875000000001 0.6401687500000001 0.00011406249999999999 0.6411546875 0 0.6501734375 0.014528125 0.6473984374999999
4 0 0.6506421875 0.000165625 0.66221875 0.0500109375 0.7068375 0.0766234375 0.7042078125 0.014528125 0.6480125 0 0.6506421875
4 0 0.7120953125 0.021725 0.7090328125 0 0.688434375 0 0.7120953125
4 0 0.6871203125 0.0215515625 0.7091375 0.0482109375 0.70656875 0 0.6611578125 0 0.6871203125
4 0.0431734375 0.64406875 0.0156375 0.6486703125 0.0769921875 0.7048656249999999 0.1042640625 0.7021890625 0.0431734375 0.64406875
4 0.0731109375 0.6388109375 0.0435421875 0.6443984375 0.10471250000000001 0.7019078125 0.1346 0.698903125 0.0731109375 0.6388109375
4 0.1036046875 0.6365109375 0.072003125 0.63946875 0.1333578125 0.69829375 0.16355 0.69425 0.1036046875 0.6365109375
4 0.1344671875 0.631253125 0.10341875 0.635853125 0.1632953125 0.6950062499999999 0.1948109375 0.6915125 0.1344671875 0.631253125
4 0.1658828125 0.6276375 0.1344671875 0.631909375 0.1954515625 0.6917203125 0.22622499999999998 0.6885 0.1658828125 0.6276375
4 0.22686875 0.688434375 0.2598984375 0.6838328125 0.2000453125 0.6241671875 0.166253125 0.6273093750000001 0.22686875 0.688434375
4 0.1994671875 0.6230375 0.2600828125 0.684490625 0.293471875 0.68165625 0.23217812499999999 0.61745 0.1994671875 0.6230375
4 0.295259375 0.6815328125 0.3308390625 0.6772609375 0.26960625 0.6134906250000001 0.234828125 0.6167921875 0.295259375 0.6815328125
4 0.2689296875 0.613178125 0.3284375 0.67791875 0.3653984375 0.6729890625 0.306234375 0.6085625 0.2689296875 0.613178125
4 0.36491406249999997 0.6726593750000001 0.40215468750000005 0.6687171875 0.3436546875 0.6030875 0.3049671875 0.607590625 0.36491406249999997 0.6726593750000001
4 0.3820109375 0.5964171875 0.3430171875 0.6023328125 0.4010453125 0.6687171875 0.43909843750000005 0.6652312499999999 0.3820109375 0.5964171875
4 0.421375 0.5921453125 0.38145625 0.5977328125 0.43837656249999996 0.6651015625000001 0.4780578125 0.661671875 0.421375 0.5921453125
4 0.46240156250000003 0.5855734375 0.4222984375 0.59313125 0.47829375 0.661815625 0.5197890625 0.65701875 0.46240156250000003 0.5855734375
4 0.5069390625 0.58064375 0.46314062500000003 0.587215625 0.5195046875 0.65754375 0.5616749999999999 0.6529109375 0.5069390625 0.58064375
4 0.561825 0.6532703125 0.6061375 0.6470265625 0.5513578125 0.5743421875 0.5060140625 0.5812999999999999 0.561825 0.6532703125
4 0.596896875 0.5671703124999999 0.5503265625 0.573084375 0.60484375 0.6466984375 0.650028125 0.6419609375 0.596896875 0.5671703124999999
4 0.650859375 0.64259375 0.69816875 0.6379921875 0.6438375 0.560596875 0.5963406250000001 0.5670078125 0.650859375 0.64259375
4 0.645684375 0.5624078124999999 0.697984375 0.6379921875 0.7468765625 0.631596875 0.6935484375 0.553534375 0.645684375 0.5624078124999999
4 0.748065625 0.547290625 0.6946578125 0.55550625 0.746403125 0.6320765625 0.799540625 0.6263953124999999 0.748065625 0.547290625
4 0.8051703124999999 0.539403125 0.748065625 0.5479484375 0.7999953125 0.6274765625 0.85559375 0.620646875 0.8051703124999999 0.539403125
4 0.8548421875000001 0.6226328125 0.9117609375000001 0.615403125 0.8626781250000001 0.5324953125 0.804575 0.5394890625000001 0.8548421875000001 0.6226328125
4 0.92414375 0.5210859375 0.8622343750000001 0.5306171875000001 0.9104671874999999 0.6140890625 0.9690875 0.607571875 0.92414375 0.5210859375
4 1 0.5375171875 0.98664375 0.5103859374999999 0.9237734375000001 0.5201 0.969975 0.6078453125000001 1 0.603571875 1 0.5375171875
4 1 0.5117546875000001 0.9894031249999999 0.5122125 1 0.5375171875 1 0.5117546875000001
4 1 0.6790796875 0.9931796875 0.6810515625 1 0.6958921874999999 1 0.6790796875
4 0.9924406250000001 0.6797359375 0.958253125 0.683021875 0.9692265624999999 0.7021890625 0.9996484375 0.7004406249999999 1 0.6948531250000001 0.9924406250000001 0.6797359375
4 0.9684171875 0.7033984375 0.9589921875 0.682365625 0.9255421875 0.6859796874999999 0.9356562500000001 0.7051999999999999 0.9684171875 0.7033984375
4 0.9360765625 0.7040546875 0.9259109375 0.6849937500000001 0.8924625 0.6872953125000001 0.9036265625000001 0.707390625 0.9360765625 0.7040546875
4 0.9031812499999999 0.706684375 0.8919078125000001 0.6876234375 0.8608609375 0.6892671874999999 0.8717499999999999 0.7084859375 0.9031812499999999 0.706684375
4 0.8721343750000001 0.7079984375 0.8612296875000001 0.6889375 0.8299984374999999 0.6915671875 0.8415687500000001 0.7104015625 0.8721343750000001 0.7079984375
4 0.8409015625 0.7099703125 0.8299984374999999 0.6912390625 0.7989515625 0.6938671875 0.8109249999999999 0.7123171875 0.8409015625 0.7099703125
4 0.8107 0.7119421874999999 0.7994265625 0.6932109375 0.7685640625 0.694525 0.780896875 0.7139609375 0.8107 0.7119421874999999
4 0.781315625 0.7142421875 0.7685640625 0.6948531250000001 0.7397359375 0.696825 0.7518312500000001 0.7153296874999999 0.781315625 0.7142421875
4 0.7528546875 0.7156140625 0.7397328125 0.69688125 0.7123828125 0.70016875 0.7256140624999999 0.71751875 0.7528546875 0.7156140625
4 1 0.6521390625000001 0.995059375 0.652796875 0.9995625 0.6638625 1 0.6521390625000001
4 0.9945046874999999 0.6521390625000001 0.955059375 0.656196875 0.9680781250000001 0.681715625 1 0.6790875 0.9998640625 0.66495625 0.9945046874999999 0.6521390625000001
4 0.9686328124999999 0.6820453125 0.9542171875 0.65476875 0.9153296875000001 0.6592078124999999 0.9290843750000001 0.6853312500000001 0.9686328124999999 0.6820453125
4 0.91466875 0.659040625 0.8762296875000001 0.6610125 0.8906921875 0.686584375 0.9285296875 0.6850031249999999 0.91466875 0.659040625
4 0.8908296874999999 0.6866453124999999 0.8762296875000001 0.6603546875 0.8400078125 0.6642984375000001 0.8537343749999999 0.6901437500000001 0.8908296874999999 0.6866453124999999
4 0.8187562500000001 0.691575 0.8546078125 0.68993125 0.8400078125 0.6636421875 0.8035328125 0.665778125 0.8187562500000001 0.691575
4 0.803075 0.6656140625 0.7683328125 0.6682421875 0.7841296875 0.6939765625 0.8195234375 0.6925609374999999 0.803075 0.6656140625
4 0.7845953125 0.6942046875 0.7679625 0.6685703125 0.73321875 0.6705421874999999 0.7501781249999999 0.6958921874999999 0.7845953125 0.6942046875
4 0.750775 0.695846875 0.7334046875 0.6702140625 0.6995843749999999 0.67284375 0.7170703125 0.6986296875 0.750775 0.695846875
4 0.7000265625 0.67284375 0.6682390625 0.674815625 0.6853484375 0.700546875 0.7181359375 0.6984765625 0.7000265625 0.67284375
4 0.686534375 0.7007765625 0.6682390625 0.674815625 0.6357140625000001 0.677115625 0.6550359375 0.7024625 0.686534375 0.7007765625
4 0.65421875 0.7016359375000001 0.6349984375 0.6766593750000001 0.6054296875 0.678959375 0.623825 0.7051999999999999 0.65421875 0.7016359375000001
4 0.624834375 0.70459375 0.6063546875 0.678959375 0.5756765625 0.6815890625 0.5954906249999999 0.7068421875 0.624834375 0.70459375
4 0.5956359375 0.7075515625000001 0.57623125 0.6815890625 0.5459234375 0.682575 0.5668484375 0.7095796875 0.5956359375 0.7075515625000001
4 0.5664359375 0.7082078125 0.5464781249999999 0.682575 0.5176484375 0.684875 0.5385140625 0.7109484375 0.5664359375 0.7082078125
4 0.5381609375 0.71149375 0.51801875 0.68421875 0.490296875 0.686846875 0.510796875 0.712865625 0.5381609375 0.71149375
4 0.51155 0.712809375 0.49085156249999995 0.6861906249999999 0.46349999999999997 0.6891468749999999 0.4855421875 0.7153296874999999 0.51155 0.712809375
4 0.4853078125 0.7141234375 0.4640546875 0.688490625 0.43504062499999996 0.690790625 0.45920937500000003 0.7172453125 0.4853078125 0.7141234375
4 0.45888125 0.717409375 0.4357796875 0.690790625 0.4100921875 0.6934203125 0.4334921875 0.7188875 0.45888125 0.717409375
4 0.43515156250000003 0.718725 0.4107578125 0.6921046875 0.384884375 0.6957203125 0.40839218749999995 0.7208046875 0.43515156250000003 0.718725
4 0.3837765625 0.722459375 0.4079859375 0.7204875000000001 0.38433125 0.6951828124999999 0.36065468749999996 0.69636875 0.3837765625 0.722459375
4 0.3857515625 0.7233609375000001 0.36061875 0.6970703125 0.3356703125 0.6990421875 0.3605015625 0.725184375 0.3857515625 0.7233609375000001
4 0.3611734375 0.724346875 0.3354859375 0.6990421875 0.31183125 0.701671875 0.336478125 0.7271015625 0.3611734375 0.724346875
4 0.3369640625 0.72631875 0.3125703125 0.70134375 0.2874359375 0.70364375 0.3133796875 0.7295640624999999 0.3369640625 0.72631875
4 0.3138640625 0.7292765625000001 0.2887296875 0.7023296875 0.264890625 0.7046296875 0.290896875 0.730659375 0.3138640625 0.7292765625000001
4 0.29150156250000003 0.7309203125 0.2643359375 0.7046296875 0.24160468750000003 0.7069296875 0.26887656249999997 0.7323031249999999 0.29150156250000003 0.7309203125
4 0.269140625 0.7328921875 0.24160468750000003 0.7066015625000001 0.21998281249999999 0.7082437500000001 0.24685625 0.734765625 0.269140625 0.7328921875
4 0.24771562500000002 0.734753125 0.219809375 0.7074765625 0.19744843750000002 0.7107625 0.22575937499999998 0.737778125 0.24771562500000002 0.734753125
4 0.22572343749999998 0.7363953125 0.198003125 0.710434375 0.176934375 0.7133921875 0.2054328125 0.7394203125 0.22572343749999998 0.7363953125
4 0.206503125 0.739025 0.1773046875 0.7130625 0.156421875 0.7156921875 0.18418125000000002 0.740515625 0.206503125 0.739025
4 0.18488125 0.7400109375 0.1573453125 0.7153625 0.13683281249999998 0.7179921874999999 0.16339375 0.7418843749999999 0.18488125 0.7400109375
4 0.16344375 0.741653125 0.137571875 0.7163484375 0.11650468750000001 0.7183203125000001 0.1438359375 0.7440734375 0.16344375 0.741653125
4 0.144225 0.743625 0.11595 0.71865 0.0963609375 0.720621875 0.12474218749999999 0.74544375 0.144225 0.743625
4 0.125559375 0.745596875 0.09580625000000001 0.7196359375 0.0778796875 0.7222640625000001 0.1054921875 0.747359375 0.125559375 0.745596875
4 0.1059703125 0.747240625 0.0776953125 0.7219359375 0.0575515625 0.72325 0.0870140625 0.749275 0.1059703125 0.747240625
4 0.0869359375 0.7488828125 0.059029687500000004 0.72325 0.039625 0.725221875 0.0686890625 0.751465625 0.0869359375 0.7488828125
4 0.06974843750000001 0.7508546875000001 0.0401796875 0.7242359375 0.0215140625 0.72719375 0.050671875 0.7522875 0.06974843750000001 0.7508546875000001
4 0.051268749999999995 0.7521703125 0.0228078125 0.7265359375 0.0032187500000000003 0.727521875 0.0329625 0.7539296875 0.051268749999999995 0.7521703125
4 0 0.740996875 0.0169484375 0.7550250000000001 0.033342187499999995 0.75315625 0.0045125 0.7285078125 0 0.727521875 0 0.740996875
4 0 0.7574890625 0.015601562499999999 0.755784375 0 0.7403390625 0 0.7574890625
4 0 0.727921875 0.009501562500000001 0.7268656250000001 0 0.7179921874999999 0 0.727921875
4 0 0.71865 0.0093171875 0.7268656250000001 0.029575 0.7257328125 0.01264375 0.711090625 0 0.7114203125 0 0.71865
4 0.034265625 0.7081328124999999 0.013382812499999999 0.7117484375 0.030199999999999998 0.7258796875 0.0497484375 0.7229953124999999 0.034265625 0.7081328124999999
4 0.05551874999999999 0.7068187499999999 0.033710937499999996 0.7084625 0.05034375 0.7235796875 0.0714609375 0.7227203125 0.05551874999999999 0.7068187499999999
4 0.054593749999999996 0.7071468750000001 0.072890625 0.7225937499999999 0.0942515625 0.72053125 0.0765859375 0.7035328125 0.054593749999999996 0.7071468750000001
4 0.0775109375 0.70451875 0.094696875 0.72095 0.117503125 0.7188875 0.0987625 0.702546875 0.0775109375 0.70451875
4 0.0996875 0.7015609375 0.117428125 0.71930625 0.1404484375 0.716425 0.1224171875 0.6995890625000001 0.0996875 0.7015609375
4 0.12334218749999999 0.6999171875 0.14108281250000002 0.7170062500000001 0.1644703125 0.714234375 0.1462578125 0.6969593749999999 0.12334218749999999 0.6999171875
4 0.1464421875 0.6976171875 0.164553125 0.714378125 0.187878125 0.7120437500000001 0.16935781249999998 0.6943312500000001 0.1464421875 0.6976171875
4 0.17083593749999998 0.6940015625 0.18894687500000001 0.7130625 0.21251562499999999 0.7098546875 0.195415625 0.6907156249999999 0.17083593749999998 0.6940015625
4 0.1963390625 0.6913734375 0.214265625 0.70911875 0.23869531249999998 0.70656875 0.2222125 0.68874375 0.1963390625 0.6913734375
4 0.2229640625 0.6896312499999999 0.24015 0.7067203125 0.2661046875 0.703284375 0.2471734375 0.6863453125000001 0.2229640625 0.6896312499999999
4 0.24791249999999998 0.6863453125000001 0.26639218750000004 0.7047484374999999 0.293515625 0.7021890625 0.27452343749999997 0.683059375 0.24791249999999998 0.6863453125000001
4 0.2752625 0.683059375 0.293928125 0.7024484375 0.3198484375 0.700271875 0.3024296875 0.6804296875 0.2752625 0.683059375
4 0.329965625 0.6774734375 0.301875 0.6817453125 0.31943125 0.6998203125 0.347565625 0.6980828125 0.329965625 0.6774734375
4 0.3578703125 0.674515625 0.32885624999999996 0.6768156249999999 0.34770625 0.69751875 0.376825 0.6953453125 0.3578703125 0.674515625
4 0.38651562500000003 0.6708999999999999 0.3567625 0.6741859375 0.37598125 0.694890625 0.40546718750000005 0.69288125 0.38651562500000003 0.6708999999999999
4 0.4158609375 0.6671843749999999 0.3859234375 0.6708000000000001 0.40551250000000005 0.6928171875 0.43441718749999997 0.6895953125000001 0.4158609375 0.6671843749999999
4 0.44727812499999997 0.664884375 0.41641562499999996 0.6681703125 0.43545 0.691503125 0.4666015625 0.687953125 0.44727812499999997 0.664884375
4 0.447175 0.66505625 0.4663953125 0.6883890625 0.4972578125 0.685103125 0.4784078125 0.6611125 0.447175 0.66505625
4 0.479515625 0.661440625 0.499290625 0.6857593750000001 0.5301984375 0.68439375 0.510378125 0.6581546875 0.479515625 0.661440625
4 0.5111171875 0.65946875 0.5299671874999999 0.6847734375 0.56376875 0.6819296875 0.5429046875 0.655196875 0.5111171875 0.65946875
4 0.5439109375 0.6553140625 0.5631296875 0.6819328125 0.5976890625 0.680290625 0.5766203125 0.650384375 0.5439109375 0.6553140625
4 0.6133968750000001 0.648084375 0.576990625 0.6510421875 0.5976890625 0.6793046875 0.6331703125 0.676675 0.6133968750000001 0.648084375
4 0.6485093749999999 0.6428265625 0.612103125 0.64775625 0.633540625 0.6773328125 0.6706390625 0.674265625 0.6485093749999999 0.6428265625
4 0.6867640625 0.637896875 0.6485093749999999 0.643484375 0.669946875 0.6743750000000001 0.7083671875 0.671253125 0.6867640625 0.637896875
4 0.6869375 0.637959375 0.7087453125 0.6727937500000001 0.74825 0.6682421875 0.725378125 0.634015625 0.6869375 0.637959375
4 0.725378125 0.63434375 0.748478125 0.6695078125 0.7896734375000001 0.667146875 0.7664046875 0.6304000000000001 0.725378125 0.63434375
4 0.8087234375 0.62645625 0.7673281249999999 0.63204375 0.7893203125 0.66655 0.8304812500000001 0.664409375 0.8087234375 0.62645625
4 0.8083765625 0.6267859375 0.8318468749999999 0.663921875 0.8748312500000001 0.66221875 0.85254375 0.6221859375000001 0.8083765625 0.6267859375
4 0.8976359374999999 0.6169265625 0.85254375 0.621528125 0.8745359374999999 0.6616203125 0.9202578125 0.6583875 0.8976359374999999 0.6169265625
4 0.9442078125 0.6103546875 0.8970812499999999 0.6165984375 0.9201828125 0.658334375 0.9670703125 0.6551015625 0.9442078125 0.6103546875
4 1 0.6208703125 0.9924406250000001 0.6044390625 0.9453156249999999 0.611340625 0.9671234375 0.6540625 1 0.6526375 1 0.6208703125
4 1 0.6052765625000001 0.9937343750000001 0.605753125 1 0.6221859375000001 1 0.6052765625000001