4 0.0009765625 0.55859375 0 0.9990234375 0.33984375 0.9990234375 0.3046875 0.5537109375 0.2978515625 0.548828125 0.2431640625 0.548828125 0.0009765625 0.55859375
4 1 0.8349609375 0.7568359375 0.5390625 0.3564453125 0.546875 0.33984375 0.5537109375 0.3916015625 1 1 0.9990234375 1 0.9794921875 0.984375 0.9755859375 0.98828125 0.9697265625 0.9853515625 0.9609375 1 0.9677734375 1 0.8349609375
4 1 0.5322265625 0.7900390625 0.537109375 0.787109375 0.5419921875 0.81640625 0.5771484375 1 0.7880859375 1 0.5322265625
4 0 0.2626953125 0.0009765625 0.400390625 0.30078125 0.4013671875 0.287109375 0.2548828125 0.2783203125 0.216796875 0.0400390625 0.205078125 0 0.2626953125
4 0.5107421875 0.2265625 0.3271484375 0.216796875 0.294921875 0.2197265625 0.3154296875 0.400390625 0.642578125 0.4013671875 0.646484375 0.3916015625 0.640625 0.3837890625 0.5107421875 0.2265625
4 0.94921875 0.3916015625 0.7216796875 0.234375 0.529296875 0.2294921875 0.533203125 0.2412109375 0.640625 0.3701171875 0.6572265625 0.40234375 0.93359375 0.4013671875 0.9462890625 0.400390625 0.94921875 0.3916015625
4 1 0.2841796875 0.9931640625 0.275390625 0.9423828125 0.25390625 0.9326171875 0.244140625 0.9150390625 0.240234375 0.744140625 0.2373046875 0.7548828125 0.25 0.9287109375 0.369140625 0.955078125 0.3916015625 0.9599609375 0.40234375 1 0.4013671875 1 0.2841796875
4 0.935546875 0.2431640625 0.9443359375 0.251953125 1 0.2783203125 0.9970703125 0.2421875 0.935546875 0.2431640625
4 0.1103515625 0.1015625 0.064453125 0.1650390625 0.0693359375 0.171875 0.1025390625 0.17578125 0.275390625 0.1826171875 0.271484375 0.1142578125 0.2568359375 0.109375 0.1103515625 0.1015625
4 0.27734375 0.1162109375 0.2861328125 0.18359375 0.4765625 0.1923828125 0.4765625 0.1826171875 0.4248046875 0.123046875 0.3095703125 0.11328125 0.27734375 0.1162109375
4 0.47265625 0.1708984375 0.4853515625 0.1953125 0.6640625 0.2021484375 0.6611328125 0.193359375 0.5712890625 0.130859375 0.4375 0.1259765625 0.47265625 0.1708984375
4 0.6083984375 0.1328125 0.5859375 0.1357421875 0.6494140625 0.181640625 0.6728515625 0.205078125 0.8359375 0.2080078125 0.8271484375 0.197265625 0.7158203125 0.140625 0.6083984375 0.1328125
4 0.8349609375 0.19921875 0.8427734375 0.2109375 0.927734375 0.2119140625 0.986328125 0.2080078125 0.8447265625 0.1484375 0.728515625 0.1435546875 0.8349609375 0.19921875
4 0.271484375 0.0908203125 0.265625 0.0615234375 0.2490234375 0.056640625 0.1513671875 0.048828125 0.142578125 0.0537109375 0.123046875 0.0810546875 0.1259765625 0.091796875 0.1376953125 0.09375 0.267578125 0.1005859375 0.271484375 0.0908203125
4 0.2734375 0.0927734375 0.2822265625 0.103515625 0.40625 0.1083984375 0.40625 0.0947265625 0.3837890625 0.068359375 0.271484375 0.0615234375 0.2734375 0.0927734375
4 0.4951171875 0.076171875 0.4013671875 0.068359375 0.392578125 0.0712890625 0.4169921875 0.109375 0.5390625 0.1142578125 0.541015625 0.1103515625 0.5322265625 0.1015625 0.4951171875 0.076171875
4 0.6044921875 0.083984375 0.5302734375 0.078125 0.5078125 0.0810546875 0.5537109375 0.119140625 0.65625 0.1259765625 0.6708984375 0.125 0.671875 0.1201171875 0.6044921875 0.083984375
4 0.6171875 0.0869140625 0.6767578125 0.126953125 0.779296875 0.1298828125 0.783203125 0.1259765625 0.7783203125 0.12109375 0.7080078125 0.091796875 0.6171875 0.0869140625