4 0.5899359375000001 0 0.632584375 0.09599687500000001 0.8807546875 0 0.5899359375000001 0
4 0 0 0 0.043315625 0.1851890625 0.27578749999999996 0.6252 0.09549687500000001 0.5778203125 0 0 0
4 0 0.35298281249999997 0.18150625 0.2750890625 0 0.05406562499999999 0 0.35298281249999997
4 0 0.6081953125 0.006859374999999999 0.6122171875 0.13784375 0.579134375 0 0.4505328125 0 0.6081953125
4 0 0.4520421875 0.13784375 0.580709375 0.313015625 0.5421921875 0.1697046875 0.3743375 0 0.44230468749999996 0 0.4520421875
4 0.1708859375 0.3743375 0.31839062500000004 0.541325 0.5558875 0.48838593750000003 0.421053125 0.281390625 0.1708859375 0.3743375
4 0.426953125 0.2818859375 0.5661984375 0.488259375 0.8813546875 0.41095781249999996 0.792765625 0.1464046875 0.426953125 0.2818859375
4 1 0.07540625 0.8010265625 0.14955625 0.8907093749999999 0.40791562499999995 1 0.38435625 1 0.07540625
4 1 0.382365625 0.7833249999999999 0.43460937499999996 0.84300625 0.605184375 1 0.5735640625 1 0.382365625
4 0.7821453125 0.437759375 0.5355171875 0.491321875 0.606034375 0.6419296875 0.8352468749999999 0.6047484375 0.7821453125 0.437759375
4 0 0.6418703125 0.0410578125 0.634234375 0.014606250000000001 0.611384375 0.0037140624999999995 0.614846875 0 0.6102078125 0 0.6418703125
4 0.015125 0.6106921875 0.042095312499999996 0.6349265625 0.0936875 0.6285140625000001 0.0633609375 0.5989203125 0.015125 0.6106921875
4 0.0633609375 0.59684375 0.09344375 0.6266171875000001 0.205625 0.631975 0.1458296875 0.5774546875000001 0.0633609375 0.59684375
4 0.155165625 0.5767625 0.189915625 0.611384375 0.2812578125 0.609478125 0.2293359375 0.5573750000000001 0.155165625 0.5767625
4 0.232965625 0.5594515624999999 0.28483281250000003 0.611384375 0.391034375 0.6129390625 0.3242515625 0.5386796875 0.232965625 0.5594515624999999
4 0.3247703125 0.5379859375 0.39375312500000004 0.6169234375 0.515640625 0.6190015625 0.45703125 0.5379859375 0.3247703125 0.5379859375
4 0.599665625 0.6238484375 0.558690625 0.5414484374999999 0.45910624999999994 0.5400640625 0.5219875 0.621015625 0.599665625 0.6238484375
4 0.7792953125000001 0.6211828125000001 0.774696875 0.6115375000000001 0.694565625 0.6281984375 0.7001968749999999 0.6358984375000001 0.7792953125000001 0.6211828125000001
4 0.7006234375 0.6354609375 0.695696875 0.6252640625 0.62005625 0.63875 0.6226640625 0.6453046875 0.7006234375 0.6354609375
4 0.76911875 0.661775 0.7555671875 0.6262515625 0.6818984375 0.6380921875000001 0.6961890625 0.670984375 0.76911875 0.661775
4 0.6961890625 0.6706562500000001 0.6809125 0.637434375 0.6116796875 0.64664375 0.6282078125 0.6803781250000001 0.6961890625 0.6706562500000001
4 0.6114328125 0.64664375 0.545403125 0.655196875 0.56333125 0.6885984374999999 0.627940625 0.682496875 0.6114328125 0.64664375
4 0.3892265625 0.6156125 0.3006125 0.6139218750000001 0.3168171875 0.6301453125 0.3892265625 0.6156125
4 0.3778328125 0.6193296875 0.31504374999999996 0.6281171875 0.34289375 0.6554953125 0.40163281250000005 0.6443421875 0.3778328125 0.6193296875
4 0.3899859375 0.6149359375000001 0.3770734375 0.62000625 0.40137968749999997 0.644003125 0.465790625 0.6351265625 0.45226875 0.6179781249999999 0.3899859375 0.6149359375000001
4 0.534046875 0.6260890625 0.5469593749999999 0.62000625 0.45378749999999995 0.618653125 0.4662125 0.6348453125 0.534046875 0.6260890625
4 0.42517812499999996 0.668678125 0.40340468749999997 0.6443421875 0.34542656250000003 0.6538062499999999 0.36747968750000004 0.6787703125 0.42517812499999996 0.668678125
4 0.4023921875 0.6450171874999999 0.424925 0.668678125 0.4858328125 0.6621578125 0.46518125 0.635553125 0.4023921875 0.6450171874999999
4 0.46543437499999996 0.6358921875 0.48594218749999996 0.6619171875000001 0.551865625 0.6545546875 0.5315140625 0.6257515625 0.46543437499999996 0.6358921875
4 0.6215875 0.6461859375000001 0.62185 0.6377796874999999 0.609246875 0.64023125 0.5992703125000001 0.6216671875 0.5467578125 0.62271875 0.5333671875 0.627971875 0.551746875 0.6535421875 0.6215875 0.6461859375000001
4 0.5396687499999999 0.6780609375 0.553584375 0.6756078125 0.5454453125 0.65634375 0.524965625 0.6584453124999999 0.5395671875 0.677021875 0.5396687499999999 0.6780609375
4 0.53861875 0.6752578125 0.525490625 0.659496875 0.4800671875 0.66475 0.48737343749999995 0.6730796875 0.53861875 0.6752578125
4 0.4803296875 0.6637 0.44068281249999997 0.668253125 0.44278281249999996 0.6696546875 0.48846875 0.6742078125 0.4803296875 0.6637
4 0.1912140625 0.648878125 0.17293125 0.6319625 0.111596875 0.6292093750000001 0.1399046875 0.655565625 0.1912140625 0.648878125
4 0.139315625 0.655959375 0.111596875 0.6280296875 0.0947890625 0.6272421875 0.062646875 0.6335359375 0.09186875 0.661384375 0.139315625 0.655959375
4 0.092725 0.6606796875 0.0614671875 0.63314375 0.01458125 0.6398312500000001 0.0491046875 0.6672890625 0.092725 0.6606796875
4 0 0.666675 0.008225 0.67435 0.049803125 0.6684484375 0.0158921875 0.6393390625 0 0.6409515625 0 0.666675
4 0.0468546875 0.6684484375 0.0551109375 0.6786765625 0.0878140625 0.679096875 0.0731 0.6649078125 0.0468546875 0.6684484375
4 0.135909375 0.670021875 0.12558750000000002 0.657434375 0.1014546875 0.6628609375 0.104946875 0.6672687500000001 0.135909375 0.670021875
4 0.1382671875 0.669628125 0.17450156249999998 0.6704078124999999 0.158025 0.6535 0.1270625 0.6566468750000001 0.1382671875 0.669628125
4 0.18869687500000001 0.6506125 0.1552515625 0.65565 0.17952656250000001 0.6758 0.21243281249999998 0.6758 0.18869687500000001 0.6506125
4 0.2334703125 0.64989375 0.18815781250000002 0.6484546875 0.21262187500000002 0.677015625 0.256128125 0.68011875 0.2334703125 0.64989375
4 0.270153125 0.6491734375 0.23616874999999998 0.652053125 0.24971562500000002 0.6707140625 0.2825609375 0.6707625 0.270153125 0.6491734375
4 0.4077125 0.672203125 0.38181875 0.6743609375 0.3684140625 0.684215625 0.41688281250000003 0.682996875 0.4077125 0.672203125