4 0.49072187500000003 0.9996546875 0.808578125 0.43117031250000004 0.5533296875 0.36882031249999997 0.2389140625 0.7520890625 0.23203437500000001 0.7493375 0.46526562499999996 0.9996546875 0.49072187500000003 0.9996546875
4 0.5414296875 0.36779375000000003 0.38938125 0.33111718749999997 0.393509375 0.3329515625 0.11280468749999999 0.612609375 0.23526875 0.7455609375 0.5414296875 0.36779375000000003
4 0.38235 0.32863125000000004 0.27331875 0.30611875 0.27280625000000003 0.30543593750000003 0.03375625 0.524421875 0.11053906250000001 0.605603125 0.38235 0.32863125000000004
4 1 0.124203125 0.9913578125000001 0.12556875 0.9908453125 0.12625 0.8357453125 0.4161859375 1 0.4530234375 1 0.124203125
4 0.975471875 0.12625 0.7451234375 0.1337546875 0.7425640625 0.132390625 0.5649390624999999 0.36024531249999997 0.8183234374999999 0.412775 0.975471875 0.12625
4 0.7328140624999999 0.13106562500000002 0.5771796874999999 0.1376234375 0.5734890625 0.1376234375 0.39940000000000003 0.3220859375 0.5525734375 0.35897812500000004 0.7328140624999999 0.13106562500000002
4 0.391046875 0.3194578125 0.5682296874999999 0.13635625 0.45517812500000004 0.140484375 0.45639062499999994 0.1419390625 0.2867484375 0.298803125 0.391046875 0.3194578125
4 0.4497640625 0.1413453125 0.365990625 0.14637031250000002 0.366828125 0.148603125 0.20849531250000003 0.2814625 0.279703125 0.29709375 0.4497640625 0.1413453125
4 0.001134375 0.4793234375 0.0333875 0.5200750000000001 0.2725625 0.3034796875 0.19967812499999998 0.287290625 0.199259375 0.287290625 0.001553125 0.45643593750000006 0.001134375 0.4793234375
4 0.293684375 0.15097812500000002 0.146378125 0.267109375 0.20250625000000003 0.279390625 0.3604203125 0.14653125 0.293684375 0.15097812500000002
4 0.1945328125 0.28515625 0.14091875 0.2734328125 0.1392421875 0.2734328125 0.000596875 0.3850796875 0.002271875 0.44871875 0.1945328125 0.28515625
4 0.291115625 0.15112343749999999 0.23790781249999998 0.15247968750000002 0.23765312500000002 0.15281875 0.10145 0.2566421875 0.1424375 0.2685171875 0.291115625 0.15112343749999999
4 0.137334375 0.2706078125 0.09405625 0.2617859375 0.0930375 0.2634828125 0.0008781250000000001 0.3354109375 0.0008781250000000001 0.381215625 0.137334375 0.2706078125
4 0.23662343749999998 0.1521390625 0.192325 0.15315625 0.1915609375 0.15315625 0.06477812499999999 0.2495140625 0.0976203125 0.2583359375 0.23662343749999998 0.1521390625
4 0.0612671875 0.2525421875 0.0003578125 0.2966359375 0.0003578125 0.33226093749999996 0.0922640625 0.2593140625 0.0612671875 0.2525421875