4 0.002296875 0 0 0.306334375 0 0.395840625 0.0799046875 0.4957828125 0.0799046875 0.5017109375000001 0.657346875 0.5230515625 0.7255906249999999 0 0.002296875 0
4 0.7703218749999999 0 0.6716109375 0.5230515625 1 0.53535625 1 0 0.7703218749999999 0
4 0.6518015625 0.53704375 0.09384375 0.5162796875 0.26963906249999997 0.7468281250000001 0.6240953124999999 0.7683078125 0.6518015625 0.53704375
4 1 0.5492874999999999 0.673359375 0.537759375 0.6351421875 0.7697406250000001 1 0.7914734375 1 0.5492874999999999
4 0.62161875 0.772040625 0.2741515625 0.7490515624999999 0.3533484375 0.85354375 0.352790625 0.8527078124999999 0.6087906249999999 0.8715171875 0.62161875 0.772040625
4 1 0.7968375 0.6357 0.7749796875 0.6148374999999999 0.8710984375 0.8808765624999999 0.891996875 1 0.8007140625 1 0.7968375
4 1 0.8047828125 0.8914953125 0.891059375 0.889821875 0.891059375 1 0.8992093750000001 1 0.8047828125
4 0.607046875 0.8744171875 0.3558671875 0.8545906249999999 0.4012203125 0.9145046875 0.40063750000000004 0.9136328125000001 0.598325 0.9295359375000001 0.607046875 0.8744171875
4 0.6133359375 0.8737640624999999 0.6046140624999999 0.929971875 0.8110234374999999 0.945440625 0.8110234374999999 0.9458765625 0.878178125 0.8935890625 0.6133359375 0.8737640624999999
4 1 0.9022671875 0.8855124999999999 0.8946078125 0.8863484375 0.8929359375000001 0.815121875 0.9474015625 1 0.9607453125 1 0.9022671875
4 0.40297031250000004 0.916165625 0.431209375 0.9535703124999999 0.59248125 0.9668328125000001 0.592575 0.9675515625 0.59685625 0.93091875 0.40297031250000004 0.916165625
4 0.603153125 0.9318125 0.59818125 0.9672812499999999 0.7664140625 0.98054375 0.7664140625 0.9799468750000001 0.8085718749999999 0.9477578125000001 0.603153125 0.9318125
4 1 0.9622031249999999 0.81510625 0.9474500000000001 0.8148015624999999 0.9476281249999999 0.7702890625000001 0.9800484375 0.9421734374999999 0.993284375 1 0.9715828125 1 0.9622031249999999
4 0.59255 0.968584375 0.43278906250000004 0.9555546874999999 0.45230156250000003 0.9827718750000001 0.4526875 0.981903125 0.590425 0.99305 0.59255 0.968584375
4 0.7400140625 1 0.7643125000000001 0.9804546875 0.5974046875 0.9687296875 0.593734375 0.9934843750000001 0.6800875 1 0.7400140625 1
4 0.92225 1 0.93969375 0.9936671875 0.76930625 0.9816953125 0.746521875 1 0.92225 1