4 0.11524062500000001 0.6704421875000001 0.135075 0.6081703125 0.0797640625 0.60753125 0.0565640625 0.6691703125 0.11524062500000001 0.6704421875000001
4 0.136728125 0.6043578125 0.11524062500000001 0.6742546875000001 0.172265625 0.6704421875000001 0.19135156250000002 0.60753125 0.136728125 0.6043578125
4 0.1912734375 0.609440625 0.17391875 0.6717125 0.23259531249999998 0.6742546875000001 0.2461125 0.605940625 0.1912734375 0.609440625
4 0.2474703125 0.6069 0.23342187499999997 0.6729828125 0.29209843750000003 0.6742546875000001 0.303971875 0.605940625 0.2474703125 0.6069
4 0.7813484374999999 0.6729828125 0.838371875 0.6729828125 0.8152312500000001 0.605628125 0.757553125 0.605940625 0.7813484374999999 0.6729828125
4 0.8391984375 0.6717125 0.7838265625 0.675525 0.8092140625 0.7474125 0.8672968750000001 0.7479640625 0.8391984375 0.6717125
4 0.8697765625 0.7441515625 0.8044874999999999 0.74669375 0.8402109375 0.8332484375 0.906965625 0.8331109375000001 0.8697765625 0.7441515625
4 0.9491140625 0.9233421875 0.9077921874999999 0.8331109375000001 0.838371875 0.8331109375000001 0.878440625 0.933390625 0.9491140625 0.9233421875
4 0.8391984375 0.8318406250000001 0.8061406249999999 0.7441515625 0.7451546875 0.7505921875 0.77143125 0.8343812500000001 0.8391984375 0.8318406250000001
4 0.84333125 0.8331109375000001 0.7681250000000001 0.8343812500000001 0.8009484375 0.933390625 0.8772140625 0.9347796875000001 0.84333125 0.8331109375000001
4 0.6995312499999999 0.8331109375000001 0.7706046875 0.83056875 0.7466375000000001 0.745421875 0.6800625 0.7490015624999999 0.6995312499999999 0.8331109375000001
4 0.7672984375 0.828028125 0.6970515625 0.8331109375000001 0.7234578125 0.933390625 0.8020093749999999 0.9322374999999999 0.7672984375 0.828028125
4 0.6995312499999999 0.835653125 0.679696875 0.7479640625 0.612903125 0.7490015624999999 0.6276312500000001 0.8331109375000001 0.6995312499999999 0.835653125
4 0.6995312499999999 0.8318406250000001 0.6251515624999999 0.8331109375000001 0.6459671874999999 0.9365703125 0.72515 0.9335078125 0.6995312499999999 0.8318406250000001
4 0.629284375 0.8331109375000001 0.6111015625 0.745421875 0.5447109375 0.7490015624999999 0.55573125 0.835653125 0.629284375 0.8331109375000001
4 0.6309375 0.83056875 0.5549046875 0.8343812500000001 0.5714328125 0.93605 0.6482921875 0.9309671875 0.6309375 0.83056875
4 0.5582109375 0.8343812500000001 0.5474671875 0.7479640625 0.4806515625 0.7458234375 0.48383125 0.8343812500000001 0.5582109375 0.8343812500000001
4 0.557384375 0.8331109375000001 0.4830046875 0.8331109375000001 0.49098437500000003 0.9349812500000001 0.5714328125 0.9335078125 0.557384375 0.8331109375000001
4 0.48383125 0.8331109375000001 0.4796984375 0.74669375 0.41452656250000003 0.7458234375 0.4144109375 0.835653125 0.48383125 0.8331109375000001
4 0.48465781249999995 0.835653125 0.4144109375 0.8331109375000001 0.41452656250000003 0.9349812500000001 0.49209531249999994 0.9322374999999999 0.48465781249999995 0.835653125
4 0.41110468750000007 0.828028125 0.4177171875 0.74669375 0.3482953125 0.753046875 0.341684375 0.8318406250000001 0.41110468750000007 0.828028125
4 0.413584375 0.8343812500000001 0.341684375 0.8318406250000001 0.3339359375 0.933390625 0.413584375 0.9322374999999999 0.413584375 0.8343812500000001
4 0.26730468749999997 0.83056875 0.3425109375 0.828028125 0.350775 0.7479640625 0.28330781250000003 0.7458234375 0.26730468749999997 0.83056875
4 0.3425109375 0.83056875 0.2706109375 0.83056875 0.257478125 0.933390625 0.3359 0.9335078125 0.3425109375 0.83056875
4 0.29209843750000003 0.676796875 0.23176875 0.676796875 0.22028124999999998 0.7474125 0.2830078125 0.7441515625 0.29209843750000003 0.676796875
4 0.23342187499999997 0.676796875 0.17391875 0.6742546875000001 0.15415625 0.7442328125000001 0.219371875 0.74669375 0.23342187499999997 0.676796875
4 0.17474375 0.6717125 0.1119359375 0.6704421875000001 0.0880296875 0.7458234375 0.15325781249999998 0.745421875 0.17474375 0.6717125
4 0.1119359375 0.6717125 0.0549109375 0.6704421875000001 0.028103125 0.7458234375 0.0904484375 0.7441515625 0.1119359375 0.6717125
4 0 0.8343812500000001 0.05806718749999999 0.8348390625000001 0.08962187499999999 0.74669375 0.0259859375 0.7479640625 0 0.80769375 0 0.8343812500000001
4 0 0.9322374999999999 0.0260375 0.9349812500000001 0.05904374999999999 0.8331109375000001 0 0.828028125 0 0.9322374999999999
4 0.15325781249999998 0.74669375 0.0887953125 0.7517765625 0.0582171875 0.835653125 0.129359375 0.8316593749999999 0.15325781249999998 0.74669375
4 0.10201875 0.9347796875000001 0.13094375 0.8331109375000001 0.05904374999999999 0.8331109375000001 0.0276390625 0.9284250000000001 0.10201875 0.9347796875000001
4 0.150778125 0.7479640625 0.1317703125 0.8318406250000001 0.201684375 0.8348390625000001 0.2168921875 0.7441515625 0.150778125 0.7479640625
4 0.12763750000000001 0.8331109375000001 0.10201875 0.9284250000000001 0.17970312500000002 0.9309671875 0.1987109375 0.835653125 0.12763750000000001 0.8331109375000001
4 0.2689578125 0.83056875 0.2003640625 0.83056875 0.1805296875 0.9246125 0.2554109375 0.9349812500000001 0.2689578125 0.83056875
4 0.20449531250000003 0.8369234375 0.2706109375 0.8331109375000001 0.2846609375 0.74669375 0.2161484375 0.7458234375 0.20449531250000003 0.8369234375