4 0 0.5397093749999999 0.23184062499999997 0.59615625 0.44872968750000003 0.44459687499999995 0.210409375 0.3925796875 0 0.45961093750000004 0 0.5397093749999999
4 0.7040515625 0.49903125 0.45686406249999995 0.44349999999999995 0.244328125 0.5958671875 0.6442625 0.6985859375000001 0.7040515625 0.49903125
4 0.7375890625 0.415178125 0.7109093750000001 0.49903125 0.9912359374999999 0.55554375 0.9337984374999999 0.450225 0.7375890625 0.415178125
4 0.5478875000000001 0.3774265625 0.45630156250000004 0.44508749999999997 0.7040515625 0.49903125 0.7331984375 0.41361875000000003 0.5478875000000001 0.3774265625
4 0.547171875 0.37701406249999997 0.373190625 0.34127968750000004 0.21369375000000002 0.39242656249999996 0.4520140625 0.4425171875 0.547171875 0.37701406249999997
4 0.600465625 0.33725 0.464290625 0.309953125 0.3758625 0.3404609375 0.548171875 0.3764234375 0.600465625 0.33725
4 0.73505625 0.4130296875 0.7504500000000001 0.3645734375 0.6030375 0.3366078125 0.55074375 0.377065625 0.73505625 0.4130296875
4 0.9044265625 0.3932109375 0.7514140625 0.3651640625 0.7383546875 0.4144828125 0.9331390624999999 0.45116562499999996 0.9044265625 0.3932109375
4 0.8879796875 0.3553828125 0.7629406249999999 0.33407343749999996 0.7519578124999999 0.3659796875 0.9053906250000001 0.39247343749999997 0.8879796875 0.3553828125
4 0.6391390625 0.3111328125 0.605596875 0.337040625 0.750325 0.36435 0.76011875 0.33215 0.6391390625 0.3111328125
4 0.5187390625 0.2887015625 0.465221875 0.30891718749999997 0.6017890625 0.3366328125 0.6371546875 0.3109546875 0.5187390625 0.2887015625
4 0.5614609374999999 0.27354687499999997 0.5216234375 0.2882296875 0.6373328125 0.3108625 0.662709375 0.2918515625 0.5614609374999999 0.27354687499999997
4 0.759990625 0.3323625 0.7661765625 0.30978125 0.6645234375 0.2918515625 0.63975 0.3110890625 0.759990625 0.3323625
4 0.888196875 0.3560203125 0.87495625 0.32818125 0.7688625 0.3105296875 0.7616125 0.3331625 0.888196875 0.3560203125