4 0.44613593749999997 1 0.11806406250000001 0.5750390624999999 0 0.586371875 0 0.8491734375 0.10114062500000001 1 0.44613593749999997 1
4 0.6218874999999999 1 0.6466234375 0.9793 0.30423125 0.5559546875 0.12066874999999999 0.578509375 0.44483281249999995 1 0.6218874999999999 1
4 0.305534375 0.5559546875 0.6466234375 0.9758296874999999 0.7247343749999999 0.8942828125 0.43326875 0.54296875 0.305534375 0.5559546875
4 0.43115156250000003 0.5419078125000001 0.724696875 0.8919390625 0.7783640625 0.8290843750000001 0.522734375 0.5316125 0.43115156250000003 0.5419078125000001
4 0.52385 0.5354046875 0.77755 0.8236671875000001 0.8182078125000001 0.781403125 0.5969453125 0.524834375 0.52385 0.5354046875
4 0.5962203125000001 0.5256515625 0.8206468750000001 0.781403125 0.852359375 0.7478078125 0.650825 0.5180578125 0.5962203125000001 0.5256515625
4 0.6515140625 0.51915 0.8531734375 0.746725 0.875128125 0.717465625 0.696571875 0.5126359375 0.6515140625 0.51915
4 0.7360796875 0.509396875 0.6954234375 0.51373125 0.8767531249999999 0.7185484375 0.8968421875000001 0.6929125 0.7360796875 0.509396875
4 0.7360796875 0.509396875 0.8978953125 0.6947078125 0.9165984375 0.6741171875 0.7637265625 0.5028937499999999 0.7360796875 0.509396875
4 0.7634562500000001 0.504259375 0.9154828125 0.673678125 0.9292359375 0.6573296875 0.7882328125 0.5013859375 0.7634562500000001 0.504259375
4 0.7894765625 0.5032687499999999 0.9292359375 0.6568343750000001 0.9415015625 0.6419734375 0.8114671875000001 0.4982875 0.7894765625 0.5032687499999999
4 0.8114062499999999 0.4983140625 0.9422453125000001 0.6419734375 0.951909375 0.630084375 0.8300562499999999 0.4970484375 0.8114062499999999 0.4983140625
4 0.8306906250000001 0.4976765625 0.9523859375000001 0.631128125 0.9618890625000001 0.620625 0.8468218750000001 0.493878125 0.8306906250000001 0.4976765625
4 0.9711609375 0.61259375 0.8613109375000001 0.49271875 0.8603609375 0.492425 0.84738125 0.49489687499999996 0.9630484375 0.620934375 0.9711609375 0.61259375
4 0.8617515625 0.4933515625 0.9706984375 0.6113578125 0.97695625 0.60394375 0.8752203125 0.4904 0.8617515625 0.4933515625
4 0.875428125 0.49026249999999993 0.9776515625 0.6045609375 0.9843734375000001 0.5968390625 0.886521875 0.48885468750000005 0.875428125 0.49026249999999993
4 0.8879453125 0.48871875 0.9839109374999999 0.59529375 0.9906328125 0.5878796875 0.898403125 0.48808125 0.8879453125 0.48871875
4 0.8980062500000001 0.487996875 0.9909546875 0.58794375 0.9951531250000001 0.5821562499999999 0.9079390625 0.48706250000000006 0.8980062500000001 0.487996875
4 0.908284375 0.4868390625 0.995878125 0.5813843750000001 0.99993125 0.576753125 0.9173515625 0.4853734375 0.908284375 0.4868390625
4 1 0.567078125 0.9256765625 0.4846328125 0.917540625 0.4855515625 1 0.57709375 1 0.567078125
4 0.9257515625 0.4843078125 0.9998875 0.5674203125 1 0.557721875 0.933709375 0.4834421875 0.9257515625 0.4843078125
4 1 0.54868125 0.9399578125 0.48165781250000006 0.933128125 0.48270937500000005 1 0.557721875 1 0.54868125
4 1 0.5412281250000001 0.9463546875000001 0.481459375 0.94003125 0.48191562499999996 1 0.5491578125000001 1 0.5412281250000001
4 1 0.5339328125 0.9517109375 0.480665625 0.9465765625 0.481440625 1 0.5409109375 1 0.5339328125
4 1 0.527334375 0.95680625 0.47998593749999996 0.95226875 0.4803890625 1 0.5341234375 1 0.527334375
4 1 0.5205890625 0.9628500000000001 0.47950625 0.9570187499999999 0.48040937499999997 1 0.527496875 1 0.5205890625
4 1 0.5155140625 0.9676109374999999 0.478978125 0.963259375 0.479703125 1 0.5207296875 1 0.5155140625
4 1 0.5046578125 0.974896875 0.47829375 0.971828125 0.47857656249999997 1 0.509875 1 0.5046578125
4 1 0.510296875 0.9721453125 0.47857656249999997 0.9680203125 0.47928125 1 0.5157953125 1 0.510296875
4 1 0.50084375 0.9791281250000001 0.47716562500000004 0.9751078124999999 0.4778703125 1 0.5049406249999999 1 0.50084375
4 1 0.49590625 0.9824078125 0.4773078125 0.9794453125 0.4775890625 1 0.5009921875 1 0.49590625
4 1 0.4919703125 0.986390625 0.4766859375 0.98261875 0.47716562500000004 1 0.495634375 1 0.4919703125
4 0.9864484375 0.47664999999999996 1 0.4919328125 0.999928125 0.4874625 0.9894640625 0.47633125 0.9864484375 0.47664999999999996
4 1 0.483946875 0.9935281249999999 0.47614999999999996 0.9896625 0.476490625 1 0.48754375000000005 1 0.483946875
4 0.99363125 0.4760671875 0.9999796875 0.48389531249999995 1 0.4802453125 0.9969640625 0.47590937499999997 0.99363125 0.4760671875
4 1 0.47601875 0.9970437499999999 0.4760140625 1 0.48008749999999994 1 0.47601875
4 0.00025 0.4209328125 0 0.5847515624999999 0.111146875 0.57013125 0.00025 0.4209328125
4 0.2996390625 0.55019375 0.0177046875 0.2014890625 0.00044687499999999995 0.2006328125 0 0.42126875 0.1121453125 0.5727890625 0.2996390625 0.55019375
4 0.023384375 0.20462031249999998 0.298640625 0.55019375 0.4243015625 0.5408906250000001 0.181040625 0.2413890625 0.023384375 0.20462031249999998
4 0.18195624999999999 0.24050625 0.428290625 0.5382328125 0.5200437499999999 0.5315859374999999 0.299490625 0.2679875 0.18195624999999999 0.24050625
4 0.298640625 0.26841875000000004 0.521040625 0.5315859374999999 0.5948421875000001 0.5222828125000001 0.391390625 0.29234375 0.298640625 0.26841875000000004
4 0.3943828125 0.29367187499999997 0.59185 0.520953125 0.648696875 0.5156375 0.46656718750000004 0.3078859375 0.3943828125 0.29367187499999997
4 0.46315156249999995 0.30615625 0.6487484375 0.5141390625 0.691578125 0.5095468750000001 0.5245078125 0.32185312499999996 0.46315156249999995 0.30615625
4 0.5251812499999999 0.322559375 0.691578125 0.508890625 0.7270234375 0.5042984374999999 0.5743625 0.33252031249999997 0.5251812499999999 0.322559375
4 0.5744109374999999 0.33305625 0.7294859375 0.5049546874999999 0.7600078124999999 0.5010171875 0.6168296875 0.3431890625 0.5744109374999999 0.33305625
4 0.61656875 0.3445296875 0.75901875 0.5002578125 0.7840140625 0.4966453125 0.6533109375 0.3529578125 0.61656875 0.3445296875
4 0.653009375 0.3529578125 0.7846171875 0.49785 0.8063 0.4946390625 0.6840296875 0.3593796875 0.653009375 0.3529578125
4 0.682825 0.35897968750000003 0.8081078125 0.4954421875 0.8258765625000001 0.49303437499999997 0.71093125 0.3665734375 0.682825 0.35897968750000003
4 0.711134375 0.36700625 0.8258765625000001 0.4938359375 0.8439453125 0.4918296875 0.7357812499999999 0.3730984375 0.711134375 0.36700625
4 0.7358296875 0.372625 0.844246875 0.49223125 0.85960625 0.4898234375 0.7557359375 0.3776171875 0.7358296875 0.372625
4 0.75600625 0.37824375 0.85960625 0.490225 0.8737609375 0.4866125 0.775315625 0.38163281250000003 0.75600625 0.37824375
4 0.77528125 0.3822578125 0.8761703125 0.48741406249999997 0.883096875 0.4862109375 0.791128125 0.385146875 0.77528125 0.3822578125
4 0.7921453125 0.387075 0.8836984375 0.4870140625 0.8939171874999999 0.4855515625 0.8063 0.389884375 0.7921453125 0.387075
4 0.807203125 0.390284375 0.894540625 0.4862109375 0.9033296875 0.4835421875 0.8189484374999999 0.39349531249999997 0.807203125 0.390284375
4 0.818396875 0.3930109375 0.9042999999999999 0.4845984375 0.9129093749999999 0.483165625 0.8321406250000001 0.396534375 0.818396875 0.3930109375
4 0.8321406250000001 0.3960046875 0.9130218749999999 0.48336562499999997 0.9213359375 0.48184375 0.8432421874999999 0.39882343750000004 0.8321406250000001 0.3960046875
4 0.8432421874999999 0.39864687499999996 0.9221421875000001 0.4824859375 0.9274484375000001 0.48008125 0.8539468749999999 0.40164218749999997 0.8432421874999999 0.39864687499999996
4 0.8539468749999999 0.40128906249999996 0.9280890625 0.48072499999999996 0.9353796875 0.47964062500000004 0.86518125 0.4042828125 0.8539468749999999 0.40128906249999996
4 0.865709375 0.40481249999999996 0.9364140624999999 0.48072499999999996 0.94149375 0.47919999999999996 0.872978125 0.40657343749999997 0.865709375 0.40481249999999996
4 0.872978125 0.406396875 0.9414359375 0.4789625 0.9479374999999999 0.47831875 0.8817 0.4081578125 0.872978125 0.406396875
4 0.8828265625 0.4091890625 0.948371875 0.47875625 0.95445625 0.47705624999999996 0.890578125 0.4107578125 0.8828265625 0.4091890625
4 0.8909703125 0.4110203125 0.9545546874999999 0.47771093750000004 0.9595515625000001 0.47648437499999996 0.8990171874999999 0.41298124999999997 0.8909703125 0.4110203125
4 0.8997031249999999 0.41337343750000005 0.9596562499999999 0.4766640625 0.9642125 0.4758296875 0.9060812500000001 0.41428906249999997 0.8997031249999999 0.41337343750000005
4 0.9066140624999999 0.41444375000000006 0.9639984374999999 0.475728125 0.9674890625 0.47562499999999996 0.9121062500000001 0.41548125 0.9066140624999999 0.41444375000000006
4 0.912740625 0.4155796875 0.967721875 0.475728125 0.9721421875 0.475521875 0.9187890624999999 0.4170265625 0.912740625 0.4155796875
4 0.97425 0.47519999999999996 0.925690625 0.4188875 0.9190984375 0.41733750000000003 0.9721421875 0.475934375 0.9740796875 0.475521875 0.97425 0.47519999999999996
4 0.9257687499999999 0.41929999999999995 0.9746234375 0.475728125 0.977546875 0.47519999999999996 0.9315843750000001 0.42033437500000004 0.9257687499999999 0.41929999999999995
4 0.9318937500000001 0.42043749999999996 0.9778796875 0.475521875 0.9805515625 0.47455468749999996 0.9398046875 0.4228140625 0.9318937500000001 0.42043749999999996
4 0.9396484375 0.42271093750000005 0.9812140625 0.47500468749999997 0.9835578125 0.474425 0.945775 0.4239515625 0.9396484375 0.42271093750000005
4 0.945853125 0.4243640625 0.98361875 0.47448750000000006 0.9862718750000001 0.4740375 0.9529875000000001 0.425915625 0.945853125 0.4243640625
4 0.9529875000000001 0.4258109375 0.9863328125 0.47438437499999997 0.98918125 0.47377812500000005 0.957175 0.42622499999999997 0.9529875000000001 0.4258109375
4 0.9574078125 0.42612187500000004 0.9895890625 0.4739703125 0.9913734375000001 0.47366093749999993 0.9634562499999999 0.4281890625 0.9574078125 0.42612187500000004
4 0.96384375 0.4283953125 0.9918390625000001 0.47386718749999995 0.9932531250000001 0.47365 0.968109375 0.42932499999999996 0.96384375 0.4283953125
4 0.9684968749999999 0.42963593749999995 0.9935453125 0.4735578125 0.9953859375 0.4735203125 0.9726062499999999 0.43066875 0.9684968749999999 0.42963593749999995
4 0.973175 0.43067500000000003 0.9956875000000001 0.4737125 0.9968046875000001 0.47319374999999997 0.9772421874999999 0.431696875 0.973175 0.43067500000000003
4 0.97741875 0.4316171875 0.9971609375 0.47355468749999996 0.9983984375 0.47277031249999996 0.9817796875000001 0.43295312499999994 0.97741875 0.4316171875
4 0.981896875 0.43295312499999994 0.9986328125 0.473084375 0.9994578125 0.47237656250000004 0.985728125 0.4333453125 0.981896875 0.43295312499999994
4 1 0.469628125 0.98980625 0.4340984375 0.9856093749999999 0.4334234375 0.9995765625 0.4721421875 1 0.47245625 1 0.469628125
4 1 0.463503125 0.9942140625 0.43609375000000006 0.9897937499999999 0.43452343750000005 1 0.470178125 1 0.463503125
4 1 0.43735 0.9941546875 0.4362515625 1 0.4656234375 1 0.43735