4 0.173828125 0.65655 0.2373046875 0.9945906250000001 0.646484375 0.9930890625 0.5185546875 0.6400234375 0.173828125 0.65655
4 0.201171875 0.6265031249999999 0.505859375 0.60546875 0.4013671875 0.318509375 0.1064453125 0.3275234375 0.16549687500000002 0.6279734375 0.201171875 0.6265031249999999
4 0.638671875 0.6024640625 0.861328125 0.5844343750000001 0.7138671875 0.3094953125 0.435546875 0.32301718749999997 0.5361328125 0.6039656250000001 0.638671875 0.6024640625
4 1 0.8368390625 0.8818359375 0.6219953125 0.5546875 0.6415265625 0.6826171875 0.9945906250000001 0.951171875 0.9930890625 1 0.990084375 1 0.8368390625
4 1 0.611478125 0.9130859375 0.6159859375 1 0.7797468750000001 1 0.611478125
4 1 0.298978125 0.741871875 0.3078125 0.751953125 0.33203125 0.888671875 0.5814296875 0.921875 0.5874406249999999 1 0.5814296875 1 0.298978125
4 0 0.6355171875 0.01171875 0.6355171875 0.1328125 0.6265031249999999 0.0771484375 0.3275234375 0 0.3290265625 0 0.6355171875
4 0.177734375 0.9930890625 0.203125 0.984075 0.140625 0.6595546875 0.0009765625 0.6610578125 0 0.9930890625 0.177734375 0.9930890625
4 0.6953125 0.091646875 0.7529296875 0.1923078125 0.7665734375000001 0.21918125000000002 0.7685546875 0.21935156249999999 0.787109375 0.220853125 0.947265625 0.2118390625 0.8583984375 0.0811296875 0.6953125 0.091646875
4 0.5113218749999999 0.1106515625 0.517578125 0.1337140625 0.5703125 0.22986718750000001 0.74609375 0.2178484375 0.6689453125 0.084134375 0.5029296875 0.09014375 0.5113218749999999 0.1106515625
4 0.3125 0.1277046875 0.3505859375 0.228365625 0.525390625 0.22686250000000002 0.537109375 0.21484375 0.4775390625 0.0871390625 0.2995921875 0.0889453125 0.3125 0.1277046875
4 0.1328125 0.235878125 0.3154296875 0.2313703125 0.326171875 0.220853125 0.2802734375 0.09014375 0.1005859375 0.09014375 0.1328125 0.235878125
4 0 0.2569109375 0.0009765625 0.3125 0.125 0.310996875 0.1103515625 0.24939843750000001 0 0.2569109375
4 0.9638671875 0.234375 0.9501953125 0.2313703125 0.783040625 0.2408859375 0.8095703125 0.291465625 0.896484375 0.2899640625 0.99609375 0.28095 0.978303125 0.2517390625 0.9638671875 0.234375
4 0.7490234375 0.2373796875 0.578125 0.247896875 0.5889562500000001 0.27163593750000004 0.5966796875 0.2974765625 0.64453125 0.2959734375 0.78515625 0.2899640625 0.7607421875 0.240384375 0.7490234375 0.2373796875
4 0.367815625 0.2770625 0.3759765625 0.306490625 0.451171875 0.3049875 0.572265625 0.2899640625 0.5458984375 0.2433890625 0.359375 0.2509015625 0.367815625 0.2770625
4 0.22265625 0.310996875 0.353515625 0.298978125 0.3330078125 0.24639375000000002 0.134765625 0.25390625 0.1455078125 0.3125 0.22265625 0.310996875
4 0 0.23888281249999999 0.03125 0.23888281249999999 0.109375 0.232871875 0.0771484375 0.09014375 0 0.091646875 0 0.23888281249999999
4 0 0.6355171875 0.013671875 0.6355171875 0.1328125 0.6265031249999999 0.0771484375 0.330528125 0 0.33203125 0 0.6355171875