4 1 0.9781671875000001 0.8671749999999999 0.93371875 0.8385875 1 1 1 1 0.9781671875000001
4 0.8364171875 1 0.8661234375 0.9299765624999999 0.7398281250000001 0.8962890625 0.6863406249999999 1 0.8364171875 1
4 0.6847953125 1 0.7377234374999999 0.9000328124999999 0.621953125 0.8607312500000001 0.5419078125000001 1 0.6847953125 1
4 0.5438515625 1 0.6198484375 0.858859375 0.5124984375 0.8233015625 0.41038125000000003 1 0.5438515625 1
4 0.40776874999999996 1 0.5156546875 0.8251734374999999 0.4188296875 0.7952296875 0.28083749999999996 1 0.40776874999999996 1
4 0.2819359375 1 0.420934375 0.7914859375 0.33042343750000003 0.769028125 0.17045 0.9898640625 0.1923125 1 0.2819359375 1
4 0.3283171875 0.7652859375000001 0.2399109375 0.7446984375000001 0.07973749999999999 0.9583328124999999 0.16834375 0.99360625 0.3283171875 0.7652859375000001
4 0.0788859375 0.9617906250000001 0.244121875 0.7465703125 0.1672921875 0.7166265625 0.0034203125 0.9232203125 0.0788859375 0.9617906250000001
4 0 0.922725 0.003109375 0.9262328125 0.1651875 0.722240625 0.0936203125 0.6997828125 0 0.8031734374999999 0 0.922725
4 0 0.8101546875000001 0.0915546875 0.7025875 0.0237890625 0.6820703124999999 0 0.7133375 0 0.8101546875000001
4 0 0.711075 0.022596875 0.680765625 0 0.6736203125 0 0.711075
4 1 0.705615625 0.9703171875000001 0.692296875 0.86928125 0.9318484375 1 0.9776046875000001 1 0.705615625
4 0.8671749999999999 0.9393343749999999 0.972421875 0.6979124999999999 0.8521046875 0.67509375 0.73561875 0.8981609374999999 0.8671749999999999 0.9393343749999999
4 0.73561875 0.8981609374999999 0.8492843750000001 0.6735828125000001 0.73561875 0.649253125 0.6205265625 0.857678125 0.73561875 0.8981609374999999
4 0.621953125 0.858859375 0.73561875 0.6511250000000001 0.6348328125 0.6287859375 0.5103921875 0.82704375 0.621953125 0.858859375
4 0.513803125 0.8269500000000001 0.63359375 0.62646875 0.5420640624999999 0.6059765625 0.416778125 0.797071875 0.513803125 0.8269500000000001
4 0.41569375 0.7941796875 0.54253125 0.6081562500000001 0.4546453125 0.5890984375 0.3284265625 0.7691203125 0.41569375 0.7941796875
4 0.3273421875 0.7700828125 0.45743124999999996 0.59080625 0.376715625 0.5722203125 0.242784375 0.744059375 0.3273421875 0.7700828125
4 0.2423375 0.7469515624999999 0.3773046875 0.57249375 0.3001390625 0.5589593749999999 0.16536875 0.721890625 0.2423375 0.7469515624999999
4 0.1648265625 0.721890625 0.3019625 0.5599640625 0.22910781249999998 0.5456984375 0.0938203125 0.699721875 0.1648265625 0.721890625
4 0.0889421875 0.703578125 0.2309546875 0.5474328125000001 0.1599859375 0.53123125 0.0233546875 0.6843 0.0889421875 0.703578125
4 0 0.675309375 0.023896875 0.6843 0.1599484375 0.5320125 0.09832031249999999 0.5191749999999999 0 0.625796875 0 0.675309375
4 0 0.6249421875000001 0.0986984375 0.51948125 0.040040625 0.50711875 0 0.5514281249999999 0 0.6249421875000001
4 0 0.5492734375 0.039075 0.507915625 0 0.50005625 0 0.5492734375
4 1 0.6773421875000001 0.9914546874999999 0.70195 1 0.7041937500000001 1 0.6773421875000001
4 1 0.6609828125 0.91884375 0.6399812500000001 0.9003203125000001 0.68268125 0.9914546874999999 0.7035546874999999 1 0.67314375 1 0.6609828125
4 0.9003203125000001 0.68268125 0.9165609375000001 0.6409328125 0.8316265625 0.6225921875 0.8154999999999999 0.6618078125 0.9003203125000001 0.68268125
4 0.8154999999999999 0.6666234375 0.833546875 0.6248750000000001 0.7534296875 0.6078781249999999 0.7342046875 0.6471453125 0.8154999999999999 0.6666234375
4 0.7329375 0.6484328125000001 0.753571875 0.6097812499999999 0.6804875 0.594034375 0.6576390625 0.632328125 0.7329375 0.6484328125000001
4 0.6574578125 0.63265 0.6800843750000001 0.5939984375 0.610203125 0.5787390625 0.586865625 0.6162234375 0.6574578125 0.63265
4 0.587175 0.6175109375 0.6098 0.5804703124999999 0.5465546875 0.566665625 0.520203125 0.6030171875 0.587175 0.6175109375
4 0.5207453125 0.6033390625 0.5442765625 0.565653125 0.4830234375 0.5543218750000001 0.45721249999999997 0.5891671875 0.5207453125 0.6033390625
4 0.39841875 0.578215625 0.457065625 0.5904546875000001 0.4813203125 0.5553453125 0.42510624999999996 0.5419796875 0.39841875 0.578215625
4 0.3975140625 0.5788593750000001 0.4237609375 0.5418171875 0.3678796875 0.5325875 0.341221875 0.566296875 0.3975140625 0.5788593750000001
4 0.30744375 0.5189484375 0.277396875 0.5550234374999999 0.33079375 0.565975 0.3601875 0.5296359374999999 0.30744375 0.5189484375
4 0.27649218750000004 0.5553453125 0.307625 0.5192703125 0.2567453125 0.5084390625 0.22418125 0.544715625 0.27649218750000004 0.5553453125
4 0.2250859375 0.5450390625 0.25621875 0.5099296875 0.20636875 0.5003890625 0.1744046875 0.534409375 0.2250859375 0.5450390625
4 0.17551250000000002 0.5354015624999999 0.20737031250000001 0.5002921875 0.1587078125 0.49153437499999997 0.127003125 0.524771875 0.17551250000000002 0.5354015624999999
4 0.1279078125 0.5244500000000001 0.15886093750000002 0.4915953125 0.1141921875 0.4814453125 0.0819328125 0.5160765625 0.1279078125 0.5244500000000001
4 0.0837421875 0.515109375 0.1139703125 0.48225468749999995 0.071659375 0.472321875 0.038853125 0.50705625 0.0837421875 0.515109375
4 0 0.498415625 0.0397578125 0.5051249999999999 0.07070937499999999 0.474846875 0.031540625 0.4637359375 0 0.4957671875 0 0.498415625
4 0 0.497078125 0.029440624999999998 0.465828125 0 0.4584546875 0 0.497078125
4 0 0.40739375000000005 0.039684375 0.369715625 0.0044624999999999995 0.3629984375 0 0.368084375 0 0.40739375000000005
4 0 0.45024218749999995 0.076321875 0.374271875 0.039034374999999996 0.3684734375 0 0.407390625 0 0.45024218749999995
4 0 0.45766093750000003 0.032337500000000005 0.46510468749999995 0.1163046875 0.37803437500000003 0.075778125 0.37362812500000003 0 0.44925781249999996 0 0.45766093750000003
4 0.1168671875 0.378459375 0.031070312500000002 0.46478281250000003 0.07252031249999999 0.4738015625 0.1579328125 0.385278125 0.1168671875 0.378459375
4 0.0723390625 0.4728359375 0.11487499999999999 0.4821765625 0.20106875 0.393059375 0.1577734375 0.3852234375 0.0723390625 0.4728359375
4 0.20121562499999998 0.39263125 0.1166859375 0.480565625 0.16019531250000002 0.4907296875 0.2468296875 0.400684375 0.20121562499999998 0.39263125
4 0.2934515625 0.4080921875 0.246103125 0.39971718749999996 0.1624796875 0.48990625000000004 0.20725312499999998 0.49958437499999997 0.2934515625 0.4080921875
4 0.3410703125 0.4155015625 0.29254531250000004 0.40712656249999996 0.208196875 0.498925 0.2577671875 0.5081703125 0.3410703125 0.4155015625
4 0.39115937500000003 0.42355312500000003 0.3414328125 0.41485625 0.2572640625 0.507621875 0.30915625 0.5183671875 0.39115937500000003 0.42355312500000003
4 0.44300468750000005 0.43063906249999995 0.390978125 0.4225875 0.30898125 0.5179296875 0.36056875 0.5279140625000001 0.44300468750000005 0.43063906249999995
4 0.5038703124999999 0.4383703125 0.45029375 0.42935156250000006 0.3707609375 0.5301734375 0.42526562500000004 0.541765625 0.5038703124999999 0.4383703125
4 0.4266 0.5396546875 0.4847546875 0.5538062499999999 0.56224375 0.44453125 0.5046375000000001 0.4379375 0.4266 0.5396546875
4 0.481771875 0.5538062499999999 0.5463890625000001 0.5653046875000001 0.6206421875 0.454109375 0.5593125 0.4476671875 0.481771875 0.5538062499999999
4 0.622934375 0.4538578125 0.5483765625 0.5653046875000001 0.6110046875 0.5803421875 0.6848390625 0.4636890625 0.622934375 0.4538578125
4 0.6100109375 0.5803421875 0.6815859375 0.593609375 0.751934375 0.4740046875 0.6855625 0.46358750000000004 0.6100109375 0.5803421875
4 0.6791 0.593609375 0.7536578125 0.6086453125 0.8235875 0.48431875 0.7526625 0.4733171875 0.6791 0.593609375
4 0.822746875 0.4821625 0.7541546875 0.6077609374999999 0.8326874999999999 0.6254515625 0.8993796875 0.4931609375 0.822746875 0.4821625
4 0.9013187500000001 0.49366093749999995 0.8347140625 0.6245671875000001 0.9196703125000001 0.639603125 0.9808453125 0.5086968749999999 0.9013187500000001 0.49366093749999995
4 1 0.5131484375 0.9808453125 0.5086968749999999 0.91821875 0.64225625 1 0.6591046875 1 0.5131484375
4 1 0.4938328125 0.9902890624999999 0.49366093749999995 0.98333125 0.50958125 1 0.5124796875000001 1 0.4938328125
4 0.9838281249999999 0.5078125 0.9887984375000001 0.49366093749999995 0.9278421874999999 0.4828453125 0.92020625 0.4954296875 0.9838281249999999 0.5078125
4 0.9192125000000001 0.4989671875 0.9266671875 0.48127812499999995 0.8648875 0.47252968749999996 0.858075 0.48658437499999996 0.9192125000000001 0.4989671875
4 0.85708125 0.488353125 0.864040625 0.4750859375 0.8056609375000001 0.46221562499999996 0.79594375 0.47950781249999996 0.85708125 0.488353125
4 0.7969390625 0.47950781249999996 0.80439375 0.464471875 0.7501625 0.454109375 0.7382875 0.4724328125 0.7969390625 0.47950781249999996
4 0.7376343750000001 0.47133593749999997 0.74790625 0.455715625 0.695909375 0.4476703125 0.6851578125 0.46302656249999996 0.7376343750000001 0.47133593749999997
4 0.684971875 0.4640234375 0.6946828125 0.4494015625 0.644634375 0.4407609375 0.6341765625 0.45671249999999997 0.684971875 0.4640234375
4 0.6343625 0.45671249999999997 0.6442609375 0.44142656249999995 0.5958515625 0.4349359375 0.5852468749999999 0.45039843749999997 0.6343625 0.45671249999999997
4 0.548809375 0.428465625 0.537790625 0.443753125 0.585971875 0.44973437499999996 0.5956953125 0.43438125000000005 0.548809375 0.428465625
4 0.5381640625 0.44342031249999997 0.548621875 0.42946249999999997 0.5035671875000001 0.421646875 0.49334375 0.4347796875 0.5381640625 0.44342031249999997
4 0.49315781249999996 0.43677343750000003 0.5043624999999999 0.42181875 0.461084375 0.4147265625 0.44983125 0.42946249999999997 0.49315781249999996 0.43677343750000003
4 0.44497656250000006 0.43511249999999996 0.46085000000000004 0.4155046875 0.41798124999999997 0.40974374999999996 0.4061328125 0.42547499999999994 0.44497656250000006 0.43511249999999996
4 0.3665203125 0.41916093749999994 0.405759375 0.4251421875 0.418084375 0.40919062500000003 0.377521875 0.40448281250000007 0.3665203125 0.41916093749999994
4 0.366334375 0.41916093749999994 0.3779125 0.4055359375 0.339546875 0.39866875 0.3284234375 0.41185 0.366334375 0.41916093749999994
4 0.3284234375 0.41284687499999995 0.3385078125 0.3998859375 0.30041093750000003 0.393571875 0.2908875 0.405203125 0.3284234375 0.41284687499999995
4 0.2905140625 0.40686406249999996 0.300225 0.39556562500000003 0.26399531249999997 0.38825468750000003 0.254096875 0.401215625 0.2905140625 0.40686406249999996
4 0.254284375 0.401546875 0.26380781249999996 0.38925156250000004 0.2278171875 0.38482812499999997 0.2174953125 0.39556562500000003 0.254284375 0.401546875
4 0.21824218750000002 0.3958984375 0.22776562500000003 0.3845984375 0.193271875 0.3787375 0.184253125 0.389915625 0.21824218750000002 0.3958984375
4 0.1611609375 0.3749609375 0.15126250000000002 0.383934375 0.18431718749999998 0.3902484375 0.1940484375 0.3795671875 0.1611609375 0.3749609375
4 0.1518234375 0.3845984375 0.1602265625 0.3749609375 0.1277734375 0.3701546875 0.11951562499999999 0.3786171875 0.1518234375 0.3845984375
4 0.11932968749999999 0.3786171875 0.126425 0.37130625 0.096340625 0.3662796875 0.08832812500000001 0.37396406249999997 0.11932968749999999 0.3786171875
4 0.0888890625 0.37462968750000003 0.0956125 0.36731875 0.065840625 0.3607421875 0.057701562500000005 0.36964375 0.0888890625 0.37462968750000003
4 0.057701562500000005 0.3709734375 0.06498437500000001 0.3623328125 0.036896875 0.3574203125 0.0280078125 0.3659890625 0.057701562500000005 0.3709734375
4 0 0.3620890625 0.0291296875 0.36665312499999997 0.0360390625 0.35768125 0.00733125 0.353821875 0 0.36141718749999996 0 0.3620890625
4 0 0.361665625 0.0078390625 0.35469062500000004 0 0.35319218750000003 0 0.361665625
4 0 0.35265 0.0078390625 0.3540703125 0.0705875 0.29724218750000003 0.0436953125 0.294584375 0 0.333725 0 0.35265
4 0 0.30670156249999997 0.0151109375 0.2923640625 0 0.29023125 0 0.30670156249999997
4 0 0.334328125 0.0418765625 0.2948546875 0.0149359375 0.2922578125 0 0.30752812500000004 0 0.334328125
4 0.008959375 0.3534046875 0.0367859375 0.3580578125 0.09851875 0.299284375 0.0709609375 0.296578125 0.008959375 0.3534046875
4 0.037159375 0.35772499999999996 0.0670390625 0.363375 0.12917499999999998 0.30260625 0.09897343750000001 0.29956875 0.037159375 0.35772499999999996
4 0.06591875 0.362709375 0.097853125 0.3657015625 0.1584296875 0.3073125 0.12791875 0.30322343749999997 0.06591875 0.362709375
4 0.097665625 0.366365625 0.129040625 0.37101875 0.19001875 0.31008125 0.15817343749999999 0.306546875 0.097665625 0.366365625
4 0.129040625 0.370353125 0.1607875 0.3746734375 0.2217640625 0.31312656250000004 0.1906671875 0.3098703125 0.129040625 0.370353125
4 0.2557921875 0.317846875 0.2224140625 0.31319375 0.1611609375 0.37500625 0.195309375 0.3781828125 0.2557921875 0.317846875
4 0.2559796875 0.31718125 0.19472499999999998 0.3793265625 0.2277796875 0.38497499999999996 0.28971874999999997 0.3200484375 0.2559796875 0.31718125
4 0.3274796875 0.32449218750000003 0.291525 0.320171875 0.2304578125 0.385640625 0.265603125 0.3889796875 0.3274796875 0.32449218750000003
4 0.3250515625 0.323828125 0.26491875 0.3892953125 0.302615625 0.3939625 0.3624015625 0.3288125 0.3250515625 0.323828125
4 0.3995453125 0.33313281250000004 0.3619140625 0.3291453125 0.30133437500000004 0.3949453125 0.3404296875 0.3995 0.3995453125 0.33313281250000004
4 0.33978593749999997 0.4002625 0.379190625 0.40624374999999996 0.43687812499999995 0.33665781250000004 0.398425 0.33313281250000004 0.33978593749999997 0.4002625
4 0.37862968750000003 0.404915625 0.4189671875 0.41056406250000005 0.47624843749999995 0.34025625000000004 0.4361484375 0.33678906249999996 0.37862968750000003 0.404915625
4 0.41990156250000005 0.4095671875 0.4604265625 0.4172109375 0.51841875 0.3449625 0.4764859375 0.3401125 0.41990156250000005 0.4095671875
4 0.4611734375 0.41555 0.5054328124999999 0.4221953125 0.5607453125 0.349115625 0.5181312499999999 0.3444328125 0.4611734375 0.41555
4 0.605675 0.3550671875 0.560896875 0.348753125 0.5044984375 0.42153124999999997 0.55031875 0.4285671875 0.605675 0.3550671875
4 0.5492765625 0.4298390625 0.5963375 0.43582031250000003 0.6500296875 0.3601890625 0.6043671875000001 0.3553984375 0.5492765625 0.4298390625
4 0.6986749999999999 0.364203125 0.6508671875 0.35955 0.5957765625 0.435984375 0.643771875 0.44246718749999997 0.6986749999999999 0.364203125
4 0.6984890625 0.364203125 0.6456390625 0.4406359375 0.6940062499999999 0.449609375 0.747896875 0.37067031250000004 0.6984890625 0.364203125
4 0.6951265624999999 0.44761562499999996 0.7490984375 0.4559234375 0.8011156250000001 0.3759296875 0.7474171875 0.370184375 0.6951265624999999 0.44761562499999996
4 0.7490984375 0.45525937499999997 0.8068031250000001 0.4638984375 0.8577578125 0.38174375 0.801575 0.3748359375 0.7490984375 0.45525937499999997
4 0.9145171875000001 0.3870453125 0.8569984375 0.379734375 0.8062015625000001 0.46381249999999996 0.8649156250000001 0.4708859375 0.9145171875000001 0.3870453125
4 0.86446875 0.472784375 0.9270296874999999 0.482421875 0.9724468749999999 0.394965625 0.9132093749999999 0.388375 0.86446875 0.472784375
4 1 0.398484375 0.9733437500000001 0.3946890625 0.92665625 0.48341874999999995 0.9901875 0.49324218750000004 1 0.4732953125 1 0.398484375
4 1 0.474609375 0.992975 0.4913953125 1 0.49169843750000003 1 0.474609375
4 1 0.31367500000000004 0.9967921875 0.3206609375 1 0.3215875 1 0.31367500000000004
4 1 0.3008609375 0.9725875 0.299284375 0.9614968749999999 0.318665625 0.9960453125000001 0.32198906250000003 1 0.3140765625 1 0.3008609375
4 0.9622437500000001 0.31933125 0.9717687500000001 0.2980625 0.9386640625 0.2962390625 0.9284421875 0.31567500000000004 0.9622437500000001 0.31933125
4 0.928815625 0.316671875 0.9390875 0.297396875 0.906296875 0.294025 0.8950140624999999 0.31434531250000003 0.928815625 0.316671875
4 0.8944546875 0.31401406249999997 0.9058453125 0.29473906250000004 0.874084375 0.2929171875 0.8630796875 0.3123515625 0.8944546875 0.31401406249999997
4 0.863453125 0.312684375 0.874471875 0.29340937500000003 0.843584375 0.29097968750000003 0.8318937500000001 0.3100265625 0.863453125 0.312684375
4 0.8318937500000001 0.3103578125 0.8429109374999999 0.291415625 0.8126187500000001 0.2890421875 0.80051875 0.3077 0.8318937500000001 0.3103578125
4 0.8009999999999999 0.30836406250000004 0.8123921875000001 0.289421875 0.7822734375 0.28738125000000003 0.7698125 0.307034375 0.8009999999999999 0.30836406250000004
4 0.7698125 0.30670312499999997 0.7826984375 0.28709531250000003 0.752903125 0.28599687500000004 0.7406796875 0.304709375 0.7698125 0.30670312499999997
4 0.740678125 0.30465156250000003 0.7539374999999999 0.28570937500000004 0.726409375 0.28378125 0.7130390625 0.301328125 0.740678125 0.30465156250000003
4 1 0.3223421875 0.9714265624999999 0.3199875 0.9582703125 0.34579375 0.9981312499999999 0.349896875 1 0.3454234375 1 0.3223421875
4 0.9574203125 0.3472375 0.9719859375000001 0.31965468750000003 0.932021875 0.31633125 0.9181234375 0.3427484375 0.9574203125 0.3472375
4 0.8786109375000001 0.3409234375 0.9174546875 0.3429171875 0.9314609375 0.3166640625 0.8932249999999999 0.31506406249999996 0.8786109375000001 0.3409234375
4 0.8786109375000001 0.34158750000000004 0.8933640625000001 0.315003125 0.8558781249999999 0.31146562499999997 0.8420078125 0.3376 0.8786109375000001 0.34158750000000004
4 0.8567609375 0.31167968749999997 0.8205328125 0.3100171875 0.8051484375 0.3361046875 0.8420078125 0.338265625 0.8567609375 0.31167968749999997
4 0.769578125 0.3336125 0.8046859375000001 0.3362703125 0.8213078125 0.3090203125 0.7855421875 0.307590625 0.769578125 0.3336125
4 0.7692046875 0.33327968750000003 0.7860109375000001 0.307359375 0.7512328125 0.3056515625 0.7340953125 0.3312859375 0.7692046875 0.33327968750000003
4 0.73428125 0.33161874999999996 0.7518359375 0.305696875 0.7177765625 0.302884375 0.7001062499999999 0.328959375 0.73428125 0.33161874999999996
4 0.66843125 0.32696562500000004 0.700553125 0.328959375 0.718853125 0.3030390625 0.6857203125 0.3009453125 0.66843125 0.32696562500000004
4 0.66843125 0.32696562500000004 0.6869203125000001 0.3007125 0.6550890625 0.2990078125 0.6355640625000001 0.3246390625 0.66843125 0.32696562500000004
4 0.634840625 0.3251015625 0.6542625 0.29984375 0.62355 0.2962390625 0.6049609375 0.322775 0.634840625 0.3251015625
4 0.6058953125000001 0.322775 0.6245703125000001 0.296853125 0.5949171875 0.294578125 0.57489375 0.320115625 0.6058953125000001 0.322775
4 0.5754546875 0.320115625 0.5950640625 0.2938625 0.5659734375000001 0.2918109375 0.544828125 0.31911875 0.5754546875 0.320115625
4 0.5453875 0.31911875 0.5655578125 0.29319843749999996 0.537340625 0.2904265625 0.5162546875 0.31679218750000004 0.5453875 0.31911875
4 0.516628125 0.3174578125 0.5369843750000001 0.289875 0.50933125 0.2884875 0.488615625 0.31479843750000003 0.516628125 0.3174578125
4 0.48917656249999997 0.3154640625 0.5100921875 0.28854531250000004 0.48381093750000004 0.28599687500000004 0.46153750000000004 0.312471875 0.48917656249999997 0.3154640625
4 0.4620984375 0.31313749999999996 0.48357343750000004 0.28721562500000003 0.4572015625 0.284059375 0.432778125 0.3108109375 0.4620984375 0.31313749999999996
4 0.43352500000000005 0.3108109375 0.45686875000000005 0.2838921875 0.43121406249999994 0.28239843750000004 0.40756718750000004 0.30815156250000003 0.43352500000000005 0.3108109375
4 0.4082390625 0.30948125000000004 0.43289062500000003 0.2825640625 0.4058484375 0.280459375 0.38209375 0.3058265625 0.4082390625 0.30948125000000004
4 0.4054375 0.28078125 0.3809734375 0.2787875 0.357609375 0.3051703125 0.381534375 0.3063703125 0.4054375 0.28078125
4 0.35757343750000004 0.30445937500000003 0.3829703125 0.277875 0.3574546875 0.27603125 0.3323609375 0.302465625 0.35757343750000004 0.30445937500000003
4 0.332175 0.302465625 0.3581328125 0.276878125 0.333178125 0.27409218750000003 0.30827031250000003 0.2998078125 0.332175 0.302465625
4 0.30901718749999996 0.300140625 0.33366875 0.2748828125 0.3098375 0.2716015625 0.28362031249999997 0.2978140625 0.30901718749999996 0.300140625
4 0.28492656250000004 0.29914375 0.310325 0.2718921875 0.2871171875 0.27049375000000003 0.2608359375 0.29681718749999997 0.28492656250000004 0.29914375
4 0.2602765625 0.29681718749999997 0.287728125 0.27023125000000003 0.264865625 0.2688328125 0.23730625 0.294490625 0.2602765625 0.29681718749999997
4 0.23730625 0.2948234375 0.26513125 0.2682375 0.24261249999999998 0.266340625 0.21545625 0.2931609375 0.23730625 0.2948234375
4 0.21528125 0.2939375 0.24347968749999999 0.2663546875 0.22129374999999998 0.2632953125 0.192684375 0.2906140625 0.21528125 0.2939375
4 0.19324531250000002 0.290946875 0.22125781249999998 0.26469375 0.200753125 0.261634375 0.1719546875 0.28795625 0.19324531250000002 0.290946875
4 0.172328125 0.28828906249999997 0.201834375 0.262034375 0.179278125 0.260528125 0.1512265625 0.2856296875 0.172328125 0.28828906249999997
4 0.152159375 0.2859625 0.1799859375 0.2610375 0.1582703125 0.25914375 0.13143125 0.283303125 0.152159375 0.2859625
4 0.13217812499999998 0.284965625 0.158321875 0.2593765625 0.1385078125 0.256928125 0.1108875 0.282971875 0.13217812499999998 0.284965625
4 0.110328125 0.28263906250000004 0.1389 0.2573828125 0.11921250000000001 0.2555453125 0.0905328125 0.2806453125 0.110328125 0.28263906250000004
4 0.089971875 0.28164218750000003 0.1200390625 0.25538906250000004 0.09976093750000001 0.25360625 0.07185781249999999 0.2789828125 0.089971875 0.28164218750000003
4 0.0716703125 0.279315625 0.10024375 0.2537265625 0.0810875 0.25166875 0.051315625 0.2779859375 0.0716703125 0.279315625
4 0.052809375000000006 0.2779859375 0.0810078125 0.252065625 0.0625703125 0.24945468750000002 0.0332 0.2759921875 0.052809375000000006 0.2779859375
4 0.0337609375 0.2769890625 0.06364062499999999 0.250071875 0.0443625 0.2486234375 0.0148984375 0.2739984375 0.0337609375 0.2769890625
4 0 0.273846875 0.01620625 0.2746625 0.044965624999999995 0.2487421875 0.0264671875 0.24696250000000003 0 0.270478125 0 0.273846875
4 0 0.27071718749999996 0.0268515625 0.24774531249999998 0.010284375 0.2458546875 0 0.2543734375 0 0.27071718749999996
4 0 0.2539265625 0.0089234375 0.2450859375 0 0.24411093749999999 0 0.2539265625
4 0 0.29012812499999996 0.005934375 0.2902828125 0.023043749999999998 0.2754765625 0.0025734375 0.27433125 0 0.2766015625 0 0.29012812499999996
4 0.00668125 0.2896171875 0.027784375 0.2932734375 0.0434296875 0.2782453125 0.0236765625 0.27532812500000003 0.00668125 0.2896171875
4 0.027225 0.292940625 0.049260937500000004 0.29460312499999997 0.0653703125 0.278521875 0.04403125 0.2776546875 0.027225 0.292940625
4 0.066815625 0.2786515625 0.048326562499999996 0.2942703125 0.07055 0.2979265625 0.0884015625 0.2807375 0.066815625 0.2786515625
4 0.08885156250000001 0.2803125 0.071484375 0.296928125 0.0929609375 0.2989234375 0.11189843749999999 0.28239843750000004 0.08885156250000001 0.2803125
4 0.111821875 0.281975 0.09389375 0.2999203125 0.1168640625 0.30191406249999997 0.13508437499999998 0.2848890625 0.111821875 0.281975
4 0.13572656249999998 0.2843 0.1177984375 0.30158125 0.1409546875 0.304571875 0.1593609375 0.2871046875 0.13572656249999998 0.2843
4 0.15944375 0.286959375 0.14114218750000002 0.3039078125 0.1642984375 0.30723124999999996 0.1830125 0.28931874999999996 0.15944375 0.286959375
4 0.18409375 0.28828906249999997 0.1657921875 0.3075625 0.1906296875 0.31088593750000004 0.20791093749999998 0.29153281249999996 0.18409375 0.28828906249999997
4 0.209678125 0.2922765625 0.1915640625 0.310221875 0.217709375 0.3128796875 0.234365625 0.2948546875 0.209678125 0.2922765625
4 0.2358359375 0.2947015625 0.21846875 0.31198281250000004 0.2429328125 0.31530625 0.26206406250000003 0.298178125 0.2358359375 0.2947015625
4 0.2623546875 0.2966953125 0.24367968750000002 0.31530625 0.270571875 0.3186296875 0.28976250000000003 0.299284375 0.2623546875 0.2966953125
4 0.2901796875 0.299021875 0.27131875 0.3186296875 0.29877031249999997 0.3212875 0.316371875 0.30122343749999997 0.2901796875 0.299021875
4 0.2982109375 0.3199578125 0.326596875 0.32427812500000003 0.3443828125 0.30343749999999997 0.3159515625 0.30168125 0.2982109375 0.3199578125
4 0.3254765625 0.32494375 0.35479531249999996 0.32726875 0.3739484375 0.30620625 0.344525 0.30400625 0.3254765625 0.32494375
4 0.353675 0.3276015625 0.3837421875 0.330925 0.4028921875 0.308696875 0.373096875 0.306665625 0.353675 0.3276015625
4 0.3831421875 0.3310265625 0.413396875 0.3346828125 0.43214687500000004 0.31201875 0.40293906249999994 0.3087609375 0.3831421875 0.3310265625
4 0.41395625 0.333684375 0.44514375 0.3370078125 0.4646703125 0.31367968749999997 0.4331921875 0.310090625 0.41395625 0.333684375
4 0.46446249999999994 0.313240625 0.445040625 0.336834375 0.47660156249999996 0.3408234375 0.49565000000000003 0.31656249999999997 0.46446249999999994 0.313240625
4 0.49770312499999997 0.3158984375 0.477721875 0.340490625 0.508909375 0.3438140625 0.5289375 0.3172796875 0.49770312499999997 0.3158984375
4 0.5287046875 0.31689531249999997 0.50965625 0.342484375 0.5417765625000001 0.34680468750000004 0.5628609375 0.3197703125 0.5287046875 0.31689531249999997
4 0.562215625 0.3197671875 0.54279375 0.3466859375 0.5758484375 0.35167031249999997 0.5971375 0.3214296875 0.562215625 0.3197671875
4 0.576221875 0.35100625 0.6130109375 0.353996875 0.63299375 0.325084375 0.5971375 0.3224265625 0.576221875 0.35100625
4 0.6117046875 0.3543296875 0.64849375 0.35931406250000003 0.67085625 0.327521875 0.6333671875 0.3244203125 0.6117046875 0.3543296875
4 0.64849375 0.35865 0.6871515625 0.3642984375 0.70898125 0.33056718749999997 0.67015625 0.3274109375 0.64849375 0.35865
4 0.7093640625 0.3290109375 0.6873265625 0.3642359375 0.7261703125000001 0.36822499999999997 0.749284375 0.3336125 0.7093640625 0.3290109375
4 0.7495140625000001 0.3323328125 0.7261703125000001 0.36789218749999997 0.7676296875 0.3718796875 0.79114375 0.3347203125 0.7495140625000001 0.3323328125
4 0.7685625 0.37021875 0.8103953125000001 0.37586718750000003 0.8323812500000001 0.3374890625 0.7907859375 0.335325 0.7685625 0.37021875
4 0.8337609374999999 0.3379828125 0.81004375 0.37553437500000003 0.8546765625000001 0.3801875 0.8771968749999999 0.339703125 0.8337609374999999 0.3379828125
4 0.8546765625000001 0.3808515625 0.9002437499999999 0.3855046875 0.9231031249999999 0.34357812499999996 0.8769 0.3403078125 0.8546765625000001 0.3808515625
4 0.8996828125 0.3858375 0.9473046875 0.3921515625 0.9704078125000001 0.3469015625 0.9230265624999999 0.34363125 0.8996828125 0.3858375
4 1 0.3492328125 0.9704609375000001 0.3479515625 0.948425 0.3911546875 0.9960453125000001 0.3981328125 1 0.38953125 1 0.3492328125