4 0 0 0 0.25870000000000004 0.14445468749999998 0.30834375 0.24825781249999998 0 0 0
4 0.2927875 0 0.17809375 0.317509375 0.1804234375 0.31918125 0.687153125 0.5001734375 0.9129265625 0.3064140625 0.40110156249999995 0 0.2927875 0
4 1 0.3575171875 0.9216468750000001 0.3124328125 0.70431875 0.500184375 0.70375625 0.5031890625 0.9830171875 0.5993171875 1 0.5896984375 1 0.3575171875
4 1 0.6264828125 0.8919171875 0.5928734375 0.7614 0.6726859375 0.9433468749999999 0.714934375 1 0.6854546874999999 1 0.6264828125
4 1 0.689771875 0.9472484375000001 0.713515625 0.9468937499999999 0.714934375 1 0.7276374999999999 1 0.689771875
4 0.8840999999999999 0.5895625 0.614184375 0.5039296875 0.49837968750000006 0.6122703125 0.498975 0.6132171875 0.7529312499999999 0.6695171875 0.8840999999999999 0.5895625
4 0.0837515625 0.5240234375 0.485534375 0.6129546875 0.5989921875 0.49828124999999995 0.1393109375 0.35162187500000003 0.0837515625 0.52324375 0.0837515625 0.5240234375
4 0 0.5041671875 0.059018749999999995 0.51934375 0.11750156249999999 0.3422609375 0 0.3051234375 0 0.5041671875
4 0 0.6224000000000001 0.0177984375 0.6252734375 0.047978124999999996 0.5261421875 0 0.5170421875 0 0.6224000000000001
4 0.03525625 0.625921875 0.3637953125 0.6797640625 0.432453125 0.603278125 0.0658125 0.5267906250000001 0.0341234375 0.623909375 0.03525625 0.625921875
4 0.6891765624999999 0.6599671875 0.4409484375 0.6096468749999999 0.3734203125 0.6795921875000001 0.37304375 0.6816046874999999 0.604296875 0.716325 0.6891765624999999 0.6599671875
4 0.8729234375000001 0.700890625 0.6967484374999999 0.660634375 0.6111125000000001 0.7174968749999999 0.6107359375 0.718 0.7812515624999999 0.7476875 0.8729234375000001 0.700890625
4 1 0.7334390625 0.8770953125000001 0.703034375 0.7881625 0.7484796874999999 0.9199343750000001 0.7735421875 0.9204359375 0.7738765625 1 0.7390046875 1 0.7334390625
4 0.002403125 0.69861875 0.2828734375 0.7261124999999999 0.3263046875 0.6770171875 0.021910937499999998 0.6308671875 0.0024296875 0.6971437500000001 0.002403125 0.69861875
4 0.3320515625 0.676121875 0.2925703125 0.7278265625 0.4984171875 0.7512703125 0.5509046875 0.7108046875 0.3320515625 0.676121875
4 0.5060296875 0.7525546875 0.662284375 0.7743921874999999 0.7215125 0.7393875000000001 0.556590625 0.7127328125 0.5048265625 0.752875 0.5060296875 0.7525546875
4 0.66905 0.7750343749999999 0.7966546875 0.7962296875 0.861178125 0.7647578125 0.727796875 0.7403515625 0.6700125 0.774071875 0.66905 0.7750343749999999
4 0.9298171875 0.7705390624999999 0.9192234375 0.776640625 0.8681812499999999 0.76700625 0.8058234375 0.7955875 0.9088703125 0.8142140625 0.908128125 0.8132765624999999 0.9798953125000001 0.7824203125 0.9298171875 0.7705390624999999
4 1 0.7914125000000001 0.9947046875 0.7906593749999999 0.9936265625 0.7829890625 0.9842828125 0.7820296875 0.911690625 0.8139062499999999 0.9988374999999999 0.8280468750000001 0.9993765625 0.827328125 1 0.8270234375 1 0.7914125000000001
4 0.6210875 0.7695671875000001 0.5795609374999999 0.794809375 0.702303125 0.8127078125 0.745965625 0.7894609375 0.6210875 0.7695671875000001
4 0.7512015625 0.7887515625 0.70484375 0.8129578125 0.809059375 0.8280578125 0.8087 0.8278171875 0.85595625 0.8060078125000001 0.7512015625 0.7887515625
4 0.859696875 0.8064421875000001 0.811003125 0.8268140624999999 0.8986875 0.8404765624999999 0.8988546875000001 0.8411359375 0.9475609374999999 0.8208234375 0.859696875 0.8064421875000001
4 0 0.8051015625 0.14730625 0.81171875 0.162953125 0.7862875 0.1571984375 0.7862875 0.158278125 0.77573125 0 0.76446875 0 0.8051015625
4 0.3358234375 0.79444375 0.3358234375 0.789165625 0.29049843750000004 0.786046875 0.290678125 0.79060625 0.2849234375 0.793725 0.25020937499999996 0.7908453125 0.24985 0.784128125 0.2027265625 0.78005 0.20146718749999998 0.7848484375 0.19697031250000002 0.7889265625 0.1707109375 0.7870078125 0.1529046875 0.8124375 0.1532640625 0.8121984375 0.309384375 0.8222734375 0.3358234375 0.79444375
4 0.33971874999999996 0.79685625 0.31569375 0.8225390625 0.44421875 0.8290031250000001 0.4787515625 0.8028531250000001 0.37443125 0.7920578125 0.37425156249999997 0.7973359375 0.3677765625 0.7994953125 0.33971874999999996 0.79685625
4 0.5711359375 0.7949359375 0.5652015625 0.7958953125 0.5387609375 0.7920578125 0.50710625 0.811490625 0.62275625 0.8263640625 0.6234765624999999 0.8266046875 0.6576500000000001 0.8066921875 0.5711359375 0.7949359375
4 0.7337296875 0.8361296875 0.7613796875000001 0.8216187500000001 0.661759375 0.8069000000000001 0.6291234375 0.8257640625 0.6286562499999999 0.8268000000000001 0.726878125 0.8392390625000001 0.7337296875 0.8361296875
4 0.7659015625000001 0.8218249999999999 0.7301562500000001 0.83903125 0.8154781249999999 0.849396875 0.8157 0.84955625 0.8527765625000001 0.8344703125 0.7659015625000001 0.8218249999999999
4 0 0.8258374999999999 0.118446875 0.83016875 0.11829062500000001 0.830790625 0.1304125 0.8125484374999999 0 0.8062687499999999 0 0.8258374999999999
4 0.12418437499999999 0.8317328125 0.2696515625 0.8383671874999999 0.286746875 0.820953125 0.1363078125 0.8126609374999999 0.12465156250000001 0.83131875 0.12418437499999999 0.8317328125
4 0.4153359375 0.8298671875 0.29085 0.8219890624999999 0.2743765625 0.8396109375 0.27496718750000004 0.839184375 0.3974640625 0.8452078125 0.4153359375 0.8298671875
4 0.419121875 0.8292453125 0.400784375 0.8445859375 0.5055328125 0.849975 0.5053765625 0.8501828124999999 0.5262015625 0.8373296874999999 0.419121875 0.8292453125
4 0.5288609375 0.8372453125 0.50896875 0.8505125 0.599884375 0.8588046874999999 0.5997296875 0.859840625 0.6224203125 0.8465734375 0.5288609375 0.8372453125
4 0.62604375 0.846221875 0.603665625 0.8592812500000001 0.68416875 0.867365625 0.6840140625 0.8669515625 0.7071703125 0.85555 0.62604375 0.846221875
4 0.5702328125 0.8566703125 0.5540812500000001 0.8671218749999999 0.632009375 0.8736796874999999 0.6495890625 0.8642671875 0.5702328125 0.8566703125
4 0.5683921875 0.8568359375 0.4767796875 0.8484140625000001 0.46180000000000004 0.85964375 0.46241875 0.8598078125 0.55143125 0.8672390625 0.5683921875 0.8568359375
4 0.3719671875 0.8441203125 0.35971406250000004 0.8545359375 0.46048437499999995 0.8591484375 0.47435 0.849075 0.3719671875 0.8441203125
4 0.368609375 0.8439546874999999 0.2514953125 0.8383406250000001 0.240725 0.8503953125000001 0.241159375 0.8505874999999999 0.355734375 0.8543593749999999 0.368609375 0.8439546874999999
4 0.109659375 0.8309093750000001 0.1014875 0.8452765624999999 0.2358109375 0.850065625 0.2356859375 0.85023125 0.246828125 0.83850625 0.109659375 0.8309093750000001
4 0 0.8433203125000001 0.0967078125 0.8460750000000001 0.105184375 0.8306234375000001 0 0.825728125 0 0.8433203125000001
4 0.524546875 0.8648359375 0.5099953125 0.8731265625000001 0.584165625 0.880853125 0.5843078125 0.880665625 0.600271875 0.8716203124999999 0.524546875 0.8648359375
4 0.5220281250000001 0.8642703125000001 0.43443437500000004 0.85899375 0.42341562499999996 0.8674734374999999 0.42341562499999996 0.86785 0.5074765625000001 0.8742578125 0.5220281250000001 0.8642703125000001
4 0.4326546875 0.8580515625 0.33319375 0.8537171875 0.32542343749999997 0.8620093750000001 0.3248578125 0.8620093750000001 0.4197984375 0.86785 0.4326546875 0.8580515625
4 0.3306328125 0.8537171875 0.2200125 0.8499484374999999 0.211959375 0.8591828125 0.320884375 0.8618203125000001 0.3306328125 0.8537171875
4 0.089909375 0.8458015624999999 0.08211093750000001 0.85880625 0.20886718750000002 0.8591828125 0.21692031250000002 0.850325 0.089909375 0.8458015624999999
4 0 0.857046875 0.0774203125 0.858428125 0.0843421875 0.8458015624999999 0 0.8431234375000001 0 0.857046875
4 0.5885 0.8233656249999999 0.56355 0.8394421875000001 0.6582312499999999 0.8494093749999999 0.68623125 0.8353859375000001 0.5885 0.8233656249999999
4 0.449459375 0.830815625 0.558875 0.8396234375 0.58465625 0.822846875 0.5002375 0.8150890625 0.5000796875 0.8113140624999999 0.4787 0.8094265625 0.4788578125 0.8056531250000001 0.4484796875 0.830446875 0.449459375 0.830815625