4 0.714753125 1 0.8330437500000001 0.8028171875 0.44437499999999996 0.434125 0.205915625 0.76240625 0.26975625000000003 1 0.714753125 1
4 1 0.215715625 0.65391875 0.14758906249999998 0.45239375 0.421553125 0.8476890625 0.768753125 1 0.49223437499999995 1 0.215715625
4 0.44775468749999997 0.42410625 0.6426515625 0.15159687500000002 0.45451406250000004 0.11152031250000001 0.3087328125 0.296240625 0.44775468749999997 0.42410625
4 0.2010359375 0.7547265624999999 0.4364890625 0.434125 0.2979203125 0.30388125 0.1312671875 0.5067671875 0.2010359375 0.7547265624999999
4 0.1248671875 0.4851109375 0.2825875 0.29920625 0.2174953125 0.229075 0.09561875 0.3748265625 0.1248671875 0.4851109375
4 0.0951375 0.37200937500000003 0.217934375 0.225734375 0.173996875 0.1876640625 0.0749296875 0.298746875 0.0951375 0.37200937500000003
4 0.289471875 0.2845609375 0.4290421875 0.1142421875 0.33578593749999996 0.091978125 0.22316093750000002 0.2230578125 0.289471875 0.2845609375
4 0.2202125 0.22228750000000003 0.331334375 0.092953125 0.270909375 0.0811125 0.1793859375 0.183640625 0.2202125 0.22228750000000003
4 0.174125 0.1813015625 0.2637390625 0.07838125 0.224821875 0.06745156249999999 0.14545468749999999 0.1528828125 0.174125 0.1813015625
4 0.269884375 0.076559375 0.3400390625 0 0.2837109375 0.0009625 0.2267609375 0.0617453125 0.269884375 0.076559375
4 0.34731718749999996 0 0.2769234375 0.07441718750000001 0.3369171875 0.088690625 0.41317812500000006 0 0.34731718749999996 0
4 0.41317812500000006 0.0000640625 0.3395171875 0.08715 0.43510312500000003 0.10815468749999999 0.5219359375 0 0.41317812500000006 0.0000640625
4 0.5470671874999999 0 0.46002187499999997 0.1052625 0.6523578125 0.1403265625 0.7563500000000001 0 0.5470671874999999 0
4 1 0.0041875 0.7744265625 0 0.663521875 0.1431078125 1 0.19454375 1 0.0041875