4 1 0.7526125 0.6991953125 0.5712640625 0.1911640625 0.7824093750000001 0.352634375 1 0.7908593749999999 1 1 0.7947421875 1 0.7526125
4 1 0.5029046875 0.9395703125000001 0.4727453125 0.7041937500000001 0.568265625 1 0.745653125 1 0.5029046875
4 0.7441859375 0.386309375 0.49458906249999995 0.440246875 0.6991953125 0.564190625 0.934146875 0.4722515625 0.7441859375 0.386309375
4 0.179603125 0.7714828125000001 0.6921968749999999 0.564190625 0.4862390625 0.43827499999999997 0.0093390625 0.5382078124999999 0.179603125 0.7714828125000001
4 0.3470953125 0.35025 0.49223906250000005 0.44011562499999995 0.7371875 0.386153125 0.5922171875 0.3221953125 0.3470953125 0.35025
4 0.234265625 0.2822078125 0.34164374999999997 0.3486296875 0.5871890625 0.3230203125 0.474559375 0.27073125 0.234265625 0.2822078125
4 0.3827453125 0.2296484375 0.1481765625 0.230821875 0.231146875 0.2819359375 0.473490625 0.27073125 0.3827453125 0.2296484375
4 0.0794390625 0.19077968750000002 0.1457078125 0.2294765625 0.380578125 0.230009375 0.3010421875 0.19479531249999998 0.0794390625 0.19077968750000002
4 0.0224 0.15477812500000002 0.0763140625 0.189459375 0.3037109375 0.19479531249999998 0.2375203125 0.16545 0.0224 0.15477812500000002
4 0 0.1883921875 0.071509375 0.1883921875 0.017595312499999998 0.153178125 0 0.15379062500000001 0 0.1883921875
4 0 0.2318953125 0.1419703125 0.23054375 0.0747125 0.189459375 0 0.187521875 0 0.2318953125
4 0 0.2916578125 0.22577656250000003 0.28180625 0.14303749999999998 0.22898437500000002 0 0.2312140625 0 0.2916578125
4 0 0.3836578125 0.333603125 0.34956718750000004 0.22577656250000003 0.2823390625 0 0.293725 0 0.3836578125
4 0 0.5247515625 0.0069203125 0.5347921875 0.484134375 0.43768593750000007 0.3389421875 0.3485828125 0 0.38898125 0 0.5247515625