4 0.72020625 0 0.7808984375 0.1910984375 1 0.07652187499999999 1 0 0.72020625 0
4 0.42090468750000004 0 0.5743078125000001 0.2946328125 0.7628874999999999 0.1970578125 0.7036328125 0 0.42090468750000004 0
4 0.1729578125 0 0.42875781249999995 0.37081875000000003 0.43139843750000006 0.36886562500000003 0.5660453125 0.3044 0.4115921875 0 0.1729578125 0
4 0.10564218750000001 0 0.040799999999999996 0.0944 0.319334375 0.4333296875 0.3173546875 0.4362609375 0.42031875 0.37277187500000003 0.16471875 0 0.10564218750000001 0
4 0 0.2357578125 0.22971875000000003 0.47532968750000004 0.22707812500000002 0.4782609375 0.3102421875 0.4313765625 0.038309375 0.10123750000000001 0 0.157928125 0 0.2357578125
4 0 0.362828125 0.1575671875 0.5107796875 0.15724218750000002 0.5092296875 0.22557187500000003 0.4772984375 0 0.2386421875 0 0.362828125
4 0 0.4547734375 0.0988 0.539446875 0.09808125 0.5410437499999999 0.15598125000000002 0.5123046875 0 0.36550781250000003 0 0.4547734375
4 0 0.5238171875 0.04871875 0.5675625 0.0476390625 0.568628125 0.0947515625 0.5430828125 0 0.457353125 0 0.5238171875
4 0 0.5808015625 0.0097859375 0.59006875 0.00870625 0.5890046875 0.0461078125 0.5682484375 0 0.5257734375 0 0.5808015625
4 1 0.1098609375 0.7866625 0.2156890625 0.8968093749999999 0.5628703125000001 1 0.5416515625 1 0.1098609375
4 0.7278109374999999 0.592284375 0.883728125 0.5619484375 0.7748265625 0.2221359375 0.585025 0.31146250000000003 0.7278109374999999 0.592284375
4 0.7194296875 0.5925921875 0.5744328125 0.319084375 0.43690468750000006 0.38446875 0.597459375 0.6220625 0.7194296875 0.5925921875
4 0.49284999999999995 0.6457015625 0.5870171875 0.6236984375 0.4326875 0.3897890625 0.3300078125 0.444121875 0.49284999999999995 0.6457015625
4 0.3214265625 0.44394062500000003 0.2392828125 0.4844609375 0.40410625 0.6604296875 0.40419375 0.6640359375 0.4850921875 0.644696875 0.3214265625 0.44394062500000003
4 0.4001125 0.6639 0.23545937499999997 0.4879234375 0.16745000000000002 0.522059375 0.3305125 0.678025 0.3305734375 0.6784343749999999 0.4001125 0.6639
4 0.1643625 0.523825 0.11106875000000001 0.5526640625 0.268165625 0.6886187500000001 0.2673703125 0.6892078125000001 0.327028125 0.676259375 0.1643625 0.523825
4 0.1081765625 0.5491328125 0.05925781249999999 0.5744390625 0.21476406250000002 0.7015671875 0.213171875 0.6992125 0.26606874999999997 0.6897953125 0.1081765625 0.5491328125
4 0.1674546875 0.7122953125 0.20859375 0.7007 0.05825781249999999 0.5759265625000001 0.0180890625 0.5947609375 0.1674546875 0.7122953125
4 0 0.6249984375000001 0.1263546875 0.7204453125 0.1259578125 0.7216218750000001 0.1641375 0.7104390625 0.0177796875 0.5956718750000001 0 0.604715625 0 0.6249984375000001
4 0 0.6606421874999999 0.0878125 0.7272578125 0.1263453125 0.7198562500000001 0 0.624428125 0 0.6606421874999999
4 0 0.6936703125 0.0595640625 0.7356640624999999 0.085175 0.7269187500000001 0 0.6617609375 0 0.6936703125
4 1 0.600084375 0.9471093749999999 0.6074046875 0.9779546874999999 0.7158140625 1 0.7121859374999999 1 0.600084375
4 0.9402546875000001 0.606771875 0.8502906250000001 0.6238890625 0.8918453124999999 0.724690625 0.894415625 0.7253234375 0.9689578125 0.71518125 0.9402546875000001 0.606771875
4 0.845578125 0.6232546875 0.76589375 0.6378359375 0.8151609375 0.729128125 0.8155890625 0.7284937499999999 0.8845625 0.7208859375000001 0.845578125 0.6232546875
4 0.760753125 0.6333984375 0.6909234375 0.644809375 0.7453296875000001 0.7348343749999999 0.742759375 0.7361015625 0.8065921875000001 0.727859375 0.760753125 0.6333984375
4 0.6879125 0.6473453124999999 0.6266499999999999 0.660659375 0.6835578124999999 0.7434359374999999 0.6857703125 0.7418078125 0.740178125 0.7342 0.6879125 0.6473453124999999
4 0.6259484375000001 0.7460375 0.6779453125 0.7386515625000001 0.6231093750000001 0.6549671874999999 0.5682734375 0.666378125 0.6259484375000001 0.7460375
4 0.5682625 0.6657453125 0.5181390625 0.6765218749999999 0.5776875 0.749428125 0.5789734375 0.75133125 0.6256703124999999 0.744990625 0.5682625 0.6657453125
4 0.5162046874999999 0.6758875 0.4686515625 0.68603125 0.5299125 0.7538671875 0.5303421875 0.7519640625 0.571896875 0.745625 0.5162046874999999 0.6758875
4 0.4261125 0.69189375 0.48653124999999997 0.759571875 0.528515625 0.755134375 0.46639687500000004 0.6828624999999999 0.4261125 0.69189375
4 0.42505625 0.6938234375000001 0.386596875 0.6987359375 0.4482984375 0.7617921875 0.44885156249999997 0.7617921875 0.483990625 0.7585171875000001 0.42505625 0.6938234375000001
4 0.4124515625 0.7646421875 0.44580000000000003 0.7605640625000001 0.38714218749999996 0.6975078124999999 0.35145 0.7032406250000001 0.4124515625 0.7646421875
4 0.352759375 0.7052875000000001 0.314853125 0.7118390625 0.376365625 0.7669421875 0.37489374999999997 0.768753125 0.4114171875 0.766296875 0.352759375 0.7052875000000001
4 1 0.540428125 0.9312765625000001 0.5565484374999999 0.9450953125 0.6027484375000001 1 0.59401875 1 0.540428125
4 0.9276937500000001 0.5580625 0.8360796875000001 0.5822984375 0.8498984374999999 0.6209265625 0.8498984374999999 0.617896875 0.9394640624999999 0.60350625 0.9276937500000001 0.5580625
4 0.750240625 0.597065625 0.7657734375 0.6337546875 0.8407500000000001 0.6200515625 0.841646875 0.621378125 0.8282046875000001 0.579384375 0.750240625 0.597065625
4 0.6907921875 0.6470171875 0.759196875 0.6346390625 0.7436640625 0.597065625 0.671675 0.6090015625 0.6719734374999999 0.6143046875 0.69049375 0.6452484375 0.6907921875 0.6470171875
4 0.6878734375 0.646575 0.67025 0.6081171875 0.6039359375 0.623146875 0.6255375 0.65575 0.6878734375 0.646575
4 0.6034046875 0.624471875 0.54635 0.6355234375000001 0.5663640625 0.666025 0.5648703125 0.6669078125000001 0.6219234375 0.6567421875 0.6034046875 0.624471875
4 0.545740625 0.63685 0.49167500000000003 0.6443640625 0.5149734375 0.6753078125 0.5149734375 0.6735390625 0.563365625 0.66735 0.545740625 0.63685
4 0.4920375 0.6468171875000001 0.44364687500000005 0.6569843750000001 0.46485468750000003 0.6817390624999999 0.46395937500000006 0.6830640625 0.5120515625000001 0.6751078125000001 0.4920375 0.6468171875000001
4 0.42382187499999996 0.68914375 0.4634421875 0.6832796875 0.446428125 0.6559671875 0.400284375 0.66535625 0.42382187499999996 0.68914375
4 0.37901093750000003 0.693896875 0.4202515625 0.6901078125 0.40092812499999997 0.66535625 0.362284375 0.6734640625 0.37901093750000003 0.693896875
4 0.3616296875 0.6743171875 0.32558125000000004 0.682 0.3454796875 0.7016312499999999 0.3472109375 0.7024843749999999 0.3806640625 0.6982171875 0.3616296875 0.6743171875
4 0.31146406249999997 0.7081828125 0.3439609375 0.70495 0.325215625 0.68275625 0.2926265625 0.690865625 0.31146406249999997 0.7081828125
4 0.3158375 0.7127328125 0.286046875 0.7156203125 0.34775625 0.7691515625 0.3481109375 0.7683640625 0.37453125 0.7670515625000001 0.3158375 0.7127328125
4 0.2853375 0.7161453125 0.26015781250000003 0.71955625 0.319384375 0.77125 0.32009375 0.7725625 0.34385468750000003 0.7681015625 0.2853375 0.7161453125
4 0.25909375 0.7224421875 0.2348015625 0.727165625 0.29385 0.7723 0.29385 0.7736125 0.3156609375 0.7720374999999999 0.25909375 0.7224421875