4 0 0.9617765625000001 0.73966875 0.9883859375 0.5979703125 0.6917390625000001 0 0.6467609375000001 0 0.9617765625000001
4 1 0.7172234375000001 0.614471875 0.69291875 0.760534375 0.9883859375 1 0.9917203125 1 0.7172234375000001
4 0 0.642625 0.594746875 0.6870125 0.5342125 0.5512859375 0 0.50405 0 0.642625
4 1 0.5931578125 0.5487859375 0.5532734375 0.6095828125 0.6878078125 1 0.71955625 1 0.5931578125
4 1 0.56879375 0.9021343749999999 0.50904375 0.5090375 0.47278125 0.5417984375 0.5495640625 1 0.5923140625000001 1 0.56879375
4 0 0.5022265625 0.536728125 0.5523453125 0.5014093749999999 0.4727328125 0.049215625 0.42522656249999996 0 0.46501562500000004 0 0.5022265625
4 0.1084296875 0.3768828125 0.0507578125 0.4254203125 0.500865625 0.47028593750000003 0.47944531250000005 0.41771874999999997 0.1084296875 0.3768828125
4 0.149621875 0.34119375 0.1081234375 0.375978125 0.4781984375 0.416640625 0.4634953125 0.3796515625 0.149621875 0.34119375
4 0.4639640625 0.3781828125 0.45089375 0.35319687499999997 0.17995 0.3189375 0.1509296875 0.341684375 0.4639640625 0.3781828125
4 0.453834375 0.353403125 0.4430515625 0.33380624999999997 0.20609531250000002 0.3017796875 0.18099062500000002 0.31837499999999996 0.453834375 0.353403125
4 0.205825 0.301228125 0.443378125 0.3333171875 0.43649843749999995 0.3170984375 0.2224890625 0.288734375 0.205825 0.301228125
4 0.4348828125 0.3169046875 0.42932812499999995 0.302453125 0.2359171875 0.27726875 0.2231421875 0.2877546875 0.4348828125 0.3169046875
4 0.44457812499999994 0.328571875 0.6550109375 0.353803125 0.625240625 0.33486875 0.4373890625 0.3124046875 0.44457812499999994 0.328571875
4 0.65305 0.35331250000000003 0.44457812499999994 0.328571875 0.4536640625 0.34620625 0.685071875 0.37364375 0.65305 0.35331250000000003
4 0.729184375 0.399609375 0.6867062500000001 0.3738890625 0.452746875 0.3466984375 0.465103125 0.3704109375 0.729184375 0.399609375
4 0.731471875 0.399384375 0.465490625 0.3699890625 0.47695 0.3995171875 0.7896359375 0.4349015625 0.731471875 0.399384375