4 0.10677031249999999 0.4560546875 0.005207812500000001 0.7822265625 0.0026046875000000002 0.8115234375 0.0091140625 0.82421875 0.6276046875 0.8408203125 0.6302078125 0.8330078125 0.625 0.8212890625 0.59375 0.7685546875 0.5520828125 0.6806640625 0.4947921875 0.5791015625 0.4635421875 0.5126953125 0.44921875 0.5 0.1497390625 0.45703125 0.11588593750000001 0.453125 0.10677031249999999 0.4560546875
4 0.6549484375 0.841796875 0.9921875 0.8505859375 0.9973953124999999 0.8466796875 0.9947921875000001 0.7666015625 0.7565109375 0.546875 0.73828125 0.5390625 0.60546875 0.5234375 0.51171875 0.5078125 0.4778640625 0.505859375 0.4739578125 0.5087890625 0.6015625 0.7529296875 0.6549484375 0.841796875
4 0.4453125 0.4775390625 0.390625 0.3740234375 0.37890625 0.36328125 0.1549484375 0.322265625 0.1458328125 0.3251953125 0.11197968750000001 0.4365234375 0.11328125 0.447265625 0.3736984375 0.484375 0.4479171875 0.4912109375 0.4453125 0.4775390625
4 0.7135421875 0.5107421875 0.5950515625 0.404296875 0.44140625 0.375 0.4010421875 0.3720703125 0.4674484375 0.49609375 0.7018234375 0.53125 0.7291671875 0.5322265625 0.7291671875 0.5263671875 0.7135421875 0.5107421875
4 0.78515625 0.4375 0.6119796875 0.4091796875 0.6770828125 0.4736328125 0.7513015625 0.537109375 0.76953125 0.54296875 0.9127609375000001 0.564453125 0.9739578124999999 0.5693359375 0.93359375 0.537109375 0.78515625 0.4375
4 0.2122390625 0.265625 0.1666671875 0.2607421875 0.1497390625 0.3203125 0.34765625 0.357421875 0.3776046875 0.3583984375 0.3671875 0.3291015625 0.3424484375 0.29296875 0.2122390625 0.265625
4 0.3567703125 0.2978515625 0.3828125 0.3486328125 0.3997390625 0.3671875 0.5716140625 0.3984375 0.5859375 0.3974609375 0.5143234375 0.328125 0.37890625 0.298828125 0.3567703125 0.2978515625
4 0.66796875 0.359375 0.5377609375 0.33203125 0.5260421875 0.3330078125 0.6028640625 0.404296875 0.7708328125 0.4326171875 0.7734375 0.4306640625 0.7643234375 0.423828125 0.66796875 0.359375
4 0.1692703125 0.2412109375 0.1692703125 0.2548828125 0.1731765625 0.2578125 0.2330734375 0.267578125 0.33203125 0.2890625 0.3385421875 0.2880859375 0.3411453125 0.2841796875 0.328125 0.2568359375 0.325484375 0.24710468749999998 0.2955734375 0.2421875 0.2816609375 0.2388921875 0.24609375 0.232421875 0.1940109375 0.21875 0.1809890625 0.21875 0.1770828125 0.2216796875 0.1692703125 0.2412109375
4 0.5052078125 0.3232421875 0.5052078125 0.3193359375 0.4895828125 0.3037109375 0.45703125 0.27734375 0.35546875 0.25390625 0.3333328125 0.2529296875 0.34375 0.2783203125 0.3580734375 0.294921875 0.4127609375 0.3046875 0.4856765625 0.322265625 0.5052078125 0.3232421875
4 0.5169265625 0.326171875 0.6341140625 0.3515625 0.6510421875 0.3505859375 0.5924484375 0.30859375 0.4856765625 0.283203125 0.4739578125 0.2841796875 0.5169265625 0.326171875