4 1 0.6444921875 0.395 0.6900000000000001 0.25920624999999997 0.9742859375 1 0.9476359375 1 0.6444921875
4 0 0.9776171874999999 0.239209375 0.9742859375 0.3791859375 0.6911296874999999 0.00055625 0.7150000000000001 0 0.9776171874999999
4 1 0.50730625 0.456103125 0.5553984375 0.398090625 0.6854703125 1 0.6405484375 1 0.50730625
4 0 0.7174484375 0.383871875 0.68623125 0.442134375 0.557303125 0 0.5963859375 0 0.7174484375
4 0 0.595625 0.44883125 0.5537484375 0.480228125 0.4801640625 0.1035109375 0.5149171875 0 0.5781125 0 0.595625
4 1 0.49854843750000005 0.920890625 0.4345921875 0.4875375 0.48011875000000004 0.453690625 0.5564140625 1 0.5054015625 1 0.49854843750000005
4 0.9194125 0.43477812499999996 0.86414375 0.3882640625 0.5085875 0.427396875 0.488059375 0.47777343749999995 0.9194125 0.43477812499999996
4 0.8644375 0.3873953125 0.8246671875 0.3540609375 0.5238734375 0.39091718750000004 0.50978125 0.4263640625 0.8644375 0.3873953125
4 0.5359484375 0.3655640625 0.5234234375 0.3895078125 0.823415625 0.3545296875 0.795603125 0.33273125000000003 0.5359484375 0.3655640625
4 0.5434640625 0.34698125 0.5331312500000001 0.3657609375 0.79460625 0.3321921875 0.7705484375 0.3162890625 0.5434640625 0.34698125
4 0.5431515625000001 0.3465125 0.7708078125 0.315759375 0.7548375 0.3037875 0.5497453125 0.3309703125 0.5431515625000001 0.3465125
4 0.5566171875 0.3169328125 0.5512937499999999 0.330784375 0.7542109375 0.3028484375 0.7419687500000001 0.2927984375 0.5566171875 0.3169328125
4 0.3403375 0.36614375 0.5420015625 0.341965625 0.5488906250000001 0.326471875 0.36886562500000003 0.348 0.3403375 0.36614375
4 0.5420015625 0.341965625 0.342215625 0.36567500000000003 0.311528125 0.385159375 0.53329375 0.3588640625 0.5420015625 0.341965625
4 0.30996250000000003 0.38539375 0.269253125 0.41004218750000004 0.5223328125 0.382059375 0.5341734375 0.3593359375 0.30996250000000003 0.38539375
4 0.5219609375 0.38165625 0.26706093750000004 0.4098265625 0.21132187500000002 0.4438640625 0.5109796875 0.40995312500000003 0.5219609375 0.38165625