4 0 0.22148906249999997 0.1009484375 0.5454609375 0.110165625 0.5484203125 0.1444 0.5444734375 0.44724375 0.501053125 0.46172812499999993 0.4882234375 0.493328125 0.42111875000000004 0.5512640625 0.3184875 0.5933984375 0.2296703125 0.625 0.17638125 0.6302671875 0.1645390625 0.6276328125 0.1566453125 0.00219375 0.1734203125 0 0.177696875 0 0.22148906249999997
4 1 0.1495390625 0.9963124999999999 0.14677656249999999 0.655284375 0.1556578125 0.6012984375 0.2454609375 0.47226093750000003 0.4921703125 0.4762109375 0.49513125 0.5104453125 0.49315781249999996 0.6052500000000001 0.47736875 0.7395546875 0.4615796875 0.7579875 0.45368437500000003 0.998946875 0.23164531249999998 1 0.1992765625 1 0.1495390625
4 0.370875 0.5168421875 0.10753125 0.5543421875 0.106215625 0.565196875 0.14045000000000002 0.677696875 0.14966718750000002 0.6806578125 0.384759375 0.6366468750000001 0.3879921875 0.6283546875 0.44329375000000004 0.5237499999999999 0.44592656249999996 0.509934375 0.370875 0.5168421875
4 0.70295 0.469209375 0.46594218749999994 0.5047359375 0.3884484375 0.6361203125 0.4396078125 0.6271046874999999 0.5949796875 0.5974984375 0.7148 0.48993281250000004 0.7306015625 0.47414375 0.7306015625 0.4682234375 0.70295 0.469209375
4 0.9159937499999999 0.43592031249999996 0.7711546874999999 0.45763125000000004 0.752721875 0.46355312499999995 0.67766875 0.527696875 0.6118328125 0.5928296875 0.78695625 0.5642109375000001 0.9370609375000001 0.46355312499999995 0.9778796875 0.43098749999999997 0.9159937499999999 0.43592031249999996
4 0.3442765625 0.6453953125 0.1441359375 0.6828953125 0.161253125 0.74309375 0.2073375 0.7381593750000001 0.3465375 0.7086421875 0.3640265625 0.6740140625000001 0.38265 0.6398125 0.3442765625 0.6453953125
4 0.3892390625 0.6377015625 0.380090625 0.6537484375 0.35375625 0.705065625 0.376140625 0.704078125 0.5130796875 0.6744734375 0.5953234375 0.5993937500000001 0.3892390625 0.6377015625
4 0.602615625 0.5977625 0.5249296875 0.6698031249999999 0.5367796874999999 0.6707890625 0.6684515625 0.6431578124999999 0.7658890625 0.5780265625000001 0.7751046875000001 0.57111875 0.772471875 0.5691453125 0.602615625 0.5977625
4 0.32847499999999996 0.7142109375000001 0.2284046875 0.7359203125 0.1678359375 0.7457890625 0.1638859375 0.74875 0.1638859375 0.7625656249999999 0.17178593749999999 0.782303125 0.1757359375 0.7852625 0.188903125 0.7852625 0.241571875 0.771446875 0.2775390625 0.764909375 0.2916078125 0.7615796875 0.3199140625 0.756090625 0.324525 0.7467765625 0.33915625 0.7199625000000001 0.34390156250000004 0.7115234375 0.32847499999999996 0.7142109375000001
4 0.352440625 0.7497375 0.45514374999999996 0.726053125 0.51121875 0.6769765624999999 0.34884375 0.70915 0.32459375 0.7537171875 0.352440625 0.7497375
4 0.5923468749999999 0.6944734375 0.6607546875 0.646984375 0.5159765625 0.6767109375 0.4629796875 0.72418125 0.5923468749999999 0.6944734375
4 0.66758125 0.645259375 0.809525 0.620653125 0.943740625 0.5412109375 0.78493125 0.5672234375 0.66758125 0.645259375
4 0.806715625 0.6227625 0.666175 0.6459609375 0.596690625 0.6959625 0.6985 0.679003125 0.806715625 0.6227625
4 0.4600109375 0.726671875 0.3253859375 0.7549609375 0.3068171875 0.7866265625 0.4237171875 0.7596046875 0.4600109375 0.726671875
4 0.3215875 0.7570718750000001 0.171346875 0.7870484375 0.1827421875 0.8216703125 0.30555 0.7866265625 0.3215875 0.7570718750000001
4 0.2819171875 0.826315625 0.19160468749999998 0.8503812500000001 0.19666875 0.858403125 0.278159375 0.8384874999999999 0.2819171875 0.826315625
4 0.2920453125 0.8090046875000001 0.1848515625 0.8322265625 0.19110312499999998 0.8485125 0.28402812499999996 0.826315625 0.2920453125 0.8090046875000001
4 0.30301875 0.7874703125 0.18358593750000002 0.8212484375000001 0.1852734375 0.83138125 0.290821875 0.8084125 0.30301875 0.7874703125
4 0.42160624999999996 0.7596046875 0.3072390625 0.7874703125 0.294578125 0.8068937500000001 0.3931796875 0.785725 0.42160624999999996 0.7596046875
4 0.35888437500000003 0.81949375 0.3612578125 0.8195593750000001 0.3718078125 0.8052046875000001 0.287403125 0.8250484374999999 0.2806515625 0.8372921874999999 0.35888437500000003 0.81949375
4 0.392065625 0.7874703125 0.294578125 0.807315625 0.2890921875 0.82378125 0.3747625 0.8039375 0.392065625 0.7874703125
4 0.5119203125 0.7431375 0.587884375 0.6979609375 0.462965625 0.7258265625 0.428359375 0.7583375 0.429625 0.7591828125 0.5119203125 0.7431375
4 0.51095 0.7457906249999999 0.4237 0.7616140625 0.39628593749999996 0.785875 0.47747343750000004 0.7692609375 0.51095 0.7457906249999999
4 0.45664999999999994 0.7856124999999999 0.477209375 0.7697890625 0.3960234375 0.786403125 0.37967968750000003 0.801171875 0.37970468749999997 0.8021843750000001 0.45664999999999994 0.7856124999999999
4 0.45691249999999994 0.7871937499999999 0.3754625 0.8046 0.3643921875 0.8180484375000001 0.4368796875 0.8003796875000001 0.45691249999999994 0.7871937499999999
4 0.6898078125 0.6847328125 0.5918171875 0.6979390624999999 0.5143890625 0.7444171875000001 0.5811546875 0.74365625 0.6898078125 0.6847328125
4 0.5781078125 0.7451796875000001 0.5146437500000001 0.7454328125 0.47962499999999997 0.770028125 0.53444375 0.770578125 0.5781078125 0.7451796875000001
4 0.532159375 0.7720921875 0.477325 0.770821875 0.4585390625 0.7860609375000001 0.5093125 0.78580625 0.532159375 0.7720921875