4 0.0851515625 0.46881093749999997 0.2597890625 0.3195703125 0.2171296875 0.2955859375 0.0893328125 0.39866718749999996 0.0851515625 0.46881093749999997
4 0.259553125 0.3200921875 0.41709687500000003 0.187653125 0.3397765625 0.1983140625 0.2125453125 0.2992765625 0.259553125 0.3200921875
4 0.41976250000000004 0.1863203125 0.551075 0.074390625 0.43709375 0.1117015625 0.3392859375 0.197609375 0.41976250000000004 0.1863203125
4 0.08513593750000001 0.465640625 0.0671546875 0.6527999999999999 0.37243750000000003 0.3649796875 0.267121875 0.31434531250000003 0.08513593750000001 0.465640625
4 0.3752984375 0.3752640625 0.6174796875 0.144296875 0.4219578125 0.18279218749999998 0.262221875 0.31148125000000004 0.3752984375 0.3752640625
4 1 0.6501390625 0.3830359375 0.36269999999999997 0.0688015625 0.6577531249999999 0.037565625000000005 1 0.8648609374999999 0.9965890625 0.9953140625 0.7833890625000001 1 0.6501390625
4 0.9992359375 0.62485 0.9975703125000001 0.086853125 0.631796875 0.14181875 0.3835421875 0.3629171875 0.9992359375 0.62485
4 0.6226328125 0.151134375 0.7726078125 0.00289375 0.5618093749999999 0.067853125 0.43041718749999996 0.1775 0.6226328125 0.151134375
4 0.7892718750000001 0 0.6314578125 0.1316671875 0.6384624999999999 0.139475 1 0.086175 1 0 0.7892718750000001 0
4 0.0916421875 0.401184375 0.21339999999999998 0.29725 0.1769625 0.27770625 0.0978890625 0.3368890625 0.0916421875 0.401184375
4 0.0957609375 0.339890625 0.1749140625 0.27826249999999997 0.142696875 0.252721875 0.0979859375 0.27930625 0.0957609375 0.339890625
4 0.5568484375 0.06983125 0.7729234375 0.0026515625000000003 0.642778125 0.0001390625 0.5568484375 0.06983125
4 0.5557375 0.0709421875 0.64405625 0.00042968750000000006 0.5871203125 0 0.439653125 0.11055625 0.5557375 0.0709421875