4 0.2710234375 0.46413281250000005 0.05232656249999999 0.7392078125 0.6736 0.8408562500000001 0.603678125 0.532484375 0.2710234375 0.46413281250000005
4 1 0.699496875 0.9156734375 0.5935515625 0.605796875 0.532484375 0.6863125 0.8472140625 1 0.9055171874999999 1 0.699496875
4 1 0.6119671875 0.9216484375 0.5960828125 1 0.693246875 1 0.6119671875
4 1 0.50543125 0.9963109375 0.5018796875 0.79449375 0.46508593749999994 0.9159921875 0.5943859375 1 0.6123390625 1 0.50543125
4 0.7926859375 0.46114375 0.5748593750000001 0.41771874999999997 0.599240625 0.5281890625 0.9125984375 0.5918390625 0.7926859375 0.46114375
4 0.3523984375 0.36823125 0.2768328125 0.463690625 0.5969781249999999 0.5290375 0.572090625 0.41701249999999995 0.3523984375 0.36823125
4 0 0.403834375 0.2675609375 0.462965625 0.3492328125 0.367790625 0.1128015625 0.3185671875 0 0.367059375 0 0.403834375
4 0.564490625 0.35691875 0.577746875 0.41871093750000005 0.7858984375 0.4602953125 0.7282031250000001 0.3924015625 0.564490625 0.35691875
4 0.3919890625 0.32015625000000003 0.3514953125 0.3694875 0.575484375 0.4178609375 0.561909375 0.355059375 0.3919890625 0.32015625000000003
4 0.391090625 0.3211125 0.21854374999999998 0.28268593750000004 0.11845781250000001 0.3202640625 0.353759375 0.366940625 0.391090625 0.3211125
4 0 0.36311875 0.1161953125 0.319415625 0 0.293828125 0 0.36311875
4 0 0.29410156249999997 0.11506406250000001 0.31771875 0.21477343750000003 0.28056562500000004 0.0404015625 0.24473281249999998 0 0.2506890625 0 0.29410156249999997
4 0.28135781249999997 0.25915937499999997 0.1412484375 0.22966406250000002 0.0392703125 0.24473281249999998 0.21913906249999998 0.281225 0.28135781249999997 0.25915937499999997
4 0.393353125 0.3202640625 0.4212109375 0.2904640625 0.2870140625 0.2583109375 0.22253281249999998 0.28207343749999997 0.393353125 0.3202640625
4 0.563040625 0.35590937500000003 0.5522375 0.3187421875 0.418240625 0.28886406249999996 0.396746875 0.3202640625 0.563040625 0.35590937500000003
4 0.6615828125000001 0.3215703125 0.685215625 0.3525140625 0.8175734374999999 0.3779734375 0.7734546875 0.3448765625 0.6615828125000001 0.3215703125
4 0.548465625 0.29329062499999997 0.556253125 0.32196250000000004 0.680690625 0.347421875 0.659196875 0.3211125 0.548465625 0.29329062499999997
4 0.43440781250000005 0.2699609375 0.421634375 0.287165625 0.556253125 0.319415625 0.550596875 0.29395625000000003 0.43440781250000005 0.2699609375
4 0.32411875 0.24380312499999998 0.2824890625 0.260009375 0.42389687499999995 0.291409375 0.43860312500000004 0.26934375 0.32411875 0.24380312499999998
4 0.20534687499999998 0.2169375 0.1501328125 0.2286078125 0.2824890625 0.2583109375 0.3232140625 0.2421859375 0.20534687499999998 0.2169375