2 0.748046875 0.8346359375000001 0.7626953125 0.8307296875000001 0.779296875 0.8059890624999999 0.78125 0.79296875 0.796875 0.77734375 0.7939453125 0.7708328125 0.7822265625 0.7708328125 0.78125 0.7565109375 0.7841796875 0.75 0.796875 0.7486984375 0.796875 0.7330734375 0.8173828125 0.7057296875 0.8251953125 0.7109375 0.8349609375 0.7083328125 0.83984375 0.72265625 0.8330078125 0.7317703125 0.828125 0.73046875 0.83203125 0.76171875 0.822265625 0.7877609375 0.8125 0.80078125 0.80078125 0.83203125 0.80078125 0.8424484375000001 0.8203125 0.82421875 0.8427734375 0.7786453125 0.8466796875 0.7786453125 0.849609375 0.7877609375 0.84375 0.79296875 0.841796875 0.8059890624999999 0.8466796875 0.8177078124999999 0.857421875 0.7799484375 0.8671875 0.7669265625 0.904296875 0.6731765625 0.9033203125 0.6614578125 0.7255859375 0.5885421875 0.6708984375 0.5677078125 0.6591796875 0.5677078125 0.4150390625 0.7526046875 0.40234375 0.7721359375 0.4326171875 0.7994796875 0.4404296875 0.7994796875 0.4521484375 0.8098953124999999 0.4638671875 0.8072921875000001 0.4638671875 0.8125 0.45703125 0.8138015624999999 0.4638671875 0.8203125 0.4814453125 0.8151046875000001 0.486328125 0.8190109375000001 0.4853515625 0.8229171875000001 0.4833984375 0.8177078124999999 0.4794921875 0.8229171875000001 0.4755859375 0.8203125 0.4736328125 0.8255203124999999 0.4912109375 0.8255203124999999 0.4951171875 0.8203125 0.498046875 0.8294265624999999 0.4873046875 0.8333328124999999 0.4892578125 0.8385421875000001 0.5107421875 0.8385421875000001 0.5107421875 0.84375 0.50390625 0.8450515624999999 0.5126953125 0.8489578124999999 0.5283203125 0.8463546875000001 0.5263671875 0.8541671875000001 0.51953125 0.85546875 0.5224609375 0.859375 0.5341796875 0.859375 0.5341796875 0.8671875 0.5478515625 0.8697921875000001 0.548828125 0.8763015624999999 0.5576171875 0.8828125 0.5673828125 0.8802078124999999 0.56640625 0.88671875 0.5810546875 0.890625 0.5830078125 0.9010421875000001 0.5966796875 0.9010421875000001 0.6005859375 0.9114578124999999 0.6123046875 0.9114578124999999 0.609375 0.91796875 0.6123046875 0.921875 0.6259765625 0.9244796875000001 0.6298828125 0.9322921875000001 0.6416015625 0.9322921875000001 0.6513671875 0.9453125 0.6591796875 0.9427078124999999 0.6611328125 0.953125 0.6767578125 0.953125 0.6787109375 0.9635421875000001 0.6904296875 0.9635421875000001 0.6943359375 0.9739578124999999 0.7158203125 0.9713546875000001 0.71875 0.9752609375000001 0.7060546875 0.9791671875000001 0.7080078125 0.984375 0.7197265625 0.984375 0.7216796875 0.9921875 0.7373046875 0.9947921875000001 0.775390625 0.9934890624999999 0.796875 0.9466140624999999 0.80859375 0.9049484375000001 0.7998046875 0.8958328124999999 0.796875 0.91015625 0.8037109375 0.9166671875000001 0.7822265625 0.9166671875000001 0.7646484375 0.8984375 0.7392578125 0.8932296875000001 0.7265625 0.87109375 0.748046875 0.8346359375000001
2 0.6826171875 0.5625 0.6943359375 0.5677078125 0.8916015625 0.6484375 0.912109375 0.65234375 0.962890625 0.5299484375 0.9560546875 0.5208328125 0.9462890625 0.5234375 0.8583984375 0.4973953125 0.8564453125 0.4921875 0.8251953125 0.4869796875 0.8232421875 0.4817703125 0.7841796875 0.4739578125 0.6796875 0.5533859375 0.6826171875 0.5625
2 0.1826171875 0.6145828125 0.2177734375 0.6354171875 0.2255859375 0.6354171875 0.3740234375 0.7395828125 0.39453125 0.74609375 0.6279296875 0.5729171875 0.640625 0.55859375 0.6279296875 0.5494796875 0.5380859375 0.5182296875 0.4775390625 0.4895828125 0.4619140625 0.4895828125 0.2236328125 0.5833328125 0.2060546875 0.5859375 0.17578125 0.60546875 0.1826171875 0.6145828125
2 0.4990234375 0.4713546875 0.486328125 0.48046875 0.4912109375 0.4869796875 0.5263671875 0.5026046875 0.65625 0.55078125 0.765625 0.4700515625 0.6201171875 0.4244796875 0.4990234375 0.4713546875
2 0.794921875 0.4674484375 0.8251953125 0.4817703125 0.962890625 0.5221359375 0.984375 0.4830734375 0.9873046875 0.4583328125 0.8486328125 0.421875 0.794921875 0.4674484375
2 0.634765625 0.4231765625 0.7548828125 0.4609375 0.77734375 0.4622390625 0.833984375 0.41796875 0.7216796875 0.3854171875 0.6435546875 0.4140625 0.634765625 0.4231765625
2 1 0.41796875 0.9892578125 0.4114578125 0.8896484375 0.390625 0.859375 0.4153640625 0.8603515625 0.421875 0.8681640625 0.4244796875 0.9794921875 0.4557296875 0.990234375 0.4544265625 1 0.44140625 1 0.41796875
2 0.875 0.38671875 0.7841796875 0.3619796875 0.7705078125 0.3645828125 0.736328125 0.3841140625 0.7490234375 0.3932296875 0.8310546875 0.4140625 0.845703125 0.4127609375 0.8740234375 0.3932296875 0.875 0.38671875
2 0.7587890625 0.3671875 0.763671875 0.3606765625 0.7548828125 0.3541671875 0.7275390625 0.3515625 0.6884765625 0.3385421875 0.6748046875 0.3385421875 0.619140625 0.3580734375 0.6259765625 0.3645828125 0.712890625 0.3815109375 0.7587890625 0.3671875
2 0.6201171875 0.359375 0.6025390625 0.359375 0.5244140625 0.3802078125 0.509765625 0.3893234375 0.6171875 0.4205734375 0.6943359375 0.390625 0.69921875 0.3815109375 0.6201171875 0.359375
2 0.2412109375 0.4375 0.2880859375 0.4270828125 0.2890625 0.4231765625 0.1904296875 0.3828125 0.0830078125 0.3932296875 0.0361328125 0.4036453125 0.0009765625 0.4036453125 0 0.48046875 0.013671875 0.48046875 0.2412109375 0.4375
2 0.314453125 0.4205734375 0.4462890625 0.3932296875 0.474609375 0.3815109375 0.3876953125 0.3541671875 0.3310546875 0.3645828125 0.2451171875 0.3697921875 0.208984375 0.37890625 0.2451171875 0.3984375 0.2548828125 0.3984375 0.3056640625 0.421875 0.314453125 0.4205734375
2 0.5939921874999999 0.353534375 0.505140625 0.331303125 0.503778125 0.33085 0.38871406249999996 0.35217343749999996 0.47994843749999994 0.3848390625 0.5939921874999999 0.353534375
2 0.6707703125 0.3349328125 0.587421875 0.31506249999999997 0.586684375 0.31315624999999997 0.50940625 0.331303125 0.5962156249999999 0.3539890625 0.6707703125 0.3349328125
2 0.1815828125 0.37894218749999997 0.101240625 0.3476375 0.0014953125 0.353534375 0.0008140625 0.40117343749999995 0.1815828125 0.37894218749999997
2 0.0001328125 0.35000156250000003 0.08660156249999999 0.344103125 0.0222609375 0.3168828125 0 0.3173359375 0.0001328125 0.35000156250000003
2 0.19539062499999998 0.37893750000000004 0.37275468749999996 0.3503546875 0.2913921875 0.32676249999999996 0.11198593750000001 0.3435484375 0.19539062499999998 0.37893750000000004
2 0.495353125 0.33168593749999997 0.42095625 0.311271875 0.4224140625 0.3107859375 0.299878125 0.32488125 0.3808390625 0.3511265625 0.495353125 0.33168593749999997
2 0.580428125 0.313703125 0.5118671875 0.2996078125 0.5125953125 0.2976640625 0.4272578125 0.3107859375 0.502384375 0.33168593749999997 0.580428125 0.313703125
2 0.2160515625 0.3049546875 0.0326109375 0.3132171875 0.0326109375 0.3141890625 0.09935000000000001 0.33994843750000003 0.28023750000000003 0.3243953125 0.2160515625 0.3049546875
2 0.41255 0.3098140625 0.3470625 0.291315625 0.34727031249999996 0.2923171875 0.2207234375 0.3049546875 0.2889203125 0.32585312499999997 0.41255 0.3098140625
2 0.5081140625 0.29717812499999996 0.4469125 0.2803734375 0.44721093749999996 0.27919375 0.35385 0.29085937500000003 0.41949531249999994 0.309328125 0.5081140625 0.29717812499999996
2 0.19991562499999999 0.3020375 0.143025 0.2821109375 0.00261875 0.2869703125 0.0015234375 0.301065625 0.02559375 0.31272968749999996 0.19991562499999999 0.3020375
2 0.336784375 0.28829375 0.28025625 0.27176875 0.28135 0.272740625 0.15225 0.28294687500000004 0.20877656249999998 0.301415625 0.336784375 0.28829375
2 0.43854531249999995 0.2786796875 0.3834765625 0.264584375 0.3834765625 0.26361249999999997 0.28865625 0.27430468750000003 0.342265625 0.2888859375 0.43854531249999995 0.2786796875