2 1 0.3137890625 0.9408984374999999 0.31996250000000004 0.939409375 0.31996250000000004 0.65735 0.48789375 0.9810859375 0.4739453125 1 0.459203125 1 0.3137890625
2 0.643953125 0.489009375 0.9267578125 0.3216359375 0.6893515625 0.34395312499999997 0.6886062500000001 0.34506875 0.3901734375 0.49849375 0.643953125 0.489009375
2 0.3799515625 0.501059375 0.676990625 0.350734375 0.475528125 0.36970000000000003 0.475996875 0.3700515625 0.1803625 0.5087859375 0.3799515625 0.501059375
2 0.169559375 0.5103953125 0.47128437500000003 0.37060781249999997 0.30355468750000003 0.3878171875 0.006515625 0.5181218750000001 0.169559375 0.5103953125
2 0 0.5169078125000001 0.290184375 0.39177343750000004 0.15571875 0.40511875 0 0.4664890625 0 0.5169078125000001
2 1 0.22049375000000002 0.9149453125000001 0.2313734375 0.911665625 0.23102187500000002 0.698959375 0.3430640625 0.9346234375 0.3174234375 1 0.278915625 1 0.22049375000000002
2 1 0.2829984375 0.9472734375 0.314965625 1 0.30915625 1 0.2829984375
2 0.68770625 0.345521875 0.9022859375 0.23368906250000002 0.71019375 0.2607328125 0.7087890625 0.25982343750000003 0.48436874999999996 0.3644890625 0.68770625 0.345521875
2 0.47905781249999996 0.36755625 0.6271093750000001 0.2976625 0.571825 0.306090625 0.6271093750000001 0.27448125 0.539028125 0.28326093750000003 0.540434375 0.2836125 0.31179687500000003 0.38406406249999997 0.47905781249999996 0.36755625
2 0.303809375 0.38582031250000004 0.5338499999999999 0.2850171875 0.3881421875 0.3071453125 0.3888984375 0.3065109375 0.1618484375 0.4012734375 0.303809375 0.38582031250000004
2 0.156653125 0.40306718750000003 0.3848171875 0.3064671875 0.2622640625 0.3236015625 0.261475 0.3236015625 0.031340625 0.415475 0.156653125 0.40306718750000003
2 0 0.46688437499999996 0.15262031250000002 0.4032453125 0 0.4191546875 0 0.46688437499999996
2 0 0.41972343749999996 0.026537500000000002 0.41460937500000006 0.250875 0.32653750000000004 0.1357609375 0.342384375 0 0.395290625 0 0.41972343749999996