1 1 0.31906406249999997 0.7911390625 0.004482812500000001 0.7664156249999999 0.0031640624999999998 0.748615625 0.01635 0.65565625 0.1139234375 0.6259890625 0.132384375 0.3985359375 0.356540625 0.375790625 0.3815921875 0.375790625 0.3895046875 0.5251187500000001 0.51213125 0.5824765625 0.54905 1 0.38439375 1 0.31906406249999997
0 0.8217953124999999 0.1139234375 0.8208062500000001 0.125790625 0.8475078125 0.12974687499999998 0.852453125 0.1152421875 0.8386078124999999 0.10733124999999999 0.8217953124999999 0.1139234375
0 0.712025 0.0625 0.696203125 0.0915078125 0.701146875 0.1060125 0.7278484375 0.083596875 0.7199359375000001 0.0598625 0.712025 0.0625
0 0.7911390625 0.10733124999999999 0.7931171875 0.1152421875 0.783228125 0.1205171875 0.7822390625 0.135021875 0.7753171875 0.13106562500000002 0.7713609375 0.1600734375 0.7822390625 0.171940625 0.8494859375000001 0.171940625 0.8573968750000001 0.15084375 0.8840984375 0.1521625 0.8742093750000001 0.14425156249999999 0.8712421875 0.127109375 0.8514640625000001 0.135021875 0.8564078125 0.1231546875 0.8514640625000001 0.1139234375 0.8445406249999999 0.1178796875 0.8465187500000001 0.13370312499999998 0.841575 0.135021875 0.8257515625 0.12183593749999999 0.817840625 0.127109375 0.801028125 0.10469375 0.7911390625 0.10733124999999999
0 0.7432703125 0.046054687500000004 0.7172140625 0.13835 0.698015625 0.2160234375 0.6939015625 0.258059375 0.7137859375 0.2589734375 0.7158421875000001 0.24069687499999998 0.7274984375 0.23155781250000002 0.737784375 0.2096265625 0.728184375 0.1922640625 0.7302421875 0.16119531250000002 0.7384703125 0.15388437500000002 0.7412124999999999 0.127384375 0.75766875 0.11641874999999999 0.763840625 0.0917453125 0.7569828125 0.0652453125 0.7713828125 0.0497109375 0.7665828125 0.0305203125 0.784409375 0.0149859375 0.7432703125 0.046054687500000004
0 0.9057734375000001 0.2745078125 0.901659375 0.2900421875 0.9188015625 0.2991796875 0.9284015625 0.314715625 0.9414296875 0.2900421875 0.9578859375000001 0.2882140625 0.974340625 0.2918703125 0.9551421875000001 0.26080000000000003 0.944171875 0.2598859375 0.9249734374999999 0.2489203125 0.9270296874999999 0.24800781249999998 0.9071453125 0.24709374999999997 0.9057734375000001 0.2745078125
0 0.756296875 0.2169375 0.7556125 0.2370421875 0.7480687500000001 0.2525765625 0.7364124999999999 0.2635421875 0.72475625 0.28364531249999997 0.75286875 0.32293906250000004 0.7782390625 0.32568125000000003 0.7768671875 0.2900421875 0.78578125 0.2726796875 0.7864671875 0.2370421875 0.791953125 0.2306453125 0.7967515625 0.22973125 0.789209375 0.2023171875 0.787153125 0.1959203125 0.7686390624999999 0.199575 0.756296875 0.2169375
0 0.6256671875 0.1470390625 0.60646875 0.1625734375 0.6078390625 0.1753671875 0.6037250000000001 0.19455625000000001 0.581784375 0.20278125 0.5714984375000001 0.22014375 0.5714984375000001 0.24664375 0.5920687499999999 0.25760937500000003 0.616753125 0.2594375 0.6277234375 0.2512125 0.651721875 0.249384375 0.6537796874999999 0.2247125 0.644865625 0.20735 0.6469234375 0.191815625 0.6640640624999999 0.1863328125 0.654465625 0.1561765625 0.6524078125 0.1561765625 0.6373234375 0.1561765625 0.6256671875 0.1470390625
0 0.53531875 0.25191093750000004 0.53531875 0.22541093750000002 0.507890625 0.25556718749999996 0.498978125 0.2756703125 0.5003484375 0.29211875 0.52571875 0.2976015625 0.53531875 0.2729296875 0.5188625 0.2802390625 0.5229765625 0.25648125 0.537375 0.25191093750000004 0.53531875 0.25191093750000004
0 0.6398343750000001 0.25105468750000004 0.648734375 0.2470984375 0.6467562499999999 0.2312765625 0.6398343750000001 0.25105468750000004
0 0.6566453125 0.2787453125 0.65565625 0.2958859375 0.6299453125000001 0.2853375 0.62104375 0.305115625 0.6279671875 0.311709375 0.653678125 0.3011609375 0.675434375 0.309071875 0.675434375 0.2958859375 0.6625796875 0.2945671875 0.674446875 0.28138125 0.666534375 0.2734703125 0.6566453125 0.2787453125
0 0.5409734375 0.33644375000000004 0.5190328125 0.315425 0.5176609375 0.3510640625 0.5135468750000001 0.35471875 0.5025765625 0.3410125 0.485434375 0.3483234375 0.495034375 0.3665984375 0.4826921875 0.382134375 0.47652031250000004 0.38761718749999996 0.480634375 0.4122890625 0.4977765625 0.417771875 0.520403125 0.4250828125 0.53823125 0.42416875000000004 0.54783125 0.4186859375 0.5718296875 0.41046250000000006 0.5773140625 0.38030624999999996 0.556059375 0.395840625 0.5505734375 0.3748234375 0.5670296875 0.37208125000000003 0.558115625 0.34558125 0.5402890625000001 0.3355296875 0.5409734375 0.33644375000000004
0 0.423721875 0.342840625 0.41412187500000003 0.3602015625 0.41755000000000003 0.3857890625 0.43194999999999995 0.38944375 0.44634843750000003 0.39218593749999997 0.46623281250000004 0.378478125 0.4710328125 0.37208125000000003 0.48406093749999995 0.3483234375 0.46897656249999997 0.32913281250000004 0.4580046875 0.3209078125 0.456634375 0.3199953125 0.4360640625 0.3309609375 0.423721875 0.342840625
0 0.70621875 0.351978125 0.6870203125 0.325478125 0.67330625 0.342840625 0.665078125 0.38030624999999996 0.6445078125 0.3994953125 0.6472515624999999 0.43787656249999996 0.67330625 0.443359375 0.6945625 0.43604843750000005 0.7171890624999999 0.4296515625 0.740503125 0.4168578125 0.7171890624999999 0.4022375 0.7261031250000001 0.383046875 0.7247312499999999 0.361115625 0.7041625 0.347409375 0.70621875 0.351978125
0 0.8344390625000001 0.2012 0.8440390624999999 0.2331828125 0.83306875 0.2505453125 0.838553125 0.27978749999999997 0.8508953125 0.2989765625 0.8742093750000001 0.3072015625 0.8899796875 0.30445937500000003 0.90300625 0.2944078125 0.899578125 0.262425 0.8906656249999999 0.24323437499999997 0.9050640624999999 0.2286140625 0.916034375 0.216734375 0.9078062499999999 0.1856640625 0.88929375 0.16647499999999998 0.8659812499999999 0.1701296875 0.8632375 0.172871875 0.8419828125000001 0.18018125000000002 0.8344390625000001 0.2012
0 0.7802718750000001 0.2989765625 0.7980984375 0.3053734375 0.7816421874999999 0.32365 0.7782140625 0.342840625 0.7830140625 0.3574609375 0.8083843749999999 0.3528921875 0.830325 0.3528921875 0.8543234375000001 0.3492359375 0.8584375 0.3327875 0.848153125 0.308115625 0.82346875 0.295321875 0.810440625 0.28435625 0.810440625 0.2880109375 0.7933 0.2807015625 0.7802718750000001 0.2989765625
0 0.568915625 0.4558578125 0.6011421875 0.4512875 0.6196546875 0.44306406249999997 0.613484375 0.40833906249999996 0.645025 0.38549375 0.6525671875 0.3516828125 0.64708125 0.3288375 0.610740625 0.31604375 0.5915421875 0.28954375 0.5737140625 0.29868125 0.559315625 0.3370625 0.5648015625 0.3553375 0.5860562500000001 0.374528125 0.5867421875 0.4037703125 0.5819421874999999 0.4302703125 0.5654859375 0.4522015625 0.568915625 0.4558578125
1 0.07494218750000001 0 0.051509375 0.1341 0.348446875 0.3732078125 0.7137078125 0.00139375 0.23389218750000002 0 0.07494218750000001 0
0 0.11471562500000002 0.0941453125 0.106803125 0.1178796875 0.12064843750000001 0.1363390625 0.12064843750000001 0.173259375 0.1295484375 0.171940625 0.1532828125 0.20886093749999998 0.16712812500000002 0.21149843750000002 0.1770171875 0.2299578125 0.184928125 0.2246828125 0.20668437499999998 0.2484171875 0.2264640625 0.24578125 0.2393203125 0.2312765625 0.2531640625 0.18644531250000002 0.23833125000000002 0.1587546875 0.22448593749999998 0.14557031250000002 0.21459687500000002 0.14820625 0.19778437499999998 0.128428125 0.20866250000000003 0.12447187500000001 0.210640625 0.1139234375 0.20272968750000003 0.1191984375 0.19284062500000002 0.0954640625 0.16910624999999999 0.1007390625 0.16020625 0.086234375 0.11471562500000002 0.0941453125
0 0.354034375 0.2022671875 0.3560125 0.22863906250000002 0.340190625 0.23391406250000002 0.3372234375 0.261603125 0.3243671875 0.2550109375 0.32337812499999996 0.2721515625 0.314478125 0.262921875 0.31744531249999997 0.25105468750000004 0.30755468750000003 0.258965625 0.29568906250000004 0.25632968749999996 0.283821875 0.2774265625 0.2699765625 0.2774265625 0.28085468750000003 0.268196875 0.26602031249999997 0.26687812499999997 0.26404218749999997 0.25632968749999996 0.263053125 0.2761078125 0.25613125000000003 0.2853375 0.252175 0.264240625 0.2373421875 0.2787453125 0.25613125000000003 0.2958859375 0.26404218749999997 0.2932484375 0.27195468749999996 0.309071875 0.3352453125 0.35917656249999996 0.3550234375 0.3644515625 0.5063296875 0.20490468750000002 0.501384375 0.1930375 0.4954515625 0.2062234375 0.4914953125 0.1983125 0.45985 0.2062234375 0.45589375 0.1983125 0.44402656250000005 0.20358593749999998 0.43809375 0.195675 0.432159375 0.2062234375 0.41040312500000004 0.1983125 0.4133703125 0.2101796875 0.4044703125 0.214134375 0.4005140625 0.20095000000000002 0.3787578125 0.20886093749999998 0.35996875 0.1890828125 0.354034375 0.2022671875
1 0.046656249999999996 0.15406718749999998 0.0069984375 0.3821640625 0.21154531250000003 0.505484375 0.210153125 0.508265625 0.3395609375 0.385871875 0.046656249999999996 0.15406718749999998
0 0.059875 0.184665625 0.0494390625 0.210628125 0.0744859375 0.23566250000000002 0.0890953125 0.2560609375 0.10579374999999999 0.2458625 0.128753125 0.2727515625 0.1120546875 0.271825 0.1197078125 0.30613125 0.16562656250000002 0.3404390625 0.16701875 0.3497109375 0.1976296875 0.3552734375 0.21571875000000001 0.3552734375 0.2059796875 0.32374843750000004 0.185803125 0.31169531250000004 0.16701875 0.2875875 0.17745468749999999 0.286659375 0.1753671875 0.2560609375 0.1405796875 0.23195468749999998 0.11901250000000001 0.22268125 0.10440156249999999 0.20228281250000002 0.0870078125 0.2124828125 0.07309375 0.1985734375 0.063353125 0.184665625 0.059875 0.184665625
0 0.050134374999999995 0.26694375 0.03135 0.270653125 0.039003125 0.296615625 0.036915625 0.32814062499999996 0.05430937500000001 0.333703125 0.0682234375 0.3587390625 0.0884 0.369865625 0.10301093750000001 0.3652296875 0.1231875 0.3652296875 0.139884375 0.3578109375 0.1412765625 0.31886875 0.10788125 0.3068140625 0.0911828125 0.2789984375 0.0905515625 0.2785140625 0.065440625 0.25210937499999997 0.050134374999999995 0.26694375
0 0.2358953125 0.363375 0.24215781249999999 0.3476125 0.263725 0.3652296875 0.313121875 0.3809921875 0.29433750000000003 0.35688437500000003 0.208065625 0.28270625 0.1983265625 0.30495937500000003 0.21154531250000003 0.3420484375 0.2358953125 0.363375
0 0.157278125 0.453315625 0.1718875 0.484840625 0.1997171875 0.49782187499999997 0.22198125000000002 0.49782187499999997 0.22128593749999997 0.471859375 0.238678125 0.4477515625 0.2345046875 0.4190078125 0.2129359375 0.3930453125 0.1927609375 0.3578109375 0.164234375 0.373575 0.16214843750000002 0.3939734375 0.1433625 0.39860937500000004 0.1259703125 0.417153125 0.1412765625 0.44033437500000006 0.15866875 0.453315625 0.157278125 0.453315625
0 0.258634375 0.4235109375 0.2952640625 0.4219609375 0.30805625000000003 0.40568906250000003 0.2935203125 0.389415625 0.2749140625 0.37856718749999996 0.2551453125 0.390965625 0.258634375 0.4235109375
1 0.354359375 0.394178125 0.2213546875 0.5185109375 0.384615625 0.6168 0.385246875 0.6201609375 0.56300625 0.558834375 0.354359375 0.394178125
0 0.5371625 0.5571546875 0.5245546875 0.534471875 0.50123125 0.526071875 0.47916875000000003 0.5143109375 0.46025937499999997 0.505909375 0.435675 0.4941484375 0.4035265625 0.49246875 0.42306718749999994 0.5185109375 0.450803125 0.5386734375 0.43819687500000004 0.5512734375 0.4186546875 0.5630359375 0.39785312500000003 0.5663953125 0.376421875 0.563875 0.363184375 0.555475 0.3203203125 0.5311125 0.29762656249999997 0.5227109375000001 0.279978125 0.5033890624999999 0.257284375 0.4907875 0.235221875 0.5176703125000001 0.25917500000000004 0.5319515625 0.2812375 0.5462328125 0.30393125 0.5563140625 0.3329265625 0.5756359375 0.36003281249999997 0.5974781250000001 0.3839859375 0.6042 0.40037500000000004 0.6067203125 0.41739531249999995 0.5991593749999999 0.447021875 0.58991875 0.4722359375 0.583196875 0.48484218749999997 0.57395625 0.4917765625 0.56555625 0.4917765625 0.5479140625000001 0.5119484375 0.555475 0.5106875 0.558834375 0.5201421875000001 0.5680765625 0.5371625 0.5571546875
0 0.349946875 0.43450156250000005 0.3077125 0.5000296875 0.3486859375 0.5336328124999999 0.384615625 0.54959375 0.39659218749999997 0.5420328125 0.418025 0.536153125 0.41613437500000006 0.5176703125000001 0.398484375 0.5033890624999999 0.38335625 0.4706265625 0.4035265625 0.47230625000000004 0.4218078125 0.4546640625 0.349946875 0.43450156250000005
1 1 0.41540625000000003 0.5879484374999999 0.5682875000000001 0.735846875 0.68459375 0.737684375 0.6870421875 1 0.6495421875 1 0.41540625000000003
0 0.8964531250000001 0.4850671875 0.9003546874999999 0.50846875 0.909621875 0.51301875 0.9242531250000001 0.53056875 0.9442515625000001 0.5292687500000001 0.961809375 0.51756875 0.9779046875 0.51171875 0.9896109375 0.50001875 0.9769296875 0.46491718750000005 0.9404140625 0.47215625 0.9140109375 0.4805171875 0.8964531250000001 0.4850671875