2 0 0.7462921875 0.364621875 0.977534375 0.7666671875 0.6249328125 0.23261875 0.5030765625 0 0.623709375 0 0.7462921875
2 0.2415828125 0.49701874999999995 0.7769859375 0.6117203124999999 1 0.4158734375 0.47833125 0.381615625 0.2415828125 0.49701874999999995
2 1 0.2858375 0.661025 0.288125 0.48353437499999996 0.37611875 1 0.40768125 1 0.2858375
2 1 0.2070203125 0.8029437500000001 0.22026875 0.6649859375 0.2858359375 1 0.2836234375 1 0.2070203125
2 0.0000921875 0.6082578125 0.2153640625 0.50291875 0 0.45889375 0.0000921875 0.6082578125
2 0 0.45275 0.229396875 0.49686250000000004 0.4651515625 0.38020156250000003 0.18843125 0.36138125 0 0.43895 0 0.45275
2 0.3549265625 0.29471250000000004 0.197628125 0.359290625 0.4265734375 0.37425312499999996 0.47141093749999996 0.37527187500000003 0.6471125 0.28969374999999997 0.3549265625 0.29471250000000004
2 0.3737390625 0.28802343750000003 0.6597921875 0.284890625 0.783521875 0.221325 0.5058281250000001 0.2353296875 0.3737390625 0.28802343750000003
2 1 0.155334375 0.9202 0.16331562500000002 0.8058859375 0.2163046875 1 0.206965625 1 0.155334375
2 0.789165625 0.2179765625 0.9013984374999999 0.16486875 0.628859375 0.1891234375 0.5070109375 0.23345 0.789165625 0.2179765625
2 0.722246875 0.15228906250000002 0.6386828125 0.18619375 0.9055781250000001 0.16152187499999998 0.9831203125 0.1213734375 0.722246875 0.15228906250000002
2 0 0.43473125 0.18207500000000001 0.361803125 0.021998437500000002 0.3504265625 0 0.35859375 0 0.43473125
2 0.1892203125 0.3589671875 0.3532515625 0.2937296875 0.1811265625 0.294125 0.0262984375 0.3486765625 0.1892203125 0.3589671875
2 0.1772265625 0.291684375 0.35498124999999997 0.2917125 0.4938359375 0.23817968750000001 0.31693906250000003 0.24483749999999999 0.1772265625 0.291684375
2 0.43106875 0.20611406250000003 0.30865468749999997 0.24470156250000002 0.49356875 0.236684375 0.6022234375 0.1932015625 0.43106875 0.20611406250000003
2 1 0.1200890625 0.999003125 0.12051562499999999 0.9183296875 0.160265625 1 0.1550609375 1 0.1200890625