4 0.312428125 0 0.41425 0.502621875 0.4177328125 0.502178125 0.8579687500000001 0.502621875 1 0.08601875 1 0 0.312428125 0
4 0.84625625 0.5304781249999999 0.4211625 0.5262609375 0.47040781249999997 0.8228781250000001 0.4709734375 0.8228781250000001 0.7421046875 0.8242828125000001 0.84625625 0.5304781249999999
4 0.7432015625 0.8323296875 0.47430000000000005 0.8298671875 0.5004765625 0.9549609374999999 0.501665625 0.9564390625 0.6967984375 0.9579171875 0.7432015625 0.8323296875
4 1 0.8312078125 0.7489859375 0.8307499999999999 0.7033750000000001 0.95830625 0.8985078124999999 0.9647078125 0.8989046875 0.9627375 1 0.8517515625 1 0.8312078125
4 1 0.530621875 0.8629312499999999 0.528353125 0.7566015625 0.8194203124999999 1 0.821203125 1 0.530621875
4 1 0.140725 0.86988125 0.5073578125 1 0.5083234375 1 0.140725
2 0 0 0 0.5112046875 0.3929984375 0.5016546875000001 0.27889375 0 0 0
2 0 0.530934375 0.1979703125 0.8128609375 0.1963921875 0.8167828125 0.465640625 0.8236453125000001 0.40247343750000003 0.527540625 0 0.529496875 0 0.530934375
2 0 0.8116703125000001 0.1917375 0.8165296874999999 0 0.5580421875 0 0.8116703125000001
2 0.4662171875 0.8323031249999999 0.2100078125 0.827115625 0.30469375 0.951609375 0.303765625 0.9527609375000001 0.49638593750000004 0.9550671875000001 0.4662171875 0.8323031249999999
2 0 0.8482468750000001 0.1208765625 0.9446484375 0.29285625 0.9515640624999999 0.1983625 0.82495 0 0.821553125 0 0.8482468750000001
2 0 0.9402078125 0.108078125 0.945515625 0 0.8579578124999999 0 0.9402078125