2 0.26533281249999996 1 0.61255625 0.7618375000000001 0.3436703125 0.5580390625 0.082953125 0.6648562499999999 0.1491171875 0.825725 0.1542125 0.813496875 0.1521734375 0.799909375 0.146059375 0.794475 0.1491171875 0.7849640625000001 0.15319218750000002 0.7849640625000001 0.17662968750000002 0.83251875 0.1970109375 0.8515406249999999 0.1970109375 0.8406703125 0.1847828125 0.8080609375 0.1745921875 0.794475 0.1644015625 0.7673 0.16847812499999998 0.7346921875 0.1633828125 0.73605 0.15625 0.7265406249999999 0.1613453125 0.71159375 0.1715359375 0.7143109375 0.1796875 0.7088765625 0.2010875 0.737409375 0.2010875 0.7537140625000001 0.21433437500000002 0.755071875 0.217390625 0.761865625 0.21637187500000002 0.7768109375 0.20414374999999998 0.7768109375 0.2010875 0.7836046875 0.217390625 0.799909375 0.2194296875 0.813496875 0.23675312499999998 0.8393109375 0.2520375 0.8433875000000001 0.27445624999999996 0.88143125 0.261209375 0.9045296875 0.23471406250000001 0.9099640625 0.21637187500000002 0.9289859375 0.19758124999999999 0.9423953125000001 0.21931250000000002 1 0.26533281249999996 1
2 0.338078125 0.55263125 0.2195140625 0.46260781250000005 0.0228953125 0.5205546875 0.077659375 0.6601296875 0.338078125 0.55263125
2 0.624584375 0.75416875 0.8619140625 0.5982375 0.543834375 0.47618906250000004 0.3503390625 0.55326875 0.624584375 0.75416875
2 0.2211765625 0.4607234375 0.34792812500000003 0.5506875 0.5420265625 0.47411562500000004 0.38599375 0.4125953125 0.2211765625 0.4607234375
2 0 0.46405624999999995 0.0228953125 0.5193 0.171815625 0.47619375 0.219921875 0.4615453125 0.15340937500000001 0.40923125000000005 0 0.45233749999999995 0 0.46405624999999995
2 0.153828125 0.408828125 0.2220140625 0.4607234375 0.38432187500000003 0.4125953125 0.28476093750000003 0.3728359375 0.153828125 0.408828125
2 0 0.45191875000000004 0.15048125 0.40881249999999997 0.1078125 0.37533125 0.0003390625 0.40181093749999997 0 0.40213124999999994 0 0.45191875000000004
2 0.10906875 0.3740921875 0.1521546875 0.408828125 0.28434375 0.3719984375 0.22326875 0.34647031250000004 0.10906875 0.3740921875
2 0.379415625 0.3528984375 0.3865484375 0.3461046875 0.32846406250000004 0.325725 0.3141984375 0.325725 0.2734375 0.33931093749999997 0.2449046875 0.3420296875 0.235734375 0.348821875 0.240828125 0.355615625 0.28872343749999996 0.37056093749999997 0.379415625 0.3528984375
2 0.5006796875 0.3787140625 0.48539374999999996 0.36920312499999997 0.403871875 0.3474640625 0.3855296875 0.3474640625 0.3029890625 0.37056093749999997 0.308084375 0.380071875 0.3885875 0.41132187499999995 0.5006796875 0.3787140625
2 1 0.39365937500000003 0.9949046875 0.39365937500000003 0.9459921874999999 0.382790625 0.8339000000000001 0.3719203125 0.730978125 0.414040625 0.731996875 0.418115625 0.7809109375000001 0.42898593749999997 1 0.47035937499999997 1 0.39365937500000003
2 0.7136546874999999 0.41268125 0.76664375 0.388225 0.776834375 0.388225 0.8145374999999999 0.36784374999999997 0.776834375 0.3583328125 0.6871609375000001 0.3528984375 0.6280578125 0.3420296875 0.5373640625 0.37056093749999997 0.566915625 0.382790625 0.704484375 0.41132187499999995 0.7136546874999999 0.41268125
2 0.5317937500000001 0.3740359375 0.6269953125 0.33995000000000003 0.5069265625 0.3176984375 0.50550625 0.318171875 0.41279062499999997 0.3413703125 0.5317937500000001 0.3740359375
2 0.41047031250000005 0.34184375 0.5010546875 0.318171875 0.4204171875 0.299234375 0.41964687500000003 0.30122499999999997 0.332675 0.321959375 0.41047031250000005 0.34184375
2 1 0.339534375 0.926965625 0.335215625 0.8431312500000001 0.36788125 1 0.3871734375 1 0.339534375
2 1 0.3070921875 0.9422421875 0.331528125 1 0.33546875 1 0.3070921875
2 0.6436468750000001 0.3380515625 0.8287218749999999 0.3678765625 0.915753125 0.33094999999999997 0.7285468749999999 0.3134328125 0.6436468750000001 0.3380515625
2 0.6352109375 0.3388578125 0.7196921875 0.3114703125 0.5918281249999999 0.2967625 0.59335 0.29727031249999997 0.51571875 0.3185703125 0.6352109375 0.3388578125
2 0.50838125 0.3185703125 0.5867734375 0.2967625 0.4977265625 0.28306875 0.4984875 0.28509843749999997 0.42694375000000007 0.29980625 0.50838125 0.3185703125
2 0.7401875 0.3109625 0.9289390624999999 0.3271921875 0.9985796875 0.3003125 0.9985796875 0.29929843749999996 0.8071640625000001 0.29067656249999996 0.7401875 0.3109625
2 0.7311265625 0.31248437500000004 0.8022890625000001 0.29067656249999996 0.6702390625 0.277490625 0.6704578125 0.27644531250000004 0.6021203125000001 0.2957484375 0.7311265625 0.31248437500000004
2 0.594875 0.29524062500000003 0.6633734375 0.27596875 0.565953125 0.26379687500000004 0.566265625 0.2650265625 0.5024015625 0.2825625 0.594875 0.29524062500000003
2 1 0.2708765625 0.883365625 0.266840625 0.8240000000000001 0.287634375 1 0.2984296875 1 0.2708765625
2 0.8147546875 0.28698437499999996 0.8737390625 0.2677125 0.739025 0.2570625 0.7401671875 0.2560484375 0.6811828125 0.2732921875 0.8147546875 0.28698437499999996
2 0.6754609375 0.273909375 0.7314015625 0.2586953125 0.632459375 0.24753750000000002 0.632459375 0.24855156250000002 0.574996875 0.26325937499999996 0.6754609375 0.273909375