2 0.57759375 0.7475296874999999 0.9719843750000001 0.8049015624999999 0.951153125 0.46437343750000004 0.703471875 0.47731406249999997 0.57759375 0.7475296874999999
2 0.7025765625 0.48288125 0.52065625 0.492134375 0.328471875 0.7226859375 0.574815625 0.7549328125 0.7025765625 0.48288125
2 0.52065625 0.490284375 0.3679 0.5013875 0.1513890625 0.6995375 0.3262390625 0.7197703125 0.52065625 0.490284375
2 0.1478890625 0.7018578125 0.36605625 0.50531875 0.253853125 0.5142078125 0.020521875000000002 0.6880515625 0.1478890625 0.7018578125
2 0.51911875 0.49265468749999997 0.7027296875 0.4819640625 0.7633390624999999 0.3608046875 0.6207296875 0.377434375 0.51911875 0.49265468749999997
2 0.37650937500000003 0.5009703125 0.51911875 0.49265468749999997 0.6207296875 0.376246875 0.49831250000000005 0.3955 0.37650937500000003 0.5009703125
2 0.26242187499999997 0.5140359375 0.38096562500000003 0.49978125 0.5004015625 0.39525156250000004 0.3924546875 0.41332812499999994 0.26242187499999997 0.5140359375
2 0.2606390625 0.5176000000000001 0.392553125 0.4142578125 0.2954 0.4285109375 0.1673671875 0.5203015625 0.2606390625 0.5176000000000001
2 0.2018125 0.44514062499999996 0.08326718749999999 0.529478125 0.0797015625 0.5306656249999999 0.161703125 0.5259140625 0.2936171875 0.42613593749999995 0.2018125 0.44514062499999996
2 0.0797015625 0.5306656249999999 0.2009203125 0.443953125 0.166159375 0.4487046875 0.0030499999999999998 0.533040625 0.0797015625 0.5306656249999999
2 0.157246875 0.52235 0.003940625 0.6256921875 0 0.685084375 0.018201562499999997 0.685084375 0.255290625 0.5140359375 0.157246875 0.52235
2 0 0.6280671875 0.152790625 0.52235 0.07168125 0.531853125 0 0.5829296875 0 0.6280671875
2 0.0013375 0.5351578124999999 0 0.5829296875 0.068115625 0.528290625 0.0013375 0.5351578124999999
2 0.7630343749999999 0.360184375 0.7984234375 0.29226874999999997 0.6792265625 0.309821875 0.6218281250000001 0.37716249999999996 0.7630343749999999 0.360184375
2 0.5007937499999999 0.3950859375 0.6204125 0.37810625 0.679159375 0.310190625 0.5811296875 0.3271703125 0.5007937499999999 0.3950859375
2 0.3971015625 0.4139515625 0.49937812499999995 0.39744375 0.5797140625 0.32905625 0.48809375 0.3481671875 0.3971015625 0.4139515625
2 0.405359375 0.364684375 0.3142890625 0.4243265625 0.40170312499999994 0.4120640625 0.48486874999999996 0.34980781250000004 0.4055953125 0.365371875 0.405359375 0.364684375
2 0.24563281250000002 0.433978125 0.31582499999999997 0.4246609375 0.4034984375 0.36480625 0.338634375 0.37799375 0.24563281250000002 0.433978125
2 0.172396875 0.44652343749999995 0.2474296875 0.4350546875 0.3368015625 0.3769921875 0.27542656249999997 0.386959375 0.172396875 0.44652343749999995
2 0.7979703125000001 0.285528125 0.9407406249999999 0.25834843749999997 0.937553125 0.215028125 0.821678125 0.24138281250000002 0.7979703125000001 0.285528125
2 0.68196875 0.3110109375 0.7973328125 0.28892656250000004 0.821553125 0.2396609375 0.7188890625 0.26369375 0.68196875 0.3110109375
2 0.5806281249999999 0.3288484375 0.6806953124999999 0.3110109375 0.7163875 0.2617453125 0.6288484375000001 0.28281718749999996 0.5806281249999999 0.3288484375
2 0.4885484375 0.3473890625 0.5795109375 0.3286375 0.6279375 0.284159375 0.5502734375 0.30172656249999996 0.4885484375 0.3473890625
2 0.4083828125 0.363959375 0.490184375 0.3473890625 0.5494078124999999 0.3007296875 0.47500625 0.31917968750000003 0.4083828125 0.363959375
2 0.4083828125 0.363959375 0.47415 0.31948125 0.41200937499999996 0.3300875 0.337378125 0.3766046875 0.4083828125 0.363959375
2 0.4178703125 0.3286375 0.480040625 0.3168640625 0.53435625 0.2811078125 0.47746093749999996 0.29518125 0.4178703125 0.3286375
2 0.536975 0.27892656250000003 0.4784046875 0.3177359375 0.5494078124999999 0.3007296875 0.5964984375 0.2662734375 0.536975 0.27892656250000003
2 0.5994703125 0.2641015625 0.5530078125 0.2998578125 0.6299015625 0.2845953125 0.669165625 0.24709374999999997 0.5994703125 0.2641015625
2 0.6700359375 0.244640625 0.631659375 0.2829984375 0.720746875 0.264125 0.74633125 0.22881093749999998 0.6700359375 0.244640625
2 0.7495296875 0.22698437500000002 0.7216609375 0.2616890625 0.82125625 0.23916093749999998 0.8357187500000001 0.208815625 0.7495296875 0.22698437500000002
2 0.8358765625 0.209328125 0.8217140625000001 0.2403796875 0.9359296875 0.216025 0.9356703124999999 0.1821609375 0.8358765625 0.209328125
2 0.75044375 0.22576718750000002 0.8354203124999999 0.20810937499999999 0.8491250000000001 0.1825375 0.7711765625 0.2012 0.75044375 0.22576718750000002
2 0.673690625 0.2428140625 0.749071875 0.22759374999999998 0.7700890625000001 0.1989765625 0.695784375 0.21871562500000002 0.673690625 0.2428140625
2 0.599678125 0.2647328125 0.6750609375 0.244640625 0.692421875 0.21906875 0.633528125 0.23623124999999998 0.599678125 0.2647328125
2 0.5380015625000001 0.2793453125 0.599678125 0.2659515625 0.6334859374999999 0.2355078125 0.57184375 0.2514609375 0.5380015625000001 0.2793453125
2 0.4776953125 0.29335 0.5352609375 0.2805640625 0.56906875 0.2507296875 0.52158125 0.2644078125 0.4776953125 0.29335