2 0 0.8343734375 0.7263578125000001 0.8177171875000001 0.7507984375000001 0.49791718749999997 0.1311109375 0.58375 0 0.7194453125 0 0.8343734375
2 0.7552421875 0.49625312499999996 0.7707953125 0.34135 0.2838890625 0.43791718749999997 0.130884375 0.5745359375 0.7552421875 0.49625312499999996
2 0.7685734375 0.34468125 0.7796828125 0.25140625 0.372778125 0.34625 0.2864171875 0.43462500000000004 0.7685734375 0.34468125
2 0.7840484375 0.2508734375 0.7860765625 0.1931 0.4392703125 0.2782390625 0.37944218749999997 0.3405734375 0.7840484375 0.2508734375
2 0.787090625 0.1931 0.7901328125 0.15281093750000002 0.48960156250000003 0.22743281249999997 0.44636875 0.2759578125 0.787090625 0.1931
2 0.7901328125 0.15129062499999998 0.795203125 0.1193640625 0.53016875 0.19130156250000002 0.4960578125 0.2280671875 0.7901328125 0.15129062499999998
2 0.53155 0.1931 0.7982453125 0.12012343750000001 0.8023015625 0.09351875 0.5605953125 0.1618265625 0.53155 0.1931
2 0.8012874999999999 0.09503906250000001 0.8023015625 0.07679375000000001 0.5846828125 0.13710625 0.5650140625 0.1588921875 0.8012874999999999 0.09503906250000001
2 0.5863078125000001 0.13684687499999998 0.8012874999999999 0.0775546875 0.803315625 0.061590624999999996 0.6011625 0.1199921875 0.5863078125000001 0.13684687499999998
2 0.6126734375 0.1102421875 0.4960578125 0.14749062500000001 0.47692500000000004 0.163728125 0.5923921875 0.1322859375 0.6126734375 0.1102421875
2 0.587321875 0.1360875 0.47476250000000003 0.1649734375 0.42710156250000003 0.2052625 0.5498031250000001 0.1710546875 0.587321875 0.1360875
2 0.547775 0.17409531250000002 0.42304531250000005 0.2060234375 0.3400078125 0.26926875 0.49200156249999993 0.2303484375 0.547775 0.17409531250000002
2 0.48794531250000006 0.23414843749999997 0.333809375 0.26987656250000003 0.22124843749999998 0.361096875 0.3987078125 0.3200484375 0.48794531250000006 0.23414843749999997
2 0.3962953125 0.32319375 0.21074375 0.3621828125 0.007381250000000001 0.52088125 0.24166875000000002 0.47914843749999997 0.3962953125 0.32319375
2 0 0.7159484375 0.2360453125 0.47914843749999997 0 0.522353125 0 0.7159484375