2 0.10026093750000001 0.482421875 0.09114531249999999 0.4833984375 0.0598953125 0.6279296875 0.0442703125 0.6708984375 0.0442703125 0.6943359375 0.0364578125 0.7041015625 0.0260421875 0.7705078125 0.0260421875 0.7802734375 0.0325515625 0.78515625 0.10026093750000001 0.80078125 0.26953125 0.82421875 0.6158859375 0.884765625 0.6341140625 0.884765625 0.69921875 0.8984375 0.7942703125 0.9111328125 0.796875 0.9033203125 0.7890625 0.8955078125 0.7578125 0.8232421875 0.6875 0.6865234375 0.6731765625 0.669921875 0.6393234375 0.66015625 0.6341140625 0.65234375 0.62109375 0.654296875 0.2122390625 0.517578125 0.10026093750000001 0.482421875
2 0.0078125 0.8251953125 0.0026046875000000002 0.8740234375 0.00390625 1 0.8489578124999999 0.9990234375 0.8229171875000001 0.9462890625 0.8033859375000001 0.93359375 0.6419265625 0.91015625 0.52734375 0.88671875 0.4674484375 0.880859375 0.30859375 0.853515625 0.26171875 0.849609375 0.07421875 0.8203125 0.0169265625 0.814453125 0.0078125 0.8251953125
2 0.09375 0.4638671875 0.10026093750000001 0.46875 0.4049484375 0.56640625 0.47265625 0.591796875 0.5377609375 0.609375 0.6080734375 0.638671875 0.6236984375 0.640625 0.65234375 0.65234375 0.6614578125 0.6513671875 0.6614578125 0.6416015625 0.6015625 0.5224609375 0.5872390625 0.5078125 0.23046875 0.36328125 0.1393234375 0.322265625 0.12890625 0.3203125 0.125 0.3232421875 0.11458281249999999 0.3779296875 0.09895781249999999 0.4130859375 0.09375 0.4638671875
2 0.79296875 0.828125 0.7916671875 0.8330078125 0.8619796875000001 0.9619140625 0.8880203124999999 0.9990234375 0.9973953124999999 0.9990234375 0.9973953124999999 0.8740234375 0.98828125 0.869140625 0.79296875 0.828125
2 0.8033859375000001 0.681640625 0.7799484375 0.669921875 0.76171875 0.666015625 0.75390625 0.669921875 0.7356765625 0.654296875 0.6927078125 0.6416015625 0.6953125 0.6533203125 0.7057296875 0.6591796875 0.7135421875 0.6923828125 0.7708328125 0.7802734375 0.7838546875 0.7919921875 0.7838546875 0.7978515625 0.7786453125 0.7998046875 0.7890625 0.8056640625 0.7903640625 0.8125 0.8346359375000001 0.826171875 0.87109375 0.830078125 0.8763015624999999 0.8359375 0.8919265624999999 0.8359375 0.8971359375000001 0.841796875 0.9127609375000001 0.841796875 0.91796875 0.845703125 0.9361984375000001 0.84375 0.9388015624999999 0.849609375 0.95703125 0.853515625 0.9752609375000001 0.8515625 0.98046875 0.859375 0.9921875 0.8583984375 0.9973953124999999 0.7880859375 0.9921875 0.7744140625 0.94921875 0.7265625 0.91015625 0.716796875 0.90234375 0.7109375 0.8893234375000001 0.7109375 0.8815109375000001 0.705078125 0.8502609375000001 0.697265625 0.8138015624999999 0.681640625 0.8033859375000001 0.681640625
2 0.64453125 0.51953125 0.6197921875 0.5126953125 0.6197921875 0.5205078125 0.6614578125 0.5986328125 0.6861984375 0.62890625 0.92578125 0.7109375 0.9375 0.7099609375 0.85546875 0.607421875 0.64453125 0.51953125
2 0.125 0.3037109375 0.1315109375 0.30859375 0.1471359375 0.310546875 0.1731765625 0.326171875 0.2643234375 0.36328125 0.2747390625 0.37109375 0.3059890625 0.380859375 0.4622390625 0.44921875 0.4856765625 0.455078125 0.54296875 0.482421875 0.5611984375 0.486328125 0.5690109375 0.4921875 0.578125 0.4912109375 0.578125 0.4794921875 0.5572921875 0.4365234375 0.5416671875 0.4072265625 0.5299484375 0.3984375 0.2486984375 0.267578125 0.17578125 0.228515625 0.15234375 0.220703125 0.1458328125 0.2236328125 0.125 0.2861328125 0.125 0.3037109375
2 0.5963546875 0.4755859375 0.609375 0.4931640625 0.6341140625 0.51171875 0.7669265625 0.564453125 0.80859375 0.587890625 0.81640625 0.587890625 0.81640625 0.591796875 0.8268234375000001 0.591796875 0.8489578124999999 0.6025390625 0.7838546875 0.5166015625 0.7721359375 0.5078125 0.7669265625 0.509765625 0.7096359375 0.484375 0.62890625 0.44140625 0.62109375 0.44140625 0.60546875 0.427734375 0.5625 0.4130859375 0.5859375 0.4482421875 0.5963546875 0.4755859375
2 0.15625 0.1494140625 0.1484375 0.1943359375 0.1484375 0.2041015625 0.1549484375 0.2109375 0.5286453125 0.3896484375 0.5286453125 0.3798828125 0.5052078125 0.3330078125 0.5 0.3251953125 0.4817703125 0.3154296875 0.4830734375 0.3046875 0.4778640625 0.310546875 0.4674484375 0.30859375 0.29296875 0.21875 0.1627609375 0.14453125 0.15625 0.1494140625
2 0.7290859375000001 0.4459640625 0.5283828125000001 0.34511875000000003 0.5240671875 0.3445796875 0.5571578125000001 0.40929374999999996 0.7736875000000001 0.5112171875 0.7290859375000001 0.4459640625
2 0.4716890625 0.265871875 0.1681171875 0.0981578125 0.1695546875 0.10139374999999999 0.1587640625 0.1413 0.495428125 0.316025 0.4716890625 0.265871875
2 0.682140625 0.387965625 0.48935000000000006 0.2860421875 0.48935000000000006 0.28658125 0.5159671875 0.33565625 0.725303125 0.440275 0.682140625 0.387965625
2 0.44147968750000005 0.21579687500000003 0.177471875 0.060485937499999996 0.173875 0.061024999999999996 0.16452187499999998 0.09553906250000001 0.46665625000000005 0.261096875 0.44147968750000005 0.21579687500000003
2 0.6431203125 0.336921875 0.46687500000000004 0.24524531249999998 0.4661546875 0.24686249999999998 0.4834203125 0.28083749999999996 0.6769296875 0.3827609375 0.6431203125 0.336921875
2 0.44541718750000003 0.20558749999999998 0.45867812499999994 0.23706718750000003 0.6417484375 0.33437031250000004 0.608815625 0.295521875 0.44541718750000003 0.20558749999999998
2 0.44337499999999996 0.21228906250000001 0.42889375 0.1748546875 0.42255000000000004 0.17562031250000001 0.18475312500000002 0.032571875 0.18281562499999998 0.0332984375 0.1736140625 0.060164062500000004 0.44337499999999996 0.21228906250000001
2 0.6119640625 0.294303125 0.5833890625 0.2609015625 0.5848421874999999 0.2609015625 0.423565625 0.17195 0.4385796875 0.202084375 0.6119640625 0.294303125
2 0.40703750000000005 0.14500156250000001 0.1866796875 0.011379687500000001 0.18472187499999998 0.011746875 0.18031406249999998 0.032671875 0.424665625 0.1736359375 0.40703750000000005 0.14500156250000001
2 0.5821171875 0.25735625 0.5615515624999999 0.22982343749999998 0.5620406250000001 0.2305578125 0.406321875 0.1413546875 0.42101249999999996 0.170721875 0.5821171875 0.25735625
2 0.3964765625 0.1221640625 0.40240312500000003 0.1387515625 0.5605703125 0.22685312500000002 0.54343125 0.20703125 0.3964765625 0.1221640625