2 0.2795359375 1 0.340859375 0.5975875 0.002 0.6056515625000001 0.000915625 1 0.2795359375 1
2 1 0.9154687499999999 0.8847687499999999 0.5775953125 0.3436671875 0.5956484375 0.28486875 0.9954390625 1 1 1 0.9154687499999999
2 0.34885781250000003 0.58159375 0.8754375 0.5676 0.7447921875 0.21173437499999997 0.392 0.22305625 0.34885781250000003 0.58159375
2 0.394184375 0.22172968750000002 0.047 0.23805937500000002 0.000915625 0.309696875 0 0.6035859375 0.34219218749999997 0.591590625 0.394184375 0.22172968750000002
2 0.8834359375 0.5695984375 0.998084375 0.5676 1 0.2037359375 0.7503328125000001 0.20805156249999998 0.8834359375 0.5695984375
2 0.9372265625 0.0272890625 0.6822 0.037809375 0.740459375 0.20602187500000002 0.9980171875 0.20242343749999997 1 0.1040609375 0.9372265625 0.0272890625
2 0.3989171875 0.21801718750000001 0.7380609375 0.20722187500000003 0.6796703125 0.0356859375 0.4222 0.0468109375 0.3989171875 0.21801718750000001
2 0.0557734375 0.23481093749999998 0.39491718750000004 0.21921718750000002 0.4173140625 0.04888125 0.1662 0.0573140625 0.0557734375 0.23481093749999998
2 0 0.3091828125 0.044575 0.2372109375 0 0.23735937499999998 0 0.3091828125
2 0.0013828125 0.2360109375 0.050975000000000006 0.2336125 0.16215625 0.058478125000000006 0.0021999999999999997 0.0588140625 0.0013828125 0.2360109375
2 0.2022 0 0.1677546875 0.054785937500000007 0.4221125 0.0463890625 0.4301109375 0 0.2022 0
2 0.9196296875 0 0.6662 0.00030000000000000003 0.664471875 0 0.6740703124999999 0.03439375 0.9348281249999999 0.022396875 0.9196296875 0
2 0.4237125 0.0451890625 0.6740703124999999 0.036792187500000004 0.666071875 0 0.43220000000000003 0.0018 0.4237125 0.0451890625
2 0.0005828125 0.0619828125 0.1661546875 0.055984374999999996 0.20055 0 0.0012000000000000001 0.0018 0.0005828125 0.0619828125
2 0.8844359374999999 0.5831500000000001 0.9996171875 0.9034296875000001 1 0.5723546875000001 0.8844359374999999 0.5831500000000001