2 0 0.3568265625 0.010871875 0.534678125 0.2721609375 0.5210171875 0.40495625 0.23574531250000003 0 0.17679375 0 0.3568265625
2 0.27310625 0.515140625 0.465021875 0.505371875 0.667765625 0.26197499999999996 0.4078859375 0.2279296875 0.27310625 0.515140625
2 0.465021875 0.507325 0.626171875 0.4956015625 0.854578125 0.2864125 0.670121875 0.265053125 0.465021875 0.507325
2 0.858271875 0.2839625 0.6281156250000001 0.49145312499999994 0.746484375 0.48206875 0.9926359375 0.2985390625 0.858271875 0.2839625
2 0.46664374999999997 0.504821875 0.27294375 0.5161078125 0.2090046875 0.6440187500000001 0.35945 0.6264624999999999 0.46664374999999997 0.504821875
2 0.6170890625000001 0.49604375 0.46664374999999997 0.504821875 0.35945 0.627715625 0.48859375 0.6073906250000001 0.6170890625000001 0.49604375
2 0.7374453125 0.48224999999999996 0.6123875 0.4972984375 0.48638906249999997 0.6076515625 0.60026875 0.5885671875 0.7374453125 0.48224999999999996
2 0.7393265625 0.47848750000000007 0.6001640625 0.5875874999999999 0.7026546875 0.5725390625 0.8377234375 0.4756359375 0.7393265625 0.47848750000000007
2 0.7045359375 0.575046875 0.8013843749999999 0.5549828125 0.92644375 0.46594687500000004 0.9302046875000001 0.46469375 0.8436984375 0.469709375 0.7045359375 0.575046875
2 1 0.46252812499999996 0.9302046875000001 0.46469375 0.8023250000000001 0.5562375 0.838996875 0.5512203125 1 0.4679125 1 0.46252812499999996
2 1 0.3016703125 0.995084375 0.3016703125 0.7449671875 0.48224999999999996 0.8484 0.473471875 1 0.3712046875 1 0.3016703125
2 1 0.37175625 0.8531000000000001 0.473471875 0.9386671874999999 0.4634390625 1 0.419703125 1 0.37175625
2 1 0.420984375 0.942428125 0.4672015625 1 0.461275 1 0.420984375
2 0.20932656249999998 0.6446734375000001 0.1719921875 0.7163734374999999 0.2977390625 0.6978421875 0.35829218749999997 0.6267484375000001 0.20932656249999998 0.6446734375000001
2 0.485975 0.6078281249999999 0.359784375 0.625753125 0.29780937500000004 0.6974515625000001 0.40122656250000005 0.6795265625 0.485975 0.6078281249999999
2 0.595365625 0.5879109375 0.48746875 0.6053375 0.40271875 0.6775359375 0.49937343749999996 0.6573609375 0.595365625 0.5879109375
2 0.5864046875 0.639196875 0.5866546875 0.6399234375 0.682728125 0.5769578125 0.5905109375 0.589903125 0.502775 0.655628125 0.5864046875 0.639196875
2 0.75515625 0.5667671875 0.6811078125 0.5766046874999999 0.5886171874999999 0.63979375 0.6570453125 0.625871875 0.75515625 0.5667671875
2 0.8324171874999999 0.5535234375 0.7532609375 0.5656328125 0.658978125 0.626928125 0.7237265625 0.61640625 0.8324171874999999 0.5535234375
2 0.172471875 0.7234890625 0.02185625 0.752184375 0.02521875 0.7979171875 0.1474609375 0.7700953125 0.172471875 0.7234890625
2 0.2948453125 0.6965859375 0.17314374999999999 0.7199015625 0.1475921875 0.7719125 0.2558984375 0.746540625 0.2948453125 0.6965859375
2 0.4017546875 0.6777546875 0.29619062500000004 0.6965859375 0.2585359375 0.7485968749999999 0.3508859375 0.7263515625 0.4017546875 0.6777546875
2 0.4988953125 0.6581812499999999 0.4029328125 0.6779765624999999 0.3518453125 0.724934375 0.4337765625 0.7063890625 0.4988953125 0.6581812499999999
2 0.583465625 0.6406890625 0.49716875 0.6581812499999999 0.434690625 0.707440625 0.5131812499999999 0.6879625 0.583465625 0.6406890625
2 0.583465625 0.6406890625 0.5140828125 0.6876453125 0.5796375 0.676446875 0.6583703125 0.6273375 0.583465625 0.6406890625
2 0.5734546875000001 0.6779765624999999 0.5078703124999999 0.6904078124999999 0.45056874999999996 0.72815625 0.5105921875 0.7132984375 0.5734546875000001 0.6779765624999999
2 0.44780781249999996 0.7304578125 0.5095953125 0.6894859375 0.434690625 0.707440625 0.3850125 0.7438171875 0.44780781249999996 0.7304578125
2 0.3818765625 0.7461109375 0.43089374999999996 0.7083609375 0.349775 0.7244734375 0.308353125 0.7640640624999999 0.3818765625 0.7461109375
2 0.3074359375 0.7666546875 0.3479203125 0.726159375 0.25393750000000004 0.7460859375 0.22694687500000002 0.7833671875 0.3074359375 0.7666546875
2 0.22357343749999997 0.7852953125 0.2529734375 0.74865625 0.14790468750000002 0.7724390624999999 0.1326484375 0.8044765625 0.22357343749999997 0.7852953125
2 0.13248125 0.8039359375 0.1474234375 0.7711546874999999 0.02693125 0.796865625 0.0272046875 0.8326156250000001 0.13248125 0.8039359375
2 0.222609375 0.78658125 0.13296406249999998 0.805221875 0.11850468750000001 0.8322171875000001 0.20073593750000002 0.812515625 0.222609375 0.78658125
2 0.3035796875 0.7685828124999999 0.22405468750000002 0.7846515625 0.20188437499999998 0.8148624999999999 0.280271875 0.794025 0.3035796875 0.7685828124999999
2 0.38165781249999997 0.7454421875 0.302134375 0.7666546875 0.28381875 0.7936515625 0.34594843750000004 0.7755328125000001 0.38165781249999997 0.7454421875
2 0.44672343750000004 0.730015625 0.38165781249999997 0.7441578125 0.3459921875 0.776296875 0.411021875 0.7594531250000001 0.44672343750000004 0.730015625
2 0.5103421875 0.7152328125 0.449615625 0.7287312499999999 0.41395 0.7602265625 0.464046875 0.7457859375 0.5103421875 0.7152328125