2 0.7276265625 1 0.9987984375 0.998378125 1 0.983775 0.87103125 0.736046875 0.681159375 0.7302859374999999 0.7276265625 1
2 0.997796875 0.9569453125 1 0.746128125 0.8790437499999999 0.7403671875 0.997796875 0.9569453125
2 0.5593843749999999 0.9967375 0.71835 0.9965765624999999 0.6779546875 0.7302859374999999 0.4904859375 0.7216437499999999 0.43841093750000004 0.9866546875 0.5593843749999999 0.9967375
2 0.4295984375 0.9909765625 0.4864796875 0.7158828125000001 0.31022812499999997 0.7086812499999999 0.1674671875 0.960546875 0.4295984375 0.9909765625
2 0 0.94200625 0.1574515625 0.9623484375 0.306221875 0.7115625 0.141184375 0.7000390624999999 0 0.8699921875 0 0.94200625
2 0.1334140625 0.6993328125 0.000984375 0.6899578125 0.000984375 0.8469484375 0.1334140625 0.6993328125
2 1 0.66979375 0.93191875 0.5862578125 0.79171875 0.5833765625 0.8605765625 0.7101421875 1 0.7158828125000001 1 0.66979375
2 0.8526046875000001 0.7072406250000001 0.7877125 0.5804968749999999 0.6515171875 0.57905625 0.6742781250000001 0.7029359375 0.8526046875000001 0.7072406250000001
2 0.668340625 0.7000390624999999 0.6491140625 0.5747359375000001 0.5185265625000001 0.5718546875 0.4944921875 0.6913984375 0.668340625 0.7000390624999999
2 0.517725 0.5732953125 0.39114375 0.5704140625 0.3246484375 0.6870765624999999 0.48998437499999997 0.6903265625 0.517725 0.5732953125
2 0.3903421875 0.5675343749999999 0.2701703125 0.5617734375000001 0.16521875 0.6784359375 0.3207125 0.684921875 0.3903421875 0.5675343749999999
2 0.26215781250000003 0.5632140625 0.1524015625 0.5588921874999999 0.018609375 0.668353125 0.16245937500000002 0.6741125 0.26215781250000003 0.5632140625
2 0 0.6669140625 0.0122203125 0.66690625 0.1419859375 0.5617734375000001 0.0370359375 0.5560125 0 0.577615625 0 0.6669140625
2 0.9987984375 0.6560984375000001 1 0.5861453125 0.9327203125000001 0.5847046875 0.9987984375 0.6560984375000001
2 0.9166968750000001 0.5703015625 0.8526046875000001 0.4982875 0.74445 0.4939671875 0.78545625 0.5696265625 0.9166968750000001 0.5703015625
2 1 0.5429359375 0.9631640625 0.5011687499999999 0.8582140624999999 0.5011687499999999 0.9186703125 0.57503125 1 0.5746234375 1 0.5429359375
2 0.781303125 0.56598125 0.7436484375 0.4954078125 0.637896875 0.4925265625 0.6512421875000001 0.5696265625 0.781303125 0.56598125
2 0.6483125000000001 0.5688609375 0.6403015625 0.4954078125 0.5377531249999999 0.4910859375 0.5230375 0.562421875 0.6483125000000001 0.5688609375
2 0.5361515625 0.4925265625 0.436809375 0.4910859375 0.39515 0.5587796875000001 0.5210343749999999 0.5660234375 0.5361515625 0.4925265625
2 0.43600781250000004 0.4910859375 0.341471875 0.48820625 0.28138593749999996 0.5573390625 0.390825 0.562421875 0.43600781250000004 0.4910859375
2 0.33746718750000004 0.48820625 0.2477375 0.4910859375 0.16521875 0.554459375 0.2806484375 0.555215625 0.33746718750000004 0.48820625
2 0.2437328125 0.4925265625 0.15560625 0.48820625 0.0506546875 0.551578125 0.1594546875 0.5570171875 0.2437328125 0.4925265625
2 0 0.551578125 0.04326875 0.5534140625 0.1516 0.48820625 0.066678125 0.483884375 0 0.5213328125000001 0 0.551578125
2 0.8934640625 0.447878125 0.9507218749999999 0.49756875 0.999215625 0.499728125 1 0.46804218750000004 0.9767828125 0.444996875 0.8934640625 0.447878125
2 0.8894578125000001 0.447878125 0.8013312499999999 0.44643750000000004 0.8461968750000001 0.496846875 0.9477156250000001 0.4957671875 0.8894578125000001 0.447878125
2 0.8061390625 0.44931875000000004 0.7124046875000001 0.447878125 0.742046875 0.4939671875 0.8435499999999999 0.4957671875 0.8061390625 0.44931875000000004
2 0.7436484375 0.4982875 0.715609375 0.44355781250000004 0.628284375 0.44211718749999995 0.6372203125 0.4921640625 0.7436484375 0.4982875
2 0.6362953124999999 0.4954078125 0.6314875 0.44643750000000004 0.5465671875 0.44211718749999995 0.5380609375 0.48856093749999996 0.6362953124999999 0.4954078125
2 0.54816875 0.44211718749999995 0.46645156249999997 0.4392359375 0.441615625 0.48964687500000004 0.5360578125 0.49396562499999996 0.54816875 0.44211718749999995
2 0.463246875 0.44067656250000004 0.3919453125 0.44067656250000004 0.33906875 0.48964687500000004 0.4368984375 0.4903625 0.463246875 0.44067656250000004
2 0.3927453125 0.4392359375 0.311028125 0.44067656250000004 0.2477375 0.4910859375 0.3367390625 0.4903625 0.3927453125 0.4392359375
2 0.3118296875 0.44211718749999995 0.23411875000000001 0.44067656250000004 0.16521875 0.485325 0.2465953125 0.48856093749999996 0.3118296875 0.44211718749999995
2 0.2269078125 0.44067656250000004 0.15640625 0.44067656250000004 0.0810984375 0.485325 0.16045625 0.48856093749999996 0.2269078125 0.44067656250000004
2 0.1532015625 0.44067656250000004 0.08670625 0.4392359375 0.0025859375 0.4810046875 0.076321875 0.4813546875 0.1532015625 0.44067656250000004
2 0 0.578634375 0.028223437499999997 0.5558984375 0 0.5587796875000001 0 0.578634375
2 0.001784375 0.5198921875 0.064275 0.483884375 0.001784375 0.4810046875 0.001784375 0.5198921875
2 0.9679703125 0.444996875 0.92310625 0.41475156249999995 0.8486 0.42051249999999996 0.8886218749999999 0.44532499999999997 0.9679703125 0.444996875
2 0.838184375 0.41475156249999995 0.7716890624999999 0.41763281250000006 0.796525 0.447878125 0.8856171875 0.44532499999999997 0.838184375 0.41475156249999995
2 0.7957234375 0.444996875 0.768484375 0.411871875 0.6963812500000001 0.41475156249999995 0.7124046875000001 0.44211718749999995 0.7957234375 0.444996875
2 0.6298859375 0.444996875 0.6258796875 0.41043124999999997 0.5561796875 0.40899062500000005 0.5480765625 0.43811875 0.6298859375 0.444996875
2 0.715609375 0.444996875 0.7011875 0.41331093750000003 0.6258796875 0.41475156249999995 0.62920625 0.441721875 0.715609375 0.444996875
2 0.5465671875 0.44355781250000004 0.55698125 0.40610937500000005 0.48808281249999996 0.40610937500000005 0.46494375000000004 0.43811875 0.5465671875 0.44355781250000004
2 0.46485000000000004 0.44355781250000004 0.48407656250000003 0.40754999999999997 0.4223890625 0.40610937500000005 0.39182656250000003 0.43811875 0.46485000000000004 0.44355781250000004
2 0.39114375 0.4392359375 0.41758125 0.40899062500000005 0.3526890625 0.40754999999999997 0.31570468749999997 0.43992031249999997 0.39114375 0.4392359375
2 0.34948437499999996 0.40754999999999997 0.29500625 0.40754999999999997 0.2381234375 0.44067656250000004 0.30969531250000004 0.43992031249999997 0.34948437499999996 0.40754999999999997
2 0.280584375 0.40899062500000005 0.2285109375 0.40899062500000005 0.170828125 0.44355781250000004 0.23572031249999997 0.44067656250000004 0.280584375 0.40899062500000005
2 0.22210156250000002 0.40610937500000005 0.1596109375 0.40899062500000005 0.09311562500000001 0.44211718749999995 0.169471875 0.4435234375 0.22210156250000002 0.40610937500000005
2 0.10112812499999999 0.44355781250000004 0.1572078125 0.40754999999999997 0.10112812499999999 0.40610937500000005 0.0362578125 0.4435234375 0.10112812499999999 0.44355781250000004
2 0.0001828125 0.44643750000000004 0.002203125 0.47955312499999997 0.0041890625 0.4795640625 0.075490625 0.44067656250000004 0.0202109375 0.43635624999999995 0.0001828125 0.44643750000000004