2 0 0.8377000000000001 0.7260921875 0.8210625 0.7508078125 0.4978953125 0.12415781249999999 0.5846312499999999 0 0.713040625 0 0.8377000000000001
2 0.2786515625 0.4372625 0.12392812499999999 0.575321875 0.7553015624999999 0.49621250000000006 0.7710296875 0.3396796875 0.2786515625 0.4372625
2 0.3685390625 0.34463125 0.281209375 0.4339359375 0.7687828125 0.34304531250000003 0.7800171875 0.2487890625 0.3685390625 0.34463125
2 0.4357796875 0.2759046875 0.375278125 0.33889375 0.78443125 0.24825 0.7864828125 0.18986875 0.4357796875 0.2759046875
2 0.4866765625 0.2245640625 0.4429578125 0.2736 0.7875078125 0.18986875 0.790584375 0.14915625 0.4866765625 0.2245640625
2 0.5277000000000001 0.188053125 0.4932046875 0.2252046875 0.790584375 0.14762031250000002 0.7957109375 0.11535625000000001 0.5277000000000001 0.188053125
2 0.8028890625 0.0892390625 0.5584671875 0.1582671875 0.5290953125 0.18986875 0.7987875 0.11612499999999999 0.8028890625 0.0892390625
2 0.5828249999999999 0.1332859375 0.562934375 0.1553015625 0.8018640625 0.090775 0.8028890625 0.0723390625 0.5828249999999999 0.1332859375
2 0.8039156249999999 0.05697656250000001 0.5994906249999999 0.1159921875 0.58446875 0.133025 0.8018640625 0.07310781250000001 0.8039156249999999 0.05697656250000001
2 0.47385625 0.1601890625 0.590621875 0.128415625 0.61113125 0.1061390625 0.4932046875 0.1437796875 0.47385625 0.1601890625
2 0.42347343750000005 0.20216093750000003 0.5475531250000001 0.1675921875 0.5854953125 0.13225625000000002 0.4716703125 0.161446875 0.42347343750000005 0.20216093750000003
2 0.33540156250000003 0.2668390625 0.489103125 0.22750937499999999 0.5455015624999999 0.170665625 0.41937187500000006 0.202928125 0.33540156250000003 0.2668390625
2 0.2153078125 0.359634375 0.39476093749999996 0.318153125 0.485 0.23135 0.32913281250000004 0.2674546875 0.2153078125 0.359634375
2 0 0.5209296875 0.23595625 0.4789296875 0.3923203125 0.3213328125 0.20468437499999997 0.36073125 0 0.52035 0 0.5209296875
2 0 0.7097734375 0.2302703125 0.4789296875 0 0.521046875 0 0.7097734375