1 1 0.480678125 0.98230625 0.47310468749999995 0.9165453125 0.7771343749999999 1 0.8052640625 1 0.480678125
1 0.6234625 0.7089703125 0.907615625 0.7803796875 0.9774359374999999 0.4741859375 0.7583859375 0.45633125 0.6234625 0.7089703125
1 0.411565625 0.662446875 0.61534375 0.7078890624999999 0.7493015625 0.45795624999999995 0.578809375 0.4471375 0.411565625 0.662446875
1 0.40831875 0.6602828125 0.5763734375 0.4471375 0.4367328125 0.43739999999999996 0.251915625 0.6241390625000001 0.40831875 0.6602828125
1 0.251628125 0.6234968750000001 0.435921875 0.43848125 0.3173890625 0.42874375000000003 0.127075 0.5957203125 0.251628125 0.6234968750000001
1 0.12172968749999999 0.5942828125 0.31657812500000004 0.4276625 0.21590625000000002 0.4200875 0.028621875 0.5686546875 0.12172968749999999 0.5942828125
1 0 0.55918125 0.0031984375000000003 0.5596609375 0.026742187499999997 0.568315625 0.21428281249999998 0.417925 0.133096875 0.413596875 0 0.5120546874999999 0 0.55918125
1 0 0.51034375 0.12994531250000002 0.416184375 0.0590890625 0.41180000000000005 0 0.4498703125 0 0.51034375
1 0.131771875 0.41537187500000006 0.2700359375 0.3228359375 0.20273124999999997 0.3224296875 0.06111875 0.41050156250000003 0.131771875 0.41537187500000006
1 0.2755171875 0.32161875 0.13542656250000001 0.41212499999999996 0.21826249999999997 0.42145937499999997 0.3525671875 0.3228359375 0.2755171875 0.32161875
1 0.3581109375 0.31741406250000004 0.2191265625 0.418521875 0.31794687499999996 0.42616875 0.4454546875 0.3208125 0.3581109375 0.31741406250000004
1 0.45119375 0.31741406250000004 0.319221875 0.42616875 0.43397968750000004 0.4380625 0.55649375 0.315840625 0.45119375 0.31741406250000004
1 0.5583015625 0.31741406250000004 0.43461718749999995 0.4346640625 0.5780640625 0.4491078125 0.6824265625 0.31265312500000003 0.5583015625 0.31741406250000004
1 0.686446875 0.314015625 0.585078125 0.445709375 0.757215625 0.4567546875 0.8369078125 0.31146562499999997 0.686446875 0.314015625
1 1 0.308453125 0.8366609374999999 0.30996250000000003 0.7647140625 0.450875 0.9766703124999999 0.47302968749999996 1 0.35671875000000003 1 0.308453125
1 1 0.21033906249999998 0.89058125 0.21508750000000001 0.840709375 0.308453125 1 0.3076609375 1 0.21033906249999998
1 0.836553125 0.30687031249999996 0.8876125 0.21667031250000002 0.760209375 0.2208921875 0.6893125 0.3108265625 0.836553125 0.30687031249999996
1 0.68990625 0.3108265625 0.7587765625 0.223790625 0.6421921875 0.2298 0.55988125 0.31320000000000003 0.68990625 0.3108265625
1 0.45123125000000003 0.3155734375 0.5592890625 0.31320000000000003 0.6424078125 0.2309125 0.5434734375 0.23870624999999998 0.45123125000000003 0.3155734375
1 0.45241875 0.3155734375 0.5444453125 0.2372421875 0.4566296875 0.24266562500000002 0.3586125 0.31715625 0.45241875 0.3155734375
1 0.35564375 0.3195796875 0.45657500000000006 0.2444125 0.38092031249999997 0.2484546875 0.2760859375 0.3211625 0.35564375 0.3195796875
1 0.2048890625 0.3205953125 0.2730015625 0.3205953125 0.3782984375 0.2504296875 0.311703125 0.255425 0.2048890625 0.3205953125
2 0.92125 0.7733328125 0.920625 0.78 0.925 0.7841671875 0.969375 0.7925 1 0.7933328125 0.999375 0.5608328124999999 0.9981249999999999 0.5775 0.990625 0.5716671875 0.983125 0.5916671874999999 0.9731249999999999 0.5925 0.97 0.5966671875 0.961875 0.5983328125 0.9556250000000001 0.6108328125 0.9337500000000001 0.7233328125 0.92125 0.7733328125
2 0.6799999999999999 0.6775 0.676875 0.6858328124999999 0.6637500000000001 0.6958328125000001 0.660625 0.7091671875000001 0.653125 0.7191671875 0.8975 0.7808328125 0.905 0.7791671874999999 0.915625 0.7233328125 0.9393750000000001 0.6283328125 0.944375 0.6 0.943125 0.58 0.946875 0.5766671875 0.7418750000000001 0.5766671875 0.73 0.5883328125 0.7306250000000001 0.6025 0.721875 0.6133328125 0.720625 0.6233328124999999 0.7075 0.635 0.70625 0.6416671875 0.69625 0.6525000000000001 0.6950000000000001 0.6591671875 0.6799999999999999 0.6775
2 0.48187499999999994 0.64 0.48687500000000006 0.635 0.484375 0.6333328125000001 0.456875 0.6416671875 0.43499999999999994 0.6433328125 0.41875 0.6525000000000001 0.41125 0.6633328125 0.615625 0.7091671875000001 0.7006249999999999 0.5525 0.70375 0.5375 0.69875 0.5341671875 0.704375 0.5325 0.641875 0.5316671875 0.639375 0.54 0.629375 0.5549999999999999 0.60375 0.5658328125 0.5900000000000001 0.5658328125 0.5443749999999999 0.5816671875 0.526875 0.6108328125 0.500625 0.6333328125000001 0.48562500000000003 0.6408328125 0.48187499999999994 0.64
2 0.29375 0.5983328125 0.27749999999999997 0.6033328124999999 0.25375000000000003 0.6183328125 0.24874999999999997 0.6258328125 0.265625 0.6325000000000001 0.29 0.6341671875 0.371875 0.6533328125 0.405625 0.6575 0.4175 0.6466671875000001 0.438125 0.6166671874999999 0.4875 0.5575 0.520625 0.5091671875 0.42062499999999997 0.5083328125000001 0.41125 0.5225 0.39187500000000003 0.5358328125 0.38125 0.5491671874999999 0.34125 0.5708328125000001 0.3275 0.5866671875 0.315625 0.5916671874999999 0.31124999999999997 0.5966671875 0.303125 0.5908328125 0.29375 0.5983328125
2 0.334375 0.5358328125 0.344375 0.5233328125 0.348125 0.5133328125000001 0.348125 0.5091671875 0.34249999999999997 0.505 0.31375000000000003 0.5091671875 0.276875 0.5391671875 0.24874999999999997 0.5533328125 0.199375 0.595 0.19125 0.595 0.1925 0.5900000000000001 0.21375000000000002 0.5716671875 0.22125 0.5583328125 0.240625 0.54 0.258125 0.5066671875 0.270625 0.4983328125 0.26687500000000003 0.4933328125 0.25 0.4933328125 0.23500000000000001 0.5016671875000001 0.193125 0.5349999999999999 0.140625 0.5833328125 0.134375 0.5933328125 0.18062499999999998 0.6058328125 0.246875 0.6174999999999999 0.274375 0.5966671875 0.30625 0.5591671875 0.334375 0.5358328125
2 0.18062499999999998 0.5358328125 0.20625 0.505 0.206875 0.49166718749999994 0.20187499999999997 0.4858328125 0.169375 0.485 0.145 0.49166718749999994 0.059375 0.5516671875 0.042499999999999996 0.5583328125 0.035625000000000004 0.5675 0.10874999999999999 0.5883328125 0.12562500000000001 0.5891671875 0.13999999999999999 0.5766671875 0.15375 0.5575 0.18062499999999998 0.5358328125
2 0.088125 0.485 0.09812499999999999 0.4725 0.09875 0.46583281249999997 0.096875 0.4583328125 0.09 0.44916718749999995 0.084375 0.44916718749999995 0 0.5091671875 0.000625 0.5625 0.0225 0.5658328125 0.027500000000000004 0.5625 0.05 0.5308328125 0.059375 0.5241671875 0.07625 0.5008328125 0.08499999999999999 0.495 0.088125 0.485
2 0 0.4933328125 0.03 0.47000000000000003 0.0325 0.4483328125 0.03 0.4375 0.026875 0.4358328125 0 0.4516671875 0 0.4933328125
2 1 0.36166718750000004 0.9925 0.36 0.98125 0.3683328125 0.96875 0.3725 0.925 0.3808328125 0.8724999999999999 0.3816671875 0.859375 0.3858328125 0.8393750000000001 0.3991671875 0.8099999999999999 0.4391671875 0.796875 0.44916718749999995 0.79375 0.4575 0.81875 0.4625 0.97 0.47083281250000003 0.97625 0.4641671875 0.99125 0.3975 1 0.3733328125 1 0.36166718750000004
2 0.626875 0.3916671875 0.61 0.41500000000000004 0.593125 0.4316671875 0.584375 0.4466671875 0.753125 0.4566671875 0.77625 0.42083281250000004 0.79 0.38833281249999996 0.8018750000000001 0.3725 0.803125 0.3591671875 0.796875 0.3566671875 0.7537499999999999 0.3691671875 0.7318749999999999 0.3708328125 0.729375 0.3675 0.715625 0.3675 0.698125 0.3683328125 0.6875 0.3725 0.6825 0.37 0.6587500000000001 0.3725 0.626875 0.3916671875
2 0.639375 0.36 0.609375 0.3741671875 0.515 0.3741671875 0.48875 0.3908328125 0.44749999999999995 0.42916718749999994 0.441875 0.4375 0.576875 0.445 0.64125 0.3691671875 0.645 0.3608328125 0.639375 0.36
2 0.49375 0.3666671875 0.468125 0.3716671875 0.38687499999999997 0.3766671875 0.365625 0.3908328125 0.32375 0.42583281250000005 0.323125 0.42916718749999994 0.43375 0.4366671875 0.479375 0.3933328125 0.50125 0.3683328125 0.49375 0.3666671875
2 0.35750000000000004 0.3691671875 0.32625000000000004 0.3666671875 0.288125 0.3733328125 0.22125 0.42166718750000004 0.315625 0.42750000000000005 0.390625 0.3691671875 0.38937499999999997 0.3641671875 0.385 0.3641671875 0.35750000000000004 0.3691671875
2 0.25375000000000003 0.3666671875 0.216875 0.3683328125 0.19875 0.3733328125 0.13999999999999999 0.41 0.135 0.4166671875 0.215625 0.42166718750000004 0.288125 0.37 0.2875 0.36 0.25375000000000003 0.3666671875
2 0.18875 0.3583328125 0.165625 0.3566671875 0.138125 0.3633328125 0.058125 0.4108328125 0.13187500000000002 0.4158328125 0.20437500000000003 0.3691671875 0.20437500000000003 0.355 0.199375 0.355 0.18875 0.3583328125
2 0.26687500000000003 0.29083281250000004 0.2615734375 0.2913671875 0.21125 0.3166671875 0.20875 0.3216671875 0.265 0.3225 0.275625 0.32 0.276875 0.3141671875 0.26437499999999997 0.3125 0.2725 0.3025 0.273125 0.2966671875 0.26687500000000003 0.29083281250000004
2 0.396875 0.29083281250000004 0.396875 0.28250000000000003 0.3725 0.2941671875 0.35375 0.2933328125 0.321875 0.2983328125 0.30375 0.3083328125 0.290625 0.3116671875 0.28125 0.3175 0.280625 0.3208328125 0.354375 0.3208328125 0.396875 0.29083281250000004
2 0.478125 0.28166718749999997 0.421875 0.2858328125 0.40125 0.29083281250000004 0.365625 0.3125 0.35812499999999997 0.3208328125 0.448125 0.3191671875 0.49375 0.28250000000000003 0.49375 0.275 0.478125 0.28166718749999997
2 0.5349999999999999 0.28500000000000003 0.5 0.3066671875 0.465625 0.31 0.46375 0.3191671875 0.555625 0.3166671875 0.603125 0.27166718749999996 0.603125 0.2691671875 0.6 0.2691671875 0.5349999999999999 0.28500000000000003
2 0.729375 0.2575 0.7275 0.2558328125 0.709375 0.2641671875 0.6443749999999999 0.2791671875 0.6056250000000001 0.3041671875 0.57125 0.3083328125 0.563125 0.3133328125 0.5625 0.3166671875 0.681875 0.3133328125 0.72375 0.2658328125 0.729375 0.2575
2 0.8712500000000001 0.2475 0.866875 0.2458328125 0.849375 0.2566671875 0.81125 0.26333281249999996 0.76625 0.27749999999999997 0.745625 0.2975 0.735625 0.3008328125 0.705 0.3016671875 0.6925 0.3108328125 0.8331250000000001 0.3091671875 0.8712500000000001 0.2475
2 1 0.2616671875 0.9025000000000001 0.26 0.88375 0.2608328125 0.86625 0.2658328125 0.8418749999999999 0.3083328125 1 0.31 1 0.2616671875