2 0 0 0 0.0271296875 0.0049234375 0.0358703125 0.0049234375 0.0394296875 0.007931249999999999 0.041209375 0.018957812499999997 0.060782812500000005 0.018957812499999997 0.06434218750000001 0.025974999999999998 0.07679843750000001 0.0279796875 0.07679843750000001 0.0349953125 0.0892546875 0.0349953125 0.0928140625 0.0420125 0.1052703125 0.0440171875 0.1052703125 0.0490296875 0.11416718749999999 0.0490296875 0.11772656249999999 0.06005625 0.1373 0.0630625 0.1390796875 0.0630625 0.1426390625 0.09914843749999999 0.20670000000000002 0.09914843749999999 0.2102578125 0.10215624999999999 0.21203750000000002 0.1091734375 0.22449375 0.1091734375 0.22805312500000002 0.1292203125 0.2636421875 0.1292203125 0.2672015625 0.132228125 0.26898125 0.13623749999999998 0.2760984375 0.1803421875 0.2760984375 0.182346875 0.2796578125 0.2465 0.2796578125 0.24850468750000002 0.28321718749999997 0.3246875 0.28321718749999997 0.3256890625 0.2814375 0.3256890625 0.2707609375 0.32368437499999997 0.2672015625 0.32368437499999997 0.26008437500000003 0.3216796875 0.256525 0.3216796875 0.2458484375 0.31967500000000004 0.24228906249999999 0.31967500000000004 0.23517031249999998 0.3176703125 0.2316125 0.3176703125 0.2209359375 0.315665625 0.2173765625 0.315665625 0.2102578125 0.3136609375 0.20670000000000002 0.3136609375 0.19958125 0.31165625 0.1960234375 0.31165625 0.1889046875 0.3096515625 0.1853453125 0.3096515625 0.17822812500000002 0.3056421875 0.1675515625 0.3056421875 0.15687500000000001 0.30163125 0.146196875 0.30163125 0.13552031250000002 0.29762187500000004 0.12484375 0.29762187500000004 0.11416718749999999 0.2956171875 0.1106078125 0.2956171875 0.1070484375 0.2936125 0.10349062499999999 0.2936125 0.096371875 0.289603125 0.0856953125 0.289603125 0.07501875 0.28559375 0.06434218750000001 0.28559375 0.053665624999999995 0.28358906250000004 0.05010625 0.28358906250000004 0.0429875 0.2795796875 0.0358703125 0.2795796875 0.025193749999999997 0.277575 0.021634375 0.277575 0.0145171875 0.2725625 0.0020609375 0.192371875 0.0020609375 0.1912109375 0 0 0
2 0.307646875 0.1070484375 0.3096515625 0.1106078125 0.3096515625 0.121284375 0.31165625 0.12484375 0.31165625 0.1319625 0.315665625 0.1426390625 0.315665625 0.15687500000000001 0.3176703125 0.16043281250000002 0.3176703125 0.171109375 0.31967500000000004 0.17466874999999998 0.31967500000000004 0.1817875 0.3216796875 0.1853453125 0.3216796875 0.1924640625 0.32368437499999997 0.1960234375 0.32368437499999997 0.203140625 0.3256890625 0.20670000000000002 0.3256890625 0.2209359375 0.32769375 0.22449375 0.32769375 0.2387296875 0.3296984375 0.24228906249999999 0.3296984375 0.2458484375 0.331703125 0.24940625 0.331703125 0.256525 0.3357140625 0.2672015625 0.3357140625 0.27787812500000003 0.3427296875 0.286775 0.3908453125 0.286775 0.39285000000000003 0.290334375 0.4489828125 0.290334375 0.4509890625 0.29389375 0.5191515625 0.29389375 0.5221578124999999 0.284996875 0.5221578124999999 0.2814375 0.5241625 0.27787812500000003 0.5241625 0.2707609375 0.528171875 0.26008437500000003 0.528171875 0.25296562499999997 0.5301765625 0.24940625 0.5301765625 0.24228906249999999 0.5321828125 0.2387296875 0.5321828125 0.2316125 0.5341875 0.22805312500000002 0.5341875 0.2173765625 0.5361921875 0.21381718749999998 0.5361921875 0.20670000000000002 0.538196875 0.203140625 0.538196875 0.19958125 0.5402015625 0.1960234375 0.5402015625 0.1889046875 0.54220625 0.1853453125 0.54220625 0.17466874999999998 0.546215625 0.1639921875 0.546215625 0.15687500000000001 0.5482203125 0.153315625 0.5482203125 0.146196875 0.550225 0.1426390625 0.550225 0.13552031250000002 0.5522296875 0.1319625 0.5522296875 0.128403125 0.554234375 0.12484375 0.554234375 0.11772656249999999 0.55824375 0.1070484375 0.55824375 0.096371875 0.5602484375000001 0.0928140625 0.5602484375000001 0.0856953125 0.5642578125 0.07501875 0.5642578125 0.0679015625 0.5662640624999999 0.06434218750000001 0.5662640624999999 0.057223437499999995 0.572278125 0.0394296875 0.572278125 0.028753125 0.571275 0.026973437500000003 0.5552374999999999 0.026973437500000003 0.5532328125 0.0234140625 0.52115625 0.0234140625 0.5191515625 0.019854687500000003 0.48306562499999994 0.019854687500000003 0.48105937499999996 0.016296875 0.4790546875 0.019854687500000003 0.47103593750000006 0.019854687500000003 0.46903125 0.016296875 0.430940625 0.016296875 0.42893593750000003 0.012737499999999999 0.422921875 0.012737499999999999 0.4209171875 0.009178124999999999 0.4149015625 0.012737499999999999 0.41289687500000005 0.009178124999999999 0.40688281249999997 0.009178124999999999 0.40487812500000003 0.0056187500000000005 0.4028734375 0.0056187500000000005 0.40086875 0.009178124999999999 0.3908453125 0.009178124999999999 0.388840625 0.0056187500000000005 0.3868359375 0.0056187500000000005 0.38483125 0.009178124999999999 0.37480625 0.009178124999999999 0.37280156249999996 0.0056187500000000005 0.370796875 0.0056187500000000005 0.3687921875 0.009178124999999999 0.3607734375 0.009178124999999999 0.35876874999999997 0.0056187500000000005 0.302634375 0.0056187500000000005 0.30062968749999996 0.0020609375 0.2966203125 0.0020609375 0.2956171875 0.0038406250000000003 0.2936125 0.0073984375000000005 0.2936125 0.021634375 0.29762187500000004 0.0323109375 0.29762187500000004 0.0429875 0.29962656249999997 0.046546875 0.29962656249999997 0.057223437499999995 0.30163125 0.060782812500000005 0.30163125 0.071459375 0.3036375 0.07501875 0.3036375 0.0821359375 0.3056421875 0.0856953125 0.3056421875 0.0928140625 0.307646875 0.096371875 0.307646875 0.1070484375
2 0.5642578125 0.1390796875 0.562253125 0.1426390625 0.562253125 0.14975624999999998 0.55824375 0.16043281250000002 0.55824375 0.1675515625 0.5562390625 0.171109375 0.554234375 0.1817875 0.550225 0.1889046875 0.550225 0.19958125 0.54220625 0.2209359375 0.54220625 0.22805312500000002 0.5402015625 0.2316125 0.54220625 0.23517031249999998 0.5402015625 0.2387296875 0.538196875 0.24940625 0.5341875 0.256525 0.5341875 0.2707609375 0.5321828125 0.27431875 0.5321828125 0.2814375 0.5301765625 0.284996875 0.5301765625 0.2921140625 0.533184375 0.297453125 0.593328125 0.297453125 0.5953328124999999 0.30101093749999996 0.6534718749999999 0.30101093749999996 0.6554765625 0.3045703125 0.7015859375 0.3045703125 0.7096046874999999 0.290334375 0.7116109374999999 0.290334375 0.7146171875 0.284996875 0.7146171875 0.2814375 0.7266453125 0.26008437500000003 0.7266453125 0.256525 0.737671875 0.23695 0.7396765624999999 0.23695 0.7497015625000001 0.215596875 0.75170625 0.215596875 0.771753125 0.1800078125 0.7737578125 0.1800078125 0.780775 0.1675515625 0.780775 0.1639921875 0.7857875 0.1550953125 0.7877921875 0.1550953125 0.810846875 0.11416718749999999 0.810846875 0.1106078125 0.8138546874999999 0.1052703125 0.8158593749999999 0.1052703125 0.8278874999999999 0.08391562500000001 0.8298921874999999 0.08391562500000001 0.8349046875000001 0.07501875 0.8349046875000001 0.071459375 0.8439265625000001 0.055445312499999996 0.8459312499999999 0.055445312499999996 0.8509421875 0.046546875 0.8509421875 0.0394296875 0.8459312499999999 0.034090625 0.8278874999999999 0.034090625 0.8258828125000001 0.03053125 0.7918015625 0.03053125 0.7897968750000001 0.026973437500000003 0.759725 0.026973437500000003 0.7577203124999999 0.0234140625 0.721634375 0.0234140625 0.7196296875 0.019854687500000003 0.6895578125 0.019854687500000003 0.687553125 0.016296875 0.6514671875 0.016296875 0.6494625 0.012737499999999999 0.613375 0.012737499999999999 0.6113703125 0.009178124999999999 0.5873140625 0.009178124999999999 0.5863109375 0.0109578125 0.58430625 0.0145171875 0.58430625 0.025193749999999997 0.5823015625 0.028753125 0.5823015625 0.0394296875 0.5802968749999999 0.0429875 0.5802968749999999 0.0679015625 0.5742828125 0.071459375 0.5742828125 0.0928140625 0.572278125 0.096371875 0.572278125 0.09993125 0.56826875 0.10349062499999999 0.56826875 0.11772656249999999 0.5642578125 0.128403125 0.5642578125 0.1390796875
2 1 0.0803578125 0.994284375 0.0803578125 0.9922796875 0.07679843750000001 0.9742374999999999 0.07679843750000001 0.9722312499999999 0.0732390625 0.9441656249999999 0.0732390625 0.9421609375 0.0696796875 0.9020640625 0.0696796875 0.900059375 0.066121875 0.8739968749999999 0.066121875 0.8719921875000001 0.0625625 0.8599640624999999 0.0625625 0.8589625 0.06434218750000001 0.849940625 0.0803578125 0.8479359375 0.0803578125 0.823878125 0.12306406249999999 0.8218734375000001 0.12306406249999999 0.7978156249999999 0.16577187499999999 0.7958109375 0.16577187499999999 0.7697484375 0.21203750000000002 0.76774375 0.21203750000000002 0.7647375000000001 0.2173765625 0.7647375000000001 0.2209359375 0.7617296875 0.2227140625 0.7567171874999999 0.2316125 0.755715625 0.23695 0.7537109375 0.23695 0.7336625 0.272540625 0.7316578125000001 0.272540625 0.7226359375 0.2885546875 0.7226359375 0.2921140625 0.7186265625 0.29923125 0.7186265625 0.302790625 0.7196296875 0.3045703125 0.737671875 0.3045703125 0.7396765624999999 0.3081296875 0.7998203125 0.3081296875 0.801825 0.3116890625 0.8599640624999999 0.3116890625 0.86196875 0.31524687500000004 0.8739968749999999 0.31524687500000004 0.884021875 0.30101093749999996 0.8860265625 0.30101093749999996 0.88803125 0.297453125 0.8900359375000001 0.297453125 0.8940453125 0.290334375 0.900059375 0.286775 0.9060734374999999 0.2760984375 0.9080796875000001 0.2760984375 0.9120890625 0.26898125 0.9140937499999999 0.26898125 0.9241171874999999 0.2547453125 0.926121875 0.2547453125 0.9281265624999999 0.25118593749999996 0.93013125 0.25118593749999996 0.9341406250000001 0.24406875 0.9401546875 0.24050937499999997 0.9461703124999999 0.22983281249999998 0.948175 0.22983281249999998 0.9521843750000001 0.2227140625 0.9541890625 0.2227140625 0.9561937500000001 0.21915625 0.9622078125 0.215596875 0.9662171875000001 0.20847968749999998 0.9702265625000001 0.20847968749999998 0.9742374999999999 0.2013609375 0.9762421874999999 0.2013609375 0.9772437500000001 0.19958125 0.9772437500000001 0.1924640625 0.9802515625 0.187125 0.986265625 0.187125 0.9902749999999999 0.1800078125 0.9922796875 0.1800078125 0.9932828125000001 0.17466874999999998 0.9962890625 0.16933125 1 0.1715265625 1 0.0803578125
2 1 0.1979796875 0.994284375 0.2013609375 0.9902749999999999 0.20847968749999998 0.9882703125000001 0.20847968749999998 0.986265625 0.21203750000000002 0.9802515625 0.215596875 0.9762421874999999 0.2227140625 0.9742374999999999 0.2227140625 0.9722312499999999 0.2262734375 0.9662171875000001 0.22983281249999998 0.9622078125 0.23695 0.9602031249999999 0.23695 0.9581984374999999 0.24050937499999997 0.9521843750000001 0.24406875 0.948175 0.25118593749999996 0.9461703124999999 0.25118593749999996 0.9441656249999999 0.2547453125 0.93815 0.2583046875 0.9341406250000001 0.26542187500000003 0.9321359375 0.26542187500000003 0.93013125 0.26898125 0.9241171874999999 0.272540625 0.9201078125000001 0.2796578125 0.9140937499999999 0.28321718749999997 0.910084375 0.290334375 0.9040687500000001 0.29389375 0.900059375 0.30101093749999996 0.8980546875 0.30101093749999996 0.8940453125 0.3081296875 0.8920406249999999 0.3081296875 0.8910375 0.3134671875 0.8920406249999999 0.31524687500000004 0.8980546875 0.31524687500000004 0.900059375 0.31880625 0.9020640625 0.31880625 0.9040687500000001 0.31524687500000004 0.9060734374999999 0.31880625 0.9501796875 0.31880625 0.9521843750000001 0.322365625 1 0.322365625 1 0.1979796875
2 0 0.42913281249999996 0.0700796875 0.42913281249999996 0.07108125 0.42735312499999994 0.068075 0.425575 0.06005625 0.4113390625 0.0580515625 0.4113390625 0.0560453125 0.4077796875 0.054040624999999995 0.4077796875 0.0520359375 0.4042203125 0.050031250000000006 0.4042203125 0.048026562499999995 0.4006625 0.046021875000000004 0.4006625 0.0440171875 0.397103125 0.038003125 0.39354374999999997 0.03399375 0.38642656249999996 0.0279796875 0.3828671875 0.02396875 0.37575 0.019959374999999998 0.37575 0.01595 0.36863125 0.013945312500000001 0.36863125 0.0099359375 0.3615140625 0.003921875 0.35795468750000003 0 0.3509921875 0 0.42913281249999996
2 0 0.340315625 0.003921875 0.347278125 0.0099359375 0.3508359375 0.01595 0.3615140625 0.0219640625 0.365071875 0.025974999999999998 0.372190625 0.0319890625 0.37575 0.0359984375 0.3828671875 0.0420125 0.38642656249999996 0.046021875000000004 0.39354374999999997 0.048026562499999995 0.39354374999999997 0.050031250000000006 0.397103125 0.0560453125 0.4006625 0.06005625 0.4077796875 0.06607031249999999 0.4113390625 0.0700796875 0.41845625000000003 0.072084375 0.41845625000000003 0.07609375 0.425575 0.07809843749999999 0.425575 0.080103125 0.42913281249999996 0.132228125 0.42913281249999996 0.13423281250000002 0.4326921875 0.14425625 0.4326921875 0.1462609375 0.42913281249999996 0.148265625 0.4326921875 0.2104140625 0.4326921875 0.2114171875 0.4309125 0.2114171875 0.42735312499999994 0.2074078125 0.42023593750000005 0.2074078125 0.4166765625 0.19638125 0.397103125 0.1943765625 0.397103125 0.18936406249999999 0.38820625 0.18936406249999999 0.384646875 0.17833749999999998 0.365071875 0.1763328125 0.365071875 0.1733265625 0.359734375 0.1733265625 0.356175 0.17031875000000002 0.3543953125 0.1552828125 0.327703125 0.1542796875 0.322365625 0.152275 0.322365625 0.1462609375 0.3116890625 0.140246875 0.3116890625 0.1382421875 0.3081296875 0 0.3081296875 0 0.340315625
2 0.203396875 0.3917640625 0.203396875 0.3953234375 0.21743125000000002 0.42023593750000005 0.21743125000000002 0.42379531249999997 0.2244484375 0.4326921875 0.2444953125 0.4326921875 0.2465 0.4362515625 0.354759375 0.4362515625 0.35576093750000004 0.434471875 0.35576093750000004 0.42735312499999994 0.35375625 0.42379531249999997 0.35375625 0.41311875000000003 0.3517515625 0.409559375 0.3517515625 0.402440625 0.349746875 0.3988828125 0.349746875 0.38820625 0.3477421875 0.384646875 0.3477421875 0.38108749999999997 0.3457375 0.377528125 0.3457375 0.3704109375 0.341728125 0.359734375 0.341728125 0.352615625 0.3397234375 0.3490578125 0.3397234375 0.3419390625 0.33771874999999996 0.33837968749999997 0.33771874999999996 0.327703125 0.3347109375 0.31880625 0.3266921875 0.31880625 0.3246875 0.31524687500000004 0.2465 0.31524687500000004 0.2444953125 0.3116890625 0.1643046875 0.3116890625 0.1633015625 0.3134671875 0.161296875 0.3170265625 0.1633015625 0.32058593750000003 0.1633015625 0.3241453125 0.166309375 0.3294828125 0.1683140625 0.3294828125 0.1713203125 0.334821875 0.1713203125 0.33837968749999997 0.182346875 0.35795468750000003 0.1843515625 0.35795468750000003 0.187359375 0.36329218750000003 0.187359375 0.3668515625 0.1983859375 0.38642656249999996 0.200390625 0.38642656249999996 0.203396875 0.3917640625
2 0.357765625 0.409559375 0.35977031249999997 0.41311875000000003 0.35977031249999997 0.42023593750000005 0.361775 0.42379531249999997 0.361775 0.4309125 0.3647828125 0.4362515625 0.38483125 0.4362515625 0.3868359375 0.4398109375 0.4890796875 0.4398109375 0.4920859375 0.434471875 0.4920859375 0.42735312499999994 0.494090625 0.42379531249999997 0.494090625 0.41311875000000003 0.49609531249999994 0.409559375 0.49609531249999994 0.402440625 0.4981 0.3988828125 0.4981 0.38820625 0.50010625 0.384646875 0.5021109375 0.3739703125 0.5061203125 0.3668515625 0.5061203125 0.36329218750000003 0.5081249999999999 0.359734375 0.5081249999999999 0.352615625 0.5101296875 0.3490578125 0.5101296875 0.3419390625 0.512134375 0.33837968749999997 0.512134375 0.3312625 0.51113125 0.3294828125 0.5091265625 0.3330421875 0.5071218749999999 0.3294828125 0.4850703125 0.3294828125 0.48306562499999994 0.3259234375 0.4209171875 0.3259234375 0.41891249999999997 0.322365625 0.41690625 0.3259234375 0.40487812500000003 0.3259234375 0.4028734375 0.322365625 0.40086875 0.3259234375 0.3988640625 0.3259234375 0.396859375 0.322365625 0.39485468749999997 0.322365625 0.39285000000000003 0.3259234375 0.3908453125 0.3259234375 0.388840625 0.322365625 0.3868359375 0.322365625 0.38483125 0.3259234375 0.382825 0.322365625 0.3507484375 0.322365625 0.349746875 0.3241453125 0.3457375 0.327703125 0.3457375 0.33837968749999997 0.3477421875 0.3419390625 0.3477421875 0.352615625 0.349746875 0.356175 0.349746875 0.36329218750000003 0.3517515625 0.3668515625 0.3517515625 0.377528125 0.35375625 0.38108749999999997 0.35375625 0.384646875 0.35576093750000004 0.38820625 0.35576093750000004 0.3953234375 0.357765625 0.3988828125 0.357765625 0.409559375
2 0.5873140625 0.44336875 0.58931875 0.446928125 0.61538125 0.446928125 0.6173859375 0.44336875 0.6213953125 0.44336875 0.6264062499999999 0.434471875 0.6264062499999999 0.4309125 0.640440625 0.40599999999999997 0.640440625 0.402440625 0.643446875 0.4006625 0.6484593750000001 0.3917640625 0.6484593750000001 0.38820625 0.6514671875 0.38642656249999996 0.656478125 0.377528125 0.65748125 0.372190625 0.6634953125 0.36863125 0.6644984375 0.36329218750000003 0.6675046874999999 0.3615140625 0.6765265625 0.3454984375 0.6755234375 0.340159375 0.6715140625 0.340159375 0.669509375 0.3366015625 0.6254046875 0.3366015625 0.6234 0.3330421875 0.5913234375 0.3330421875 0.58931875 0.3294828125 0.551228125 0.3294828125 0.5492234375 0.3259234375 0.525165625 0.3259234375 0.5241625 0.327703125 0.51614375 0.3490578125 0.51614375 0.359734375 0.5141390625 0.36329218750000003 0.5141390625 0.3668515625 0.5081249999999999 0.384646875 0.5081249999999999 0.3953234375 0.5041156250000001 0.402440625 0.5041156250000001 0.409559375 0.5021109375 0.41311875000000003 0.5021109375 0.42379531249999997 0.50010625 0.42735312499999994 0.50010625 0.43803125 0.5031125000000001 0.44336875 0.5873140625 0.44336875
2 0.6915625000000001 0.446928125 0.6935671875 0.45048750000000004 0.7456921875 0.45048750000000004 0.747696875 0.446928125 0.7497015625000001 0.446928125 0.7537109375 0.4398109375 0.755715625 0.4398109375 0.7617296875 0.42913281249999996 0.76774375 0.425575 0.7737578125 0.414896875 0.7797734375 0.4113390625 0.7857875 0.4006625 0.7897968750000001 0.4006625 0.7998203125 0.38642656249999996 0.801825 0.38642656249999996 0.8038296875000001 0.3828671875 0.8098453125 0.3793078125 0.8158593749999999 0.36863125 0.81986875 0.36863125 0.8218734375000001 0.365071875 0.823878125 0.365071875 0.8278874999999999 0.35795468750000003 0.831896875 0.35795468750000003 0.8359062500000001 0.3508359375 0.8389140625 0.3490578125 0.8389140625 0.3419390625 0.8379109375 0.340159375 0.7637343750000001 0.340159375 0.7617296875 0.3366015625 0.6915625000000001 0.3366015625 0.6905593750000001 0.33837968749999997 0.68655 0.3454984375 0.68655 0.3490578125 0.68354375 0.3543953125 0.6815390625 0.3543953125 0.6705125 0.3739703125 0.669509375 0.3793078125 0.6675046874999999 0.3793078125 0.6414421875 0.425575 0.6394375 0.425575 0.6344265625000001 0.434471875 0.6344265625000001 0.43803125 0.632421875 0.4415890625 0.635428125 0.446928125 0.6915625000000001 0.446928125
2 0.8038296875000001 0.397103125 0.79380625 0.4113390625 0.7918015625 0.4113390625 0.7897968750000001 0.414896875 0.7877921875 0.414896875 0.7857875 0.41845625000000003 0.7837828124999999 0.41845625000000003 0.781778125 0.42201562499999995 0.7757625 0.425575 0.771753125 0.4326921875 0.7697484375 0.4326921875 0.7627328125 0.4451484375 0.7657390625 0.45048750000000004 0.8218734375000001 0.45048750000000004 0.823878125 0.4540453125 0.865978125 0.4540453125 0.8760031250000001 0.44336875 0.8800125 0.44336875 0.884021875 0.4362515625 0.8860265625 0.4362515625 0.88803125 0.4326921875 0.8900359375000001 0.4326921875 0.8920406249999999 0.42913281249999996 0.8940453125 0.42913281249999996 0.89605 0.425575 0.8980546875 0.425575 0.9080796875000001 0.414896875 0.9120890625 0.414896875 0.9140937499999999 0.4113390625 0.9160984375 0.4113390625 0.926121875 0.4006625 0.93013125 0.4006625 0.9321359375 0.397103125 0.9361453125000001 0.397103125 0.93815 0.39354374999999997 0.9401546875 0.39354374999999997 0.9441656249999999 0.38642656249999996 0.948175 0.38642656249999996 0.9501796875 0.3828671875 0.9541890625 0.3828671875 0.9561937500000001 0.3793078125 0.9581984374999999 0.3793078125 0.9622078125 0.372190625 0.9662171875000001 0.372190625 0.968221875 0.36863125 0.9722312499999999 0.36863125 0.9742374999999999 0.365071875 0.9802515625 0.3615140625 0.9832578125 0.356175 0.98225625 0.3543953125 0.9762421874999999 0.3543953125 0.9742374999999999 0.3508359375 0.9241171874999999 0.3508359375 0.9221125000000001 0.347278125 0.9201078125000001 0.3508359375 0.9160984375 0.3508359375 0.9140937499999999 0.347278125 0.8599640624999999 0.347278125 0.8579593750000001 0.34371874999999996 0.85695625 0.3454984375 0.8519453125 0.3508359375 0.849940625 0.3508359375 0.8479359375 0.3543953125 0.8459312499999999 0.3543953125 0.8419203124999999 0.3615140625 0.8359062500000001 0.365071875 0.831896875 0.372190625 0.8258828125000001 0.37575 0.8218734375000001 0.3828671875 0.8158593749999999 0.38642656249999996 0.81185 0.39354374999999997 0.8098453125 0.39354374999999997 0.8078390625 0.397103125 0.8038296875000001 0.397103125
2 1 0.36325625 0.99829375 0.365071875 0.994284375 0.365071875 0.9922796875 0.36863125 0.9882703125000001 0.36863125 0.98225625 0.37575 0.978246875 0.37575 0.9722312499999999 0.3828671875 0.968221875 0.3828671875 0.9581984374999999 0.39354374999999997 0.9541890625 0.39354374999999997 0.9521843750000001 0.397103125 0.9501796875 0.397103125 0.948175 0.4006625 0.9441656249999999 0.4006625 0.93815 0.4077796875 0.9341406250000001 0.4077796875 0.9281265624999999 0.414896875 0.9241171874999999 0.414896875 0.9140937499999999 0.425575 0.910084375 0.425575 0.900059375 0.4362515625 0.89605 0.4362515625 0.8940453125 0.4398109375 0.8920406249999999 0.4398109375 0.8900359375000001 0.44336875 0.88803125 0.44336875 0.88301875 0.4487078125 0.88803125 0.4540453125 0.9461703124999999 0.4540453125 0.948175 0.45760468750000005 0.9762421874999999 0.45760468750000005 0.978246875 0.4540453125 0.9842609375 0.4540453125 0.994284375 0.44336875 0.99829375 0.44336875 1 0.440340625 1 0.36325625
2 0 0.475503125 0.0059265625 0.48251718749999994 0.0099359375 0.48251718749999994 0.019959374999999998 0.49319375 0.02396875 0.49319375 0.03399375 0.503871875 0.0400078125 0.503871875 0.046021875000000004 0.5109890625 0.06607031249999999 0.5109890625 0.068075 0.5145484375 0.14225156249999998 0.5145484375 0.145259375 0.509209375 0.145259375 0.5056499999999999 0.140246875 0.496753125 0.1382421875 0.496753125 0.13623749999999998 0.49319375 0.13423281250000002 0.49319375 0.132228125 0.4896359375 0.1302234375 0.4896359375 0.12821875 0.4860765625 0.1262140625 0.4860765625 0.124209375 0.48251718749999994 0.122203125 0.48251718749999994 0.1201984375 0.4789578125 0.11819375000000001 0.4789578125 0.11618906250000001 0.47539999999999993 0.110175 0.471840625 0.106165625 0.4647234375 0.10015156249999999 0.46116406249999997 0.0961421875 0.4540453125 0.0941375 0.4540453125 0.09213281250000001 0.45048750000000004 0.088121875 0.45048750000000004 0.0861171875 0.446928125 0 0.446928125 0 0.475503125
2 0.14225156249999998 0.496753125 0.14425625 0.496753125 0.1462609375 0.5003124999999999 0.152275 0.503871875 0.1562859375 0.5109890625 0.158290625 0.5109890625 0.1602953125 0.5145484375 0.2585296875 0.5145484375 0.25953125 0.509209375 0.2535171875 0.4985328125 0.2535171875 0.4949734375 0.2465 0.48251718749999994 0.2444953125 0.48251718749999994 0.22945937500000002 0.45582500000000004 0.22945937500000002 0.45226718750000006 0.2244484375 0.44336875 0.2234453125 0.4451484375 0.22244375 0.446928125 0.1041609375 0.446928125 0.101153125 0.45226718750000006 0.10215624999999999 0.4540453125 0.106165625 0.4540453125 0.1121796875 0.4647234375 0.114184375 0.4647234375 0.11618906250000001 0.46828125 0.122203125 0.471840625 0.12821875 0.48251718749999994 0.1302234375 0.48251718749999994 0.132228125 0.4860765625 0.13623749999999998 0.4860765625 0.14225156249999998 0.496753125
2 0 0.5109890625 0.0359984375 0.5109890625 0.037 0.509209375 0.029984375 0.5003124999999999 0.025974999999999998 0.5003124999999999 0.019959374999999998 0.49319375 0.01595 0.49319375 0.0059265625 0.48251718749999994 0.0019171875 0.48251718749999994 0 0.4791140625 0 0.5109890625
2 0.27456718750000003 0.5145484375 0.276571875 0.51810625 0.3667875 0.51810625 0.36979531250000003 0.51276875 0.36979531250000003 0.509209375 0.3677890625 0.5056499999999999 0.3677890625 0.4985328125 0.365784375 0.4949734375 0.365784375 0.48785625 0.3637796875 0.48429687499999996 0.3637796875 0.47717968749999995 0.361775 0.47362031250000003 0.361775 0.46650156249999997 0.35977031249999997 0.46294375 0.35977031249999997 0.45582500000000004 0.354759375 0.45048750000000004 0.23848124999999998 0.45048750000000004 0.23747812499999998 0.45226718750000006 0.2354734375 0.45582500000000004 0.23747812499999998 0.45938437499999996 0.23747812499999998 0.46294375 0.2404859375 0.46828125 0.242490625 0.46828125 0.2454984375 0.47362031250000003 0.2454984375 0.47717968749999995 0.24850468750000002 0.4789578125 0.2535171875 0.48785625 0.2535171875 0.49141406249999997 0.26454374999999997 0.5109890625 0.2665484375 0.5109890625 0.268553125 0.5145484375 0.27456718750000003 0.5145484375
2 0.46702656249999996 0.51810625 0.46903125 0.51810625 0.47103593750000006 0.521665625 0.4760484375 0.51276875 0.4760484375 0.5056499999999999 0.478053125 0.5020921875 0.478053125 0.4949734375 0.4800578125 0.49141406249999997 0.4800578125 0.48429687499999996 0.48206249999999995 0.48073750000000004 0.48206249999999995 0.47362031250000003 0.48607187500000004 0.46294375 0.48306562499999994 0.45760468750000005 0.46301718750000004 0.45760468750000005 0.4610125 0.4540453125 0.3667875 0.4540453125 0.365784375 0.45582500000000004 0.365784375 0.4700609375 0.3677890625 0.47362031250000003 0.3677890625 0.48073750000000004 0.36979531250000003 0.48429687499999996 0.36979531250000003 0.49141406249999997 0.3718 0.4949734375 0.3718 0.5020921875 0.3738046875 0.5056499999999999 0.3738046875 0.51276875 0.3768109375 0.51810625 0.45700312500000007 0.51810625 0.4590078125 0.521665625 0.465021875 0.521665625 0.46702656249999996 0.51810625
2 0.5873140625 0.496753125 0.58931875 0.496753125 0.5903203125 0.49141406249999997 0.593328125 0.4896359375 0.606359375 0.46650156249999997 0.60535625 0.46116406249999997 0.5772890625 0.46116406249999997 0.5752843750000001 0.45760468750000005 0.4930890625 0.45760468750000005 0.4920859375 0.45938437499999996 0.48807656250000003 0.4700609375 0.48807656250000003 0.47717968749999995 0.48607187500000004 0.48073750000000004 0.48607187500000004 0.48429687499999996 0.48206249999999995 0.4949734375 0.48206249999999995 0.5020921875 0.4800578125 0.5056499999999999 0.4800578125 0.516328125 0.4850703125 0.521665625 0.5732796875 0.521665625 0.5792937499999999 0.5109890625 0.5812999999999999 0.5109890625 0.5823015625 0.5056499999999999 0.5873140625 0.496753125
2 0.6975765625 0.4896359375 0.69958125 0.4896359375 0.7015859375 0.4860765625 0.703590625 0.4860765625 0.7055953125000001 0.48251718749999994 0.7076 0.48251718749999994 0.7096046874999999 0.4789578125 0.7116109374999999 0.4789578125 0.716621875 0.47362031250000003 0.716621875 0.46650156249999997 0.7156203125 0.4647234375 0.67351875 0.4647234375 0.6715140625 0.46116406249999997 0.6173859375 0.46116406249999997 0.6163828125 0.46294375 0.6033515625 0.4860765625 0.6013468750000001 0.4860765625 0.5873140625 0.5109890625 0.58430625 0.51276875 0.58430625 0.5198859375 0.585309375 0.521665625 0.6655 0.521665625 0.6715140625 0.5145484375 0.6755234375 0.5145484375 0.6815390625 0.503871875 0.6855484374999999 0.503871875 0.687553125 0.5003124999999999 0.6935671875 0.496753125 0.6975765625 0.4896359375
2 0.687553125 0.5109890625 0.6845453125 0.516328125 0.6845453125 0.5198859375 0.6855484374999999 0.521665625 0.69958125 0.521665625 0.7015859375 0.525225 0.759725 0.525225 0.7617296875 0.521665625 0.7697484375 0.521665625 0.771753125 0.51810625 0.7757625 0.51810625 0.781778125 0.5109890625 0.7857875 0.5109890625 0.7877921875 0.5074296875 0.7897968750000001 0.5074296875 0.7918015625 0.503871875 0.79380625 0.503871875 0.7958109375 0.5003124999999999 0.7978156249999999 0.5003124999999999 0.8078390625 0.4896359375 0.81185 0.4896359375 0.8178640625 0.48251718749999994 0.8218734375000001 0.48251718749999994 0.823878125 0.4789578125 0.8278874999999999 0.4789578125 0.8308953125 0.47362031250000003 0.8258828125000001 0.46828125 0.7617296875 0.46828125 0.759725 0.4647234375 0.737671875 0.4647234375 0.7366703125 0.46650156249999997 0.7356671875 0.46828125 0.7316578125000001 0.46828125 0.7276484375 0.47539999999999993 0.7256437499999999 0.47539999999999993 0.7236390625 0.4789578125 0.717625 0.48251718749999994 0.713615625 0.4896359375 0.7116109374999999 0.4896359375 0.7096046874999999 0.49319375 0.703590625 0.496753125 0.69958125 0.503871875 0.695571875 0.503871875 0.6935671875 0.5074296875 0.687553125 0.5109890625
2 0.7918015625 0.5109890625 0.7897968750000001 0.5145484375 0.7837828124999999 0.5145484375 0.780775 0.5198859375 0.781778125 0.521665625 0.7857875 0.521665625 0.7877921875 0.525225 0.8599640624999999 0.525225 0.86196875 0.521665625 0.8679828125 0.521665625 0.8699875 0.51810625 0.8739968749999999 0.51810625 0.8760031250000001 0.5145484375 0.8820171875 0.5145484375 0.88803125 0.5074296875 0.8920406249999999 0.5074296875 0.8940453125 0.503871875 0.8980546875 0.503871875 0.900059375 0.5003124999999999 0.9060734374999999 0.5003124999999999 0.9080796875000001 0.496753125 0.910084375 0.496753125 0.9120890625 0.49319375 0.9160984375 0.49319375 0.918103125 0.4896359375 0.9241171874999999 0.4896359375 0.926121875 0.4860765625 0.93013125 0.4860765625 0.9321359375 0.48251718749999994 0.93815 0.48251718749999994 0.9401546875 0.4789578125 0.9441656249999999 0.4789578125 0.9491765624999999 0.47362031250000003 0.948175 0.471840625 0.9441656249999999 0.471840625 0.9421609375 0.46828125 0.849940625 0.46828125 0.8489375000000001 0.4700609375 0.8479359375 0.471840625 0.8439265625000001 0.471840625 0.8419203124999999 0.47539999999999993 0.839915625 0.47539999999999993 0.8298921874999999 0.4860765625 0.8258828125000001 0.4860765625 0.81986875 0.49319375 0.8158593749999999 0.49319375 0.8138546874999999 0.496753125 0.8098453125 0.496753125 0.7998203125 0.5074296875 0.7958109375 0.5074296875 0.79380625 0.5109890625 0.7918015625 0.5109890625
2 1 0.471840625 0.9602031249999999 0.471840625 0.9592015625 0.47362031250000003 0.9581984374999999 0.47539999999999993 0.9521843750000001 0.47539999999999993 0.9501796875 0.4789578125 0.9461703124999999 0.4789578125 0.9441656249999999 0.48251718749999994 0.9401546875 0.48251718749999994 0.93815 0.4860765625 0.9341406250000001 0.4860765625 0.9321359375 0.4896359375 0.9281265624999999 0.4896359375 0.926121875 0.49319375 0.9221125000000001 0.49319375 0.9201078125000001 0.496753125 0.9160984375 0.496753125 0.9140937499999999 0.5003124999999999 0.9080796875000001 0.5003124999999999 0.9060734374999999 0.503871875 0.9020640625 0.503871875 0.900059375 0.5074296875 0.89605 0.5074296875 0.8940453125 0.5109890625 0.88803125 0.5109890625 0.8860265625 0.5145484375 0.8780078124999999 0.5145484375 0.8729953125 0.5198859375 0.8760031250000001 0.525225 0.9501796875 0.525225 0.9521843750000001 0.521665625 0.9602031249999999 0.521665625 0.9622078125 0.51810625 0.968221875 0.51810625 0.9702265625000001 0.5145484375 0.9742374999999999 0.5145484375 0.9762421874999999 0.5109890625 0.9802515625 0.5109890625 0.98225625 0.5074296875 0.9882703125000001 0.5074296875 0.9902749999999999 0.503871875 0.9962890625 0.503871875 0.99829375 0.5003124999999999 1 0.5003124999999999 1 0.471840625
2 1 0.5044015625 0.99829375 0.5074296875 0.994284375 0.5074296875 0.9922796875 0.5109890625 0.986265625 0.5109890625 0.9842609375 0.5145484375 0.978246875 0.5145484375 0.9762421874999999 0.51810625 0.9702265625000001 0.51810625 0.968221875 0.521665625 0.9561937500000001 0.521665625 0.955190625 0.5234453125 0.9561937500000001 0.525225 0.9622078125 0.525225 0.9642125 0.5287843750000001 1 0.5287843750000001 1 0.5044015625
2 0 0.546734375 0.0019171875 0.5501375000000001 0.0059265625 0.5501375000000001 0.007931249999999999 0.553696875 0.011940625 0.553696875 0.013945312500000001 0.5572546875 0.0179546875 0.5572546875 0.019959374999999998 0.5608140625 0.025974999999999998 0.5608140625 0.0279796875 0.5643734375 0.1041609375 0.5643734375 0.10716875 0.559034375 0.10215624999999999 0.553696875 0.098146875 0.553696875 0.09213281250000001 0.546578125 0.088121875 0.546578125 0.0821078125 0.5394609375 0.07809843749999999 0.5394609375 0.072084375 0.5323421875000001 0.068075 0.5323421875000001 0.0580515625 0.521665625 0 0.521665625 0 0.546734375
2 0.1983859375 0.5643734375 0.1993875 0.56259375 0.1983859375 0.5572546875 0.19638125 0.5572546875 0.1943765625 0.553696875 0.192371875 0.553696875 0.19036718749999998 0.5501375000000001 0.1843515625 0.546578125 0.1803421875 0.5394609375 0.1763328125 0.5394609375 0.1723234375 0.5323421875000001 0.17031875000000002 0.5323421875000001 0.1643046875 0.521665625 0.068075 0.521665625 0.067071875 0.5234453125 0.068075 0.5287843750000001 0.0700796875 0.5287843750000001 0.07609375 0.5359015625 0.080103125 0.5359015625 0.0821078125 0.5394609375 0.0861171875 0.5394609375 0.0961421875 0.5501375000000001 0.10015156249999999 0.5501375000000001 0.10215624999999999 0.553696875 0.1041609375 0.553696875 0.106165625 0.5572546875 0.110175 0.5572546875 0.11618906250000001 0.5643734375 0.1983859375 0.5643734375
2 0.276571875 0.5643734375 0.2886015625 0.5643734375 0.289603125 0.56259375 0.289603125 0.559034375 0.2705578125 0.525225 0.2364765625 0.525225 0.23447187500000002 0.521665625 0.17833749999999998 0.521665625 0.1763328125 0.525225 0.174328125 0.525225 0.1723234375 0.521665625 0.1713203125 0.5234453125 0.1713203125 0.5270046875000001 0.174328125 0.5323421875000001 0.1763328125 0.5323421875000001 0.17833749999999998 0.5359015625 0.1843515625 0.5394609375 0.1883609375 0.546578125 0.1943765625 0.5501375000000001 0.1983859375 0.5572546875 0.200390625 0.5572546875 0.2064046875 0.5643734375 0.2204375 0.5643734375 0.22244375 0.5679328124999999 0.27456718750000003 0.5679328124999999 0.276571875 0.5643734375
2 0.375809375 0.5483578125 0.375809375 0.541240625 0.3738046875 0.53768125 0.3738046875 0.5305625 0.370796875 0.525225 0.27857656249999996 0.525225 0.277575 0.5270046875000001 0.2795796875 0.53768125 0.2825859375 0.54301875 0.284590625 0.54301875 0.28559375 0.5483578125 0.29060625 0.5572546875 0.2926109375 0.5572546875 0.2966203125 0.5643734375 0.30062968749999996 0.5643734375 0.302634375 0.5679328124999999 0.3768109375 0.5679328124999999 0.37981875 0.56259375 0.3778140625 0.559034375 0.3778140625 0.5519171875 0.375809375 0.5483578125
2 0.47203906250000005 0.53768125 0.47203906250000005 0.5305625 0.46903125 0.525225 0.378815625 0.525225 0.3778140625 0.5270046875000001 0.3778140625 0.53768125 0.37981875 0.541240625 0.37981875 0.5483578125 0.3818234375 0.5519171875 0.3818234375 0.559034375 0.38483125 0.5679328124999999 0.46301718750000004 0.5679328124999999 0.46602343749999997 0.559034375 0.46602343749999997 0.555475 0.46802968749999996 0.5519171875 0.46802968749999996 0.5483578125 0.470034375 0.5447984375 0.470034375 0.541240625 0.47203906250000005 0.53768125
2 0.56325625 0.5323421875000001 0.5532328125 0.5323421875000001 0.551228125 0.5287843750000001 0.4790546875 0.5287843750000001 0.478053125 0.5305625 0.47404375 0.53768125 0.47404375 0.541240625 0.47203906250000005 0.5447984375 0.47203906250000005 0.5519171875 0.46802968749999996 0.56259375 0.47103593750000006 0.5679328124999999 0.47705000000000003 0.5679328124999999 0.4790546875 0.571490625 0.5432078125 0.571490625 0.5452125 0.5679328124999999 0.5472171875 0.5679328124999999 0.5482203125 0.56259375 0.5642578125 0.5341218750000001 0.56325625 0.5323421875000001
2 0.635428125 0.5572546875 0.6394375 0.5501375000000001 0.6414421875 0.5501375000000001 0.6514671875 0.5394609375 0.6554765625 0.5394609375 0.656478125 0.53768125 0.6554765625 0.5323421875000001 0.6494625 0.5323421875000001 0.6474578125 0.5287843750000001 0.5752843750000001 0.5287843750000001 0.5742828125 0.5305625 0.571275 0.5359015625 0.5692703125 0.5359015625 0.5642578125 0.5447984375 0.56325625 0.5501375000000001 0.5602484375000001 0.5519171875 0.5602484375000001 0.555475 0.5562390625 0.56259375 0.5562390625 0.5697109375 0.5572421875 0.571490625 0.6234 0.571490625 0.6254046875 0.5679328124999999 0.6274093749999999 0.5679328124999999 0.6334234375000001 0.5572546875 0.635428125 0.5572546875
2 0.7015859375 0.571490625 0.703590625 0.5679328124999999 0.7076 0.5679328124999999 0.713615625 0.5608140625 0.717625 0.5608140625 0.721634375 0.553696875 0.7236390625 0.553696875 0.7256437499999999 0.5501375000000001 0.7316578125000001 0.5501375000000001 0.7356671875 0.54301875 0.74168125 0.54301875 0.7436859375 0.5394609375 0.7497015625000001 0.5394609375 0.7527078125 0.5341218750000001 0.75170625 0.5323421875000001 0.7436859375 0.5323421875000001 0.74168125 0.5287843750000001 0.669509375 0.5287843750000001 0.6685078125 0.5305625 0.6634953125 0.5359015625 0.661490625 0.5359015625 0.65748125 0.54301875 0.6554765625 0.54301875 0.6534718749999999 0.546578125 0.6514671875 0.546578125 0.6494625 0.5501375000000001 0.6474578125 0.5501375000000001 0.6454515625 0.553696875 0.6394375 0.5572546875 0.63643125 0.56259375 0.63643125 0.566153125 0.6414421875 0.571490625 0.7015859375 0.571490625
2 0.712103125 0.568440625 0.7117218750000001 0.5690765625 0.7834109375 0.569984375 0.8439359375000001 0.5351109375 0.7613234375 0.532334375 0.712103125 0.568440625
2 0.78895 0.5706015625 0.8590406249999999 0.5715265625 0.9277390625 0.5360375000000001 0.9259999999999999 0.533259375 0.849475 0.5341859375 0.78895 0.5706015625
2 1 0.5374296875 0.9358578124999999 0.5365296875000001 0.863396875 0.57058125 0.93033125 0.5719421875 1 0.5439609375 1 0.5374296875
2 0.21141875 0.571425 0.12860625 0.5706125 0.16719062499999998 0.5992984375 0.2405484375 0.59956875 0.21141875 0.571425
2 0.21581406250000001 0.571153125 0.24235 0.6003812500000001 0.313878125 0.59956875 0.313878125 0.599028125 0.2977125 0.571153125 0.21581406250000001 0.571153125
2 0.300659375 0.5722359375 0.316978125 0.5998390625 0.386371875 0.600109375 0.38621875 0.599028125 0.38164375 0.57250625 0.300659375 0.5722359375
2 0.46300937500000006 0.574921875 0.38558125 0.57331875 0.388478125 0.59956875 0.45787187500000004 0.602275 0.46300937500000006 0.574921875
2 0.4647796875 0.576025 0.459746875 0.6009218749999999 0.5268531249999999 0.6017328125 0.5417984375 0.5752125 0.54301875 0.574671875 0.4647796875 0.576025
2 0.619053125 0.5763203125 0.5465109375 0.575784375 0.5295828124999999 0.6033875 0.5948578125 0.6031171875 0.619053125 0.5763203125
2 0.5992171875000001 0.6033875 0.66159375 0.602034375 0.6954515625 0.575784375 0.69499375 0.5744312500000001 0.6248390625 0.5755140625 0.5992171875000001 0.6033875
2 0.665265625 0.6022515625 0.7277953125 0.602521875 0.7718703125 0.5768140625 0.77171875 0.5760015625 0.7006484375 0.57573125 0.665265625 0.6022515625
2 0.7314703125 0.6021156249999999 0.78759375 0.6031984375 0.8435656249999999 0.5783015625 0.84448125 0.577490625 0.7764609375 0.5769484375 0.7314703125 0.6021156249999999