1 1 1 0.9988828125 0.7196703125 0.0103 0.7223265624999999 0.0133625 0.726796875 0.011778125 1 1 1
0 0.883428125 0.7846093749999999 0.8756078125 0.7794796875000001 0.8663234375 0.776915625 0.858503125 0.782778125 0.8580140625 0.78900625 0.8787390625 0.7910296875 0.8795187500000001 0.7919375 0.883428125 0.7846093749999999
0 0.9547812499999999 0.7802125 0.9806828124999999 0.7802125 0.9821484375 0.7802125 0.9743296875 0.7677562499999999 0.9567359375000001 0.7677562499999999 0.9469609374999999 0.7758171875000001 0.9547812499999999 0.7802125
0 0.821478125 0.8686328124999999 0.8307625 0.8744953125 0.8327187500000001 0.8730296875000001 0.8361390625 0.8682671875000001 0.8371171875 0.8594734374999999 0.82783125 0.8594734374999999 0.821478125 0.8686328124999999
0 0.5305984375 0.880859375 0.5286453125 0.876465625 0.521484375 0.872559375 0.50390625 0.8720703125 0.4967453125 0.8779296875 0.4973953125 0.8876953125 0.5013015625 0.8901375 0.5026046875 0.8969734375 0.5065109375 0.89795 0.5084640625 0.8955078125 0.513671875 0.895996875 0.5279953125 0.8901375 0.5305984375 0.880859375
0 0.06171093749999999 0.8005375000000001 0.062012500000000005 0.8021687500000001 0.0601703125 0.7900875 0.04958125 0.7911234375 0.0385296875 0.7928499999999999 0.0293203125 0.7942296875 0.034385937500000005 0.80044375 0.03806875 0.8056203125 0.050040625000000005 0.8049296874999999 0.06171093749999999 0.8005375000000001
1 0.1550234375 0.1093140625 0 0.4208 0.004478125 0.697034375 1 0.6893374999999999 0.99926875 0.6003953125 0.8361328125 0.1009484375 0.1550234375 0.1093140625
0 0.9166671875000001 0.6708984375 0.9173171874999999 0.665528125 0.9153640624999999 0.65625 0.9075515624999999 0.6455078125 0.9049484375000001 0.615234375 0.900390625 0.6083984375 0.900390625 0.6000984375 0.8932296875000001 0.5986328125 0.888671875 0.601075 0.884765625 0.610840625 0.88671875 0.622559375 0.884765625 0.630859375 0.892578125 0.6376953125 0.8951828125000001 0.6611328125 0.900390625 0.673828125 0.9049484375000001 0.67529375 0.9166671875000001 0.6708984375
0 0.775390625 0.27783281249999997 0.7721359375 0.28271562499999997 0.7727859375 0.2861328125 0.779296875 0.29052812499999997 0.7858078125 0.28955156249999997 0.791015625 0.28466874999999997 0.7858078125 0.24169999999999997 0.7923171875 0.2353515625 0.7962234375 0.224609375 0.8020828124999999 0.22216874999999997 0.8040359374999999 0.2099609375 0.8111984375000001 0.2041015625 0.8170578125000001 0.1938484375 0.8157546874999999 0.181153125 0.8079421874999999 0.1801765625 0.79296875 0.1826171875 0.794921875 0.19873125 0.7884109375 0.1958015625 0.7825515625 0.1977546875 0.7864578125 0.21044999999999997 0.7786453125 0.22314531249999997 0.7786453125 0.2333984375 0.7747390625 0.240234375 0.775390625 0.27783281249999997
0 0.8274734374999999 0.376953125 0.8333328124999999 0.361328125 0.8391921874999999 0.359375 0.8391921874999999 0.3564453125 0.8248703125000001 0.2978515625 0.8235671874999999 0.2724609375 0.8170578125000001 0.26611406249999997 0.814453125 0.24755937499999997 0.80859375 0.23828125 0.806640625 0.23828125 0.8138015624999999 0.271484375 0.8170578125000001 0.3212890625 0.8157546874999999 0.38232499999999997 0.8209640625000001 0.40185624999999997 0.8287765625000001 0.40380937499999997 0.83203125 0.4013671875 0.83203125 0.3955078125 0.828125 0.388671875 0.8274734374999999 0.376953125
0 0.8072921875000001 0.1528328125 0.8131515625000001 0.177734375 0.8170578125000001 0.1792 0.837890625 0.1782234375 0.8294265624999999 0.1484375 0.8248703125000001 0.14404375 0.814453125 0.1401375 0.818359375 0.130859375 0.8118484374999999 0.1259765625 0.810546875 0.1215828125 0.8040359374999999 0.1196296875 0.7955734375 0.1123046875 0.7766921875 0.1103515625 0.77734375 0.1137703125 0.7903640625 0.1196296875 0.7916671875 0.1328125 0.794921875 0.132325 0.7955734375 0.134765625 0.8033859375000001 0.1396484375 0.8046875 0.1474609375 0.802734375 0.1508796875 0.8072921875000001 0.1528328125
0 0.6328125 0.123046875 0.638671875 0.1274421875 0.6471359375 0.126953125 0.6484375 0.1245125 0.6438796875 0.1137703125 0.634765625 0.1123046875 0.630859375 0.1142578125 0.6328125 0.123046875
0 0.2791375 0.167378125 0.280125 0.166884375 0.2863796875 0.1617015625 0.29197812500000003 0.1560234375 0.2886859375 0.150840625 0.280453125 0.150840625 0.27090468749999996 0.15256875 0.271234375 0.15923281250000001 0.272221875 0.16515625 0.2791375 0.167378125
0 0.7213375 0.42931406250000004 0.709746875 0.4385296875 0.72660625 0.44142656249999995 0.7325781250000001 0.433790625 0.7213375 0.42931406250000004
0 0.5626609375 0.408628125 0.5489625 0.4144203125 0.55458125 0.4212671875 0.5654703125 0.4223203125 0.5665609375 0.4216265625 0.576359375 0.41679062499999997 0.5724953125 0.41047031250000005 0.5626609375 0.408628125
0 0.55418125 0.36595625 0.5479421875 0.361465625 0.53945625 0.3625890625 0.54020625 0.3691375 0.5409546875 0.37699531249999996 0.555453125 0.3751703125 0.5556796875 0.37568437499999996 0.55418125 0.36595625
0 0.27676249999999997 0.5286125 0.2556015625 0.5315578125 0.245021875 0.5320109375000001 0.23595312499999999 0.5385828125 0.24592968750000002 0.5428890625 0.2574375 0.5439765624999999 0.2930859375 0.5403953125000001 0.27676249999999997 0.5286125
1 0.0002609375 0.10701562499999999 0.0002609375 0.3299109375 0.1137875 0.10752187499999999 0 0.10650937499999999 0.0002609375 0.10701562499999999
0 0.050173437499999994 0.1683359375 0.0594171875 0.16799843750000001 0.05965625 0.16791875 0.0758328125 0.15997343749999998 0.076390625 0.151609375 0.0646765625 0.14868281249999998 0.050173437499999994 0.1436640625 0.0479421875 0.14868281249999998 0.042921875 0.1553734375 0.04180625 0.16373593749999998 0.050173437499999994 0.1683359375