1 1 0.4858359375 0.93611875 0.7813015625 1 0.8028437500000001 1 0.4858359375
1 0.9986499999999999 0.47005468749999996 0.7736953125 0.45170937499999997 0.635134375 0.711271875 0.926946875 0.7846375 0.9986499999999999 0.47005468749999996
1 0.764365625 0.4533796875 0.589278125 0.44226406249999994 0.41752500000000003 0.663471875 0.6267968749999999 0.710159375 0.764365625 0.4533796875
1 0.44337187499999997 0.432259375 0.253571875 0.6241156250000001 0.414190625 0.66125 0.5867765625 0.44226406249999994 0.44337187499999997 0.432259375
1 0.3208109375 0.42336718749999996 0.12536562499999998 0.5949171875 0.2532765625 0.6234546875 0.4425375 0.433371875 0.3208109375 0.42336718749999996
1 0.2165921875 0.41447500000000004 0.024259375 0.5671109375000001 0.1198765625 0.5934421875 0.3199765625 0.4222546875 0.2165921875 0.41447500000000004
1 0 0.5585515625 0.022328124999999997 0.5667640625 0.21492499999999998 0.4122515625 0.13155 0.4078046875 0 0.5051593750000001 0 0.5585515625
1 0 0.5034796874999999 0.1283140625 0.41046250000000006 0.055548437500000006 0.405959375 0 0.4417625 0 0.5034796874999999
1 0.2030609375 0.314140625 0.05763125 0.40462499999999996 0.1301890625 0.40962812499999995 0.2721796875 0.31455781250000003 0.2030609375 0.314140625
1 0.2190125 0.41588281250000003 0.35693593749999997 0.31455781250000003 0.277809375 0.31330625 0.1339421875 0.40629218749999996 0.2190125 0.41588281250000003
1 0.3213828125 0.4207203125 0.45232968749999997 0.312478125 0.36263125 0.30898593750000003 0.21989843750000002 0.4128640625 0.3213828125 0.4207203125
1 0.44054374999999996 0.4329421875 0.5663609375 0.3073703125 0.458221875 0.30898593750000003 0.3226921875 0.4207203125 0.44054374999999996 0.4329421875
1 0.5885140625 0.44428906250000005 0.6956890625 0.3040953125 0.5682171874999999 0.30898593750000003 0.44119843750000004 0.42945 0.5885140625 0.44428906250000005
1 0.77249375 0.4521453125 0.854334375 0.3028765625 0.6998171875 0.3054953125 0.595715625 0.4407984375 0.77249375 0.4521453125
1 1 0.29998125 0.8540796875 0.30133125 0.78019375 0.4461046875 0.9978640625 0.468865625 1 0.4582140625 1 0.29998125
1 1 0.19992656250000002 0.9094546875 0.20385625 0.8582375000000001 0.2997796875 1 0.2990765625 1 0.19992656250000002
1 0.7755671875 0.209821875 0.7027593750000001 0.30221875 0.8539703125000001 0.29815468749999996 0.9064062500000001 0.20548281249999997 0.7755671875 0.209821875
1 0.6543687499999999 0.21897187499999998 0.569840625 0.3046578125 0.70336875 0.30221875 0.774096875 0.2127984375 0.6543687499999999 0.21897187499999998
1 0.6545921875 0.22011562499999998 0.5529890625 0.2281234375 0.45826093749999997 0.307096875 0.56923125 0.3046578125 0.6545921875 0.22011562499999998
1 0.4638046875 0.232190625 0.36314531250000004 0.308721875 0.45948124999999995 0.307096875 0.5539875000000001 0.22661875 0.4638046875 0.232190625
1 0.3860546875 0.23813749999999997 0.27839375 0.3128375 0.360096875 0.3112109375 0.46374843749999994 0.233984375 0.3860546875 0.23813749999999997
1 0.3833625 0.24016875 0.31497031249999996 0.2453 0.2052765625 0.31225468749999996 0.275225 0.31225468749999996 0.3833625 0.24016875
2 1 0.591128125 0.9942234375 0.591609375 0.9910140625 0.595890625 0.9826703125 0.597603125 0.9762515625000001 0.6104453125 0.9537875 0.726028125 0.94095 0.777396875 0.9403078125000001 0.784246875 0.9448015625 0.788528125 0.9903718749999999 0.7970890625 1 0.7973515625 1 0.591128125
2 0.6765078124999999 0.6977734375 0.6732984375 0.711471875 0.6655968750000001 0.721746875 0.916559375 0.785103125 0.9242625 0.783390625 0.9351734374999999 0.726028125 0.9595640624999999 0.628425 0.9646984375000001 0.599315625 0.9634140625000001 0.5787671875 0.9672656249999999 0.5753421875 0.7567390625 0.5753421875 0.74454375 0.587328125 0.7451859375 0.6018828125 0.7362 0.6130140625 0.7349171875 0.6232875 0.7214375000000001 0.6352734375 0.7201546875 0.6421234375 0.709884375 0.653253125 0.7086 0.660103125 0.693196875 0.6789390625 0.6899875 0.6875 0.6765078124999999 0.6977734375
2 0.4922984375 0.6335609375 0.46405624999999995 0.6421234375 0.44159218750000007 0.6438359375 0.424903125 0.653253125 0.4172015625 0.6643828125 0.6270859375 0.711471875 0.714378125 0.5505140625 0.7175859375 0.535103125 0.7124515625 0.531678125 0.718228125 0.529965625 0.65404375 0.529109375 0.6514765625 0.537671875 0.64120625 0.5530828125 0.6148906249999999 0.5642125 0.6007703125 0.5642125 0.5539156249999999 0.5804796875 0.53594375 0.6104453125 0.5089859375 0.6335609375 0.49358124999999997 0.6412671875 0.4897296875 0.6404109375 0.494865625 0.6352734375 0.4922984375 0.6335609375
2 0.25545625 0.61815 0.25032031250000003 0.62585625 0.2676515625 0.63270625 0.2926828125 0.6344171875 0.376765625 0.654109375 0.41142500000000004 0.658390625 0.42362031250000004 0.6472609375 0.4448015625 0.6164390625 0.4955078125 0.55565 0.529525 0.50599375 0.4268296875 0.5051375 0.4172015625 0.5196921875 0.39730468750000003 0.533390625 0.3863921875 0.5470890625 0.3453140625 0.56935 0.33119375 0.5856171875 0.3189984375 0.590753125 0.31450625 0.595890625 0.3061625 0.589896875 0.296534375 0.597603125 0.2798453125 0.6027390625 0.25545625 0.61815
2 0.352375 0.5102734375 0.352375 0.50599375 0.3465984375 0.5017125 0.3170734375 0.50599375 0.2792046875 0.536815625 0.25032031250000003 0.5513703125 0.19961562500000002 0.594178125 0.19127031249999998 0.594178125 0.1925546875 0.589040625 0.214378125 0.57020625 0.2220796875 0.55650625 0.24197656250000002 0.537671875 0.25994843749999996 0.503425 0.2727859375 0.4948625 0.268934375 0.4897265625 0.2516046875 0.4897265625 0.23620000000000002 0.4982875 0.193196875 0.532534375 0.13928125 0.5821921875 0.1328625 0.592465625 0.18035937500000002 0.6053078125 0.24839531250000002 0.61729375 0.2766359375 0.595890625 0.3093703125 0.5573625 0.3382546875 0.533390625 0.34852343750000003 0.5205484375 0.352375 0.5102734375
2 0.2073171875 0.4880140625 0.20218281249999998 0.4820203125 0.16880625 0.4811640625 0.1437734375 0.4880140625 0.055840625 0.5496578125 0.038510937499999995 0.55650625 0.03145 0.565925 0.106546875 0.587328125 0.12387656250000001 0.588184375 0.1386390625 0.5753421875 0.152759375 0.55565 0.18035937500000002 0.533390625 0.206675 0.5017125 0.2073171875 0.4880140625
2 0 0.561471875 0.017971875000000002 0.5642125 0.023106250000000002 0.5607875 0.046212500000000004 0.528253125 0.055840625 0.5214046875 0.0731703125 0.49743125 0.08215625 0.4914390625 0.085365625 0.4811640625 0.0956359375 0.468321875 0.0962765625 0.461471875 0.0943515625 0.4537671875 0.087290625 0.44435 0.0815140625 0.44435 0 0.502340625 0 0.561471875
2 0 0.48573125 0.0256734375 0.465753125 0.028240625000000002 0.44349375 0.0256734375 0.4323625 0.0224640625 0.43065 0 0.443890625 0 0.48573125
2 1 0.3621578125 0.9897296875 0.3655828125 0.9448015625 0.37414375 0.8908859375 0.375 0.8774062499999999 0.37928125 0.8568671875 0.3929796875 0.8267015625 0.434075 0.813221875 0.44435 0.8100125 0.4529109375 0.8356875 0.4580484375 0.9910140625 0.466609375 0.9974328124999999 0.4597609375 1 0.4483453125 1 0.3621578125
2 0.6039796875000001 0.4263703125 0.59499375 0.44178125 0.7682921875 0.4520546875 0.792040625 0.4152390625 0.8061624999999999 0.38184999999999997 0.8183562500000001 0.3655828125 0.8196406250000001 0.35188281250000003 0.813221875 0.349315625 0.768934375 0.3621578125 0.7464703125 0.3638703125 0.743903125 0.3604453125 0.72978125 0.3604453125 0.711809375 0.3613015625 0.7008984375 0.3655828125 0.6957640625 0.3630140625 0.6713734375 0.3655828125 0.6386390625 0.3852734375 0.6213093749999999 0.409246875 0.6039796875000001 0.4263703125
2 0.5237484375 0.36729375000000003 0.49679062500000004 0.3844171875 0.454428125 0.4238015625 0.4486515625 0.4323625 0.587290625 0.44006875 0.6534015625 0.3621578125 0.657253125 0.3535953125 0.6514765625 0.3527390625 0.6206671874999999 0.36729375000000003 0.5237484375 0.36729375000000003
2 0.39216875 0.3698625 0.37034687499999996 0.3844171875 0.3273421875 0.4203765625 0.3267015625 0.4238015625 0.44030781250000006 0.43150625 0.4871625 0.3869859375 0.509628125 0.3613015625 0.5019250000000001 0.3595890625 0.475609375 0.3647265625 0.39216875 0.3698625
2 0.2907578125 0.36643906249999997 0.2220796875 0.4160953125 0.3189984375 0.4220890625 0.3960203125 0.3621578125 0.3947375 0.3570203125 0.39024375 0.3570203125 0.362003125 0.3621578125 0.329909375 0.3595890625 0.2907578125 0.36643906249999997
2 0.19897343750000002 0.36643906249999997 0.1386390625 0.404109375 0.1335046875 0.410959375 0.21630312499999998 0.4160953125 0.2907578125 0.3630140625 0.290115625 0.3527390625 0.25545625 0.3595890625 0.2175859375 0.3613015625 0.19897343750000002 0.36643906249999997
2 0.1367140625 0.3561640625 0.054557812500000004 0.404965625 0.13029531249999998 0.410103125 0.20475 0.3621578125 0.20475 0.347603125 0.19961562500000002 0.347603125 0.188703125 0.35102812499999997 0.1649546875 0.349315625 0.1367140625 0.3561640625
2 0.211809375 0.30821875 0.20924218749999998 0.31335625 0.267009375 0.3142125 0.2779203125 0.31164375 0.2792046875 0.30565000000000003 0.2663671875 0.30393906249999997 0.2747109375 0.2936640625 0.275353125 0.287671875 0.268934375 0.281678125 0.26348906250000004 0.2822265625 0.211809375 0.30821875
2 0.37740625 0.285103125 0.3581515625 0.284246875 0.3254171875 0.28938281250000003 0.306803125 0.2996578125 0.293325 0.3030828125 0.283696875 0.309075 0.2830546875 0.3125 0.35879374999999997 0.3125 0.40243906249999994 0.281678125 0.40243906249999994 0.27311718749999997 0.37740625 0.285103125
2 0.40693124999999997 0.281678125 0.37034687499999996 0.30393906249999997 0.36264375000000004 0.3125 0.4550703125 0.3107875 0.5019250000000001 0.27311718749999997 0.5019250000000001 0.2654109375 0.48587968750000005 0.2722609375 0.4281125 0.276540625 0.40693124999999997 0.281678125
2 0.47304218750000004 0.3013703125 0.4711171875 0.3107875 0.56546875 0.30821875 0.6142484375 0.2619859375 0.6142484375 0.2594171875 0.6110390625 0.2594171875 0.5442875 0.275684375 0.50834375 0.2979453125 0.47304218750000004 0.3013703125
2 0.7233640625 0.25428125 0.6566109375 0.2696921875 0.6168171874999999 0.2953765625 0.5815140624999999 0.2996578125 0.5731703125000001 0.30479375000000003 0.572528125 0.30821875 0.695121875 0.30479375000000003 0.7381265625 0.25599375 0.743903125 0.24743125 0.7419765625 0.24571874999999999 0.7233640625 0.25428125
2 0.8671374999999999 0.246575 0.827984375 0.253425 0.781771875 0.2679796875 0.7605906250000001 0.28852812499999997 0.7503203125 0.2919515625 0.7188703125 0.2928078125 0.7060328124999999 0.3022265625 0.85045 0.3005140625 0.8896015625 0.2371578125 0.8851093750000001 0.2354453125 0.8671374999999999 0.246575
2 1 0.2513390625 0.92169375 0.25 0.9024390625 0.25085625 0.8844671875 0.25599375 0.8594359375 0.2996578125 1 0.3011390625 1 0.2513390625