2 1 0.1918484375 0 0.02170625 0 0.60988125 0.03525625 0.7617265625 0.629896875 0.741475 1 0.47611406250000005 1 0.1918484375
2 0.62755 0.7467578125000001 0.038775 0.7696515625 0.07630624999999999 0.9017265625 0.446628125 0.879515625 0.62755 0.7467578125000001
2 1 0.4742609375 0.710078125 0.6843343749999999 1 0.6784046874999999 1 0.4742609375
2 1 0.674753125 0.7130093750000001 0.6843343749999999 0.5269375000000001 0.816325 1 0.7840296875 1 0.674753125
2 1 0.7839625 0.5313328125 0.8152250000000001 0.4361 0.88451875 0.8461671875000001 0.8508828125000001 1 0.7962328125 1 0.7839625
2 0.43316875 0.8834203125 0.371634375 0.9241171874999999 0.7179515624999999 0.8962828125 0.8492656249999999 0.850421875 0.43316875 0.8834203125
2 0.071346875 0.9051453125 0.091278125 0.960171875 0.3543125 0.9348625 0.4436140625 0.8742531250000001 0.071346875 0.9051453125
2 0.657715625 0.911903125 0.3452421875 0.9461734375 0.3156671875 0.9683765624999999 0.5914328125 0.9402953125 0.657715625 0.911903125
2 0.5831328124999999 0.9398984374999999 0.31438125 0.9683765624999999 0.2925203125 0.9852703125 0.5335593750000001 0.9590109375000001 0.5831328124999999 0.9398984374999999
2 0.531696875 0.95920625 0.291878125 0.9852703125 0.271946875 0.998303125 0.48533125000000005 0.9741046875 0.531696875 0.95920625
2 0.31780624999999996 1 0.447546875 0.986065625 0.481428125 0.9751234375 0.2727140625 0.9977562499999999 0.2695390625 1 0.31780624999999996 1
2 0.382365625 1 0.4271625 0.9951453125 0.445946875 0.987484375 0.322153125 1 0.382365625 1
2 0.2543 1 0.269540625 0.9980796875 0.298946875 0.9785046875000001 0.1016375 0.9991734375 0.10189999999999999 1 0.2543 1