2 0 0 0 0.020398437499999998 0.1237203125 0.259 0.3197171875 0.26497031249999997 0.27425 0 0 0
2 0 0.2490015625 0.11545000000000001 0.254521875 0 0.0431234375 0 0.2490015625
2 0.2829921875 0 0.323025 0.26497031249999997 0.516540625 0.27392656249999997 0.570153125 0 0.2829921875 0
2 0.5783203125 0 0.5206765625 0.2798984375 0.7026140625 0.2873609375 0.8499796875 0.026324999999999998 0.6241015625 0 0.5783203125 0
2 1 0.042578125 0.86031875 0.024457812500000002 0.70675 0.2843765625 0.8771093750000001 0.2963171875 1 0.14779375 1 0.042578125
2 1 0.168496875 0.8851328125 0.29705 1 0.305215625 1 0.168496875
2 0 0.33925625 0.060868750000000006 0.4142421875 0.20559218750000002 0.417228125 0.13451249999999998 0.285846875 0 0.28028749999999997 0 0.33925625
2 0.142740625 0.2888546875 0.2097265625 0.42021406250000004 0.350315625 0.42170625 0.3268203125 0.293315625 0.142740625 0.2888546875
2 0.33294843749999997 0.2963171875 0.352796875 0.42618437499999995 0.48759687500000004 0.4291703125 0.51240625 0.305275 0.33294843749999997 0.2963171875
2 0.4884234375 0.4276765625 0.6190890625 0.43066250000000006 0.687728125 0.30975312499999996 0.517059375 0.3063859375 0.4884234375 0.4276765625
2 0.619915625 0.43364843750000004 0.7439640625 0.43961875 0.8523 0.31870937499999996 0.691790625 0.3119859375 0.619915625 0.43364843750000004
2 1 0.3290109375 0.8551484374999999 0.3231890625 0.752234375 0.43812656250000004 0.8655328125 0.4426046875 1 0.3321484375 1 0.3290109375
2 1 0.3389828125 0.8762828125000001 0.43961875 0.9846187499999999 0.4455890625 1 0.43658125 1 0.3389828125
2 0 0.4145625 0.060040625 0.4158515625 0 0.3507203125 0 0.4145625
2 0.07658125 0.4307796875 0.142740625 0.505415625 0.254384375 0.50989375 0.2120546875 0.43147812500000005 0.07658125 0.4307796875
2 0 0.4698515625 0.028615625 0.5024296875 0.1369515625 0.5024296875 0.0745453125 0.425878125 0 0.426253125 0 0.4698515625
2 0.21634375 0.4352578125 0.2552109375 0.5084 0.364375 0.5113859374999999 0.35059999999999997 0.43147812500000005 0.21634375 0.4352578125
2 0.35362343749999997 0.43227187499999997 0.36189375 0.5084 0.46774843749999995 0.5128781250000001 0.482940625 0.43894687499999996 0.35362343749999997 0.43227187499999997
2 0.46940312500000003 0.5113859374999999 0.57195 0.5128781250000001 0.614953125 0.442721875 0.48500781249999997 0.4352125 0.46940312500000003 0.5113859374999999
2 0.5727765625 0.5128781250000001 0.6703625 0.5158640625 0.7323859374999999 0.44421406250000006 0.6194171875000001 0.43894687499999996 0.5727765625 0.5128781250000001
2 0.674496875 0.5158640625 0.7671203125 0.5128781250000001 0.8523 0.44720000000000004 0.733146875 0.44641562500000004 0.674496875 0.5158640625
2 0.7712546875 0.5113859374999999 0.8622234375 0.5158640625 0.9705609374999999 0.45018437499999997 0.85825 0.44454843750000006 0.7712546875 0.5113859374999999
2 1 0.4492109375 0.978184375 0.4482828125 0.866359375 0.5158640625 0.9540203125 0.5203421875 1 0.49441562499999997 1 0.4492109375
2 0 0.5461390625 0.014556250000000001 0.5606453124999999 0.10056406250000001 0.5576609375 0.041459375 0.5061609375 0 0.5043078125 0 0.5461390625
2 0.1046984375 0.5576609375 0.19566875 0.559153125 0.14935625 0.5069078124999999 0.044560937499999995 0.5080281249999999 0.1046984375 0.5576609375
2 0.19070625000000002 0.5561671875 0.2874640625 0.5576609375 0.256865625 0.50989375 0.1520890625 0.5080281249999999 0.19070625000000002 0.5561671875
2 0.2552109375 0.505415625 0.28415625 0.5621390625 0.37429843749999997 0.56363125 0.365075 0.5117625 0.2552109375 0.505415625
2 0.36602812500000004 0.5084 0.370990625 0.559153125 0.45865156249999994 0.56363125 0.46743125 0.515496875 0.36602812500000004 0.5084
2 0.45699843749999997 0.56363125 0.5413515624999999 0.5666171875 0.5669875 0.5143718749999999 0.46950000000000003 0.5098953125000001 0.45699843749999997 0.56363125
2 0.544659375 0.5651234374999999 0.6182609375 0.5651234374999999 0.6728421875 0.5143718749999999 0.57185625 0.5136296875 0.544659375 0.5651234374999999
2 0.617434375 0.5666171875 0.7017875 0.5651234374999999 0.7671203125 0.5128781250000001 0.6752484375 0.5136296875 0.617434375 0.5666171875
2 0.7009609375 0.56363125 0.7811781250000001 0.5651234374999999 0.8523 0.51885 0.7683 0.515496875 0.7009609375 0.56363125
2 0.788621875 0.5651234374999999 0.861396875 0.5651234374999999 0.9391343750000001 0.51885 0.8572171875000001 0.515496875 0.788621875 0.5651234374999999
2 1 0.52323125 0.944065625 0.522965625 0.8647046875 0.5651234374999999 0.9333453125 0.5666171875 1 0.5333875 1 0.52323125
2 1 0.49517812499999997 0.9565015625 0.5203421875 1 0.52235625 1 0.49517812499999997
2 0.023653125 0.5606453124999999 0.069965625 0.5919921875 0.146875 0.5860218749999999 0.1055625 0.56030625 0.023653125 0.5606453124999999
2 0.1576265625 0.5919921875 0.22626718750000002 0.5890078125 0.2006296875 0.5576609375 0.1086640625 0.56030625 0.1576265625 0.5919921875
2 0.2014578125 0.5606453124999999 0.229575 0.594978125 0.3040046875 0.5919921875 0.2874640625 0.56363125 0.2014578125 0.5606453124999999
2 0.3726453125 0.5606453124999999 0.3767796875 0.5964703124999999 0.448728125 0.5979640625 0.45709218749999997 0.5677749999999999 0.3726453125 0.5606453124999999
2 0.28415625 0.5606453124999999 0.2990421875 0.5934859375 0.3767796875 0.5919921875 0.3733453125 0.564040625 0.28415625 0.5606453124999999
2 0.45865156249999994 0.5621390625 0.44790156249999996 0.6009484375 0.519021875 0.6009484375 0.5429078125 0.5677749999999999 0.45865156249999994 0.5621390625
2 0.5430046875000001 0.5621390625 0.5231578125 0.59945625 0.5868359375 0.6009484375 0.6183828124999999 0.5677749999999999 0.5430046875000001 0.5621390625
2 0.6190890625 0.5666171875 0.591796875 0.5979640625 0.658784375 0.59945625 0.6969609375 0.5659078125 0.6190890625 0.5666171875
2 0.6620921875 0.59945625 0.718328125 0.59945625 0.77704375 0.5651234374999999 0.7031640625 0.5659078125 0.6620921875 0.59945625
2 0.7332140625 0.5979640625 0.7869671874999999 0.5979640625 0.8465109375000001 0.5621390625 0.779525 0.5651234374999999 0.7332140625 0.5979640625
2 0.793584375 0.6009484375 0.8580890625 0.5979640625 0.9267296875 0.56363125 0.8479109375 0.5621734375 0.793584375 0.6009484375
2 0.918459375 0.5621390625 0.8605703124999999 0.59945625 0.918459375 0.6009484375 0.9854218749999999 0.5621734375 0.918459375 0.5621390625
2 1 0.534965625 0.9449234375 0.5651234374999999 1 0.569446875 1 0.534965625