2 0.681159375 0.26971406249999996 0.87103125 0.263953125 1 0.016225 0.9987984375 0.001621875 0.7276265625 0 0.681159375 0.26971406249999996
2 1 0.253871875 0.997796875 0.0430546875 0.8790437499999999 0.2596328125 1 0.253871875
2 0.43841093750000004 0.013345312500000001 0.4904859375 0.27835624999999997 0.6779546875 0.26971406249999996 0.71835 0.0034234375 0.5593843749999999 0.0032625 0.43841093750000004 0.013345312500000001
2 0.4864796875 0.28411718750000003 0.4295984375 0.0090234375 0.1674671875 0.039453125 0.31022812499999997 0.29131874999999996 0.4864796875 0.28411718750000003
2 0 0.1300078125 0.141184375 0.29996093749999997 0.306221875 0.2884375 0.1574515625 0.0376515625 0 0.05799375 0 0.1300078125
2 0.000984375 0.3100421875 0.1334140625 0.3006671875 0.000984375 0.15305156250000002 0.000984375 0.3100421875
2 1 0.28411718750000003 0.8605765625 0.2898578125 0.79171875 0.4166234375 0.93191875 0.4137421875 1 0.33020625 1 0.28411718750000003
2 0.7877125 0.41950312500000003 0.8526046875000001 0.29275937500000004 0.6742781250000001 0.2970640625 0.6515171875 0.42094375 0.7877125 0.41950312500000003
2 0.6491140625 0.4252640625 0.668340625 0.29996093749999997 0.4944921875 0.3086015625 0.5185265625000001 0.4281453125 0.6491140625 0.4252640625
2 0.39114375 0.4295859375 0.517725 0.4267046875 0.48998437499999997 0.3096734375 0.3246484375 0.31292343749999996 0.39114375 0.4295859375
2 0.2701703125 0.43822656249999997 0.3903421875 0.432465625 0.3207125 0.315078125 0.16521875 0.32156406249999997 0.2701703125 0.43822656249999997
2 0.1524015625 0.44110781250000003 0.26215781250000003 0.4367859375 0.16245937500000002 0.3258875 0.018609375 0.331646875 0.1524015625 0.44110781250000003
2 0 0.42238437500000003 0.0370359375 0.4439875 0.1419859375 0.43822656249999997 0.0122203125 0.33309375 0 0.33308593750000004 0 0.42238437500000003
2 1 0.41385468750000004 0.9987984375 0.34390156250000004 0.9327203125000001 0.41529531249999996 1 0.41385468750000004
2 0.8526046875000001 0.5017125 0.9166968750000001 0.42969843750000003 0.78545625 0.4303734375 0.74445 0.5060328125 0.8526046875000001 0.5017125
2 1 0.4253765625 0.9186703125 0.42496875 0.8582140624999999 0.49883125 0.9631640625 0.49883125 1 0.45706406250000003 1 0.4253765625
2 0.7436484375 0.5045921875 0.781303125 0.43401875 0.6512421875000001 0.4303734375 0.637896875 0.5074734375000001 0.7436484375 0.5045921875
2 0.6403015625 0.5045921875 0.6483125000000001 0.43113906249999995 0.5230375 0.43757812500000004 0.5377531249999999 0.5089140624999999 0.6403015625 0.5045921875
2 0.436809375 0.5089140624999999 0.5361515625 0.5074734375000001 0.5210343749999999 0.4339765625 0.39515 0.44122031249999993 0.436809375 0.5089140624999999
2 0.341471875 0.51179375 0.43600781250000004 0.5089140624999999 0.390825 0.43757812500000004 0.28138593749999996 0.4426609375 0.341471875 0.51179375
2 0.2477375 0.5089140624999999 0.33746718750000004 0.51179375 0.2806484375 0.44478437499999995 0.16521875 0.445540625 0.2477375 0.5089140624999999
2 0.15560625 0.51179375 0.2437328125 0.5074734375000001 0.1594546875 0.44298281250000004 0.0506546875 0.448421875 0.15560625 0.51179375
2 0 0.4786671875 0.066678125 0.5161156250000001 0.1516 0.51179375 0.04326875 0.4465859375 0 0.448421875 0 0.4786671875
2 0.9767828125 0.555003125 1 0.5319578125 0.999215625 0.5002718749999999 0.9507218749999999 0.50243125 0.8934640625 0.552121875 0.9767828125 0.555003125
2 0.8013312499999999 0.5535625 0.8894578125000001 0.552121875 0.9477156250000001 0.5042328125 0.8461968750000001 0.503153125 0.8013312499999999 0.5535625
2 0.7124046875000001 0.552121875 0.8061390625 0.55068125 0.8435499999999999 0.5042328125 0.742046875 0.5060328125 0.7124046875000001 0.552121875
2 0.715609375 0.5564421875 0.7436484375 0.5017125 0.6372203125 0.5078359375 0.628284375 0.5578828125 0.715609375 0.5564421875
2 0.6314875 0.5535625 0.6362953124999999 0.5045921875 0.5380609375 0.5114390625 0.5465671875 0.5578828125 0.6314875 0.5535625
2 0.46645156249999997 0.5607640625 0.54816875 0.5578828125 0.5360578125 0.506034375 0.441615625 0.510353125 0.46645156249999997 0.5607640625
2 0.3919453125 0.5593234375 0.463246875 0.5593234375 0.4368984375 0.5096375 0.33906875 0.510353125 0.3919453125 0.5593234375
2 0.311028125 0.5593234375 0.3927453125 0.5607640625 0.3367390625 0.5096375 0.2477375 0.5089140624999999 0.311028125 0.5593234375
2 0.23411875000000001 0.5593234375 0.3118296875 0.5578828125 0.2465953125 0.5114390625 0.16521875 0.514675 0.23411875000000001 0.5593234375
2 0.15640625 0.5593234375 0.2269078125 0.5593234375 0.16045625 0.5114390625 0.0810984375 0.514675 0.15640625 0.5593234375
2 0.08670625 0.5607640625 0.1532015625 0.5593234375 0.076321875 0.5186453125 0.0025859375 0.5189953125 0.08670625 0.5607640625
2 0 0.44122031249999993 0.028223437499999997 0.44410156250000005 0 0.42136562499999997 0 0.44122031249999993
2 0.064275 0.5161156250000001 0.001784375 0.4801078125 0.001784375 0.5189953125 0.064275 0.5161156250000001
2 0.92310625 0.5852484375 0.9679703125 0.555003125 0.8886218749999999 0.554675 0.8486 0.5794875 0.92310625 0.5852484375
2 0.7716890624999999 0.5823671874999999 0.838184375 0.5852484375 0.8856171875 0.554675 0.796525 0.552121875 0.7716890624999999 0.5823671874999999
2 0.768484375 0.588128125 0.7957234375 0.555003125 0.7124046875000001 0.5578828125 0.6963812500000001 0.5852484375 0.768484375 0.588128125
2 0.6258796875 0.58956875 0.6298859375 0.555003125 0.5480765625 0.56188125 0.5561796875 0.591009375 0.6258796875 0.58956875
2 0.7011875 0.5866890625 0.715609375 0.555003125 0.62920625 0.558278125 0.6258796875 0.5852484375 0.7011875 0.5866890625
2 0.55698125 0.593890625 0.5465671875 0.5564421875 0.46494375000000004 0.56188125 0.48808281249999996 0.593890625 0.55698125 0.593890625
2 0.48407656250000003 0.59245 0.46485000000000004 0.5564421875 0.39182656250000003 0.56188125 0.4223890625 0.593890625 0.48407656250000003 0.59245
2 0.41758125 0.591009375 0.39114375 0.5607640625 0.31570468749999997 0.5600796875 0.3526890625 0.59245 0.41758125 0.591009375
2 0.29500625 0.59245 0.34948437499999996 0.59245 0.30969531250000004 0.5600796875 0.2381234375 0.5593234375 0.29500625 0.59245
2 0.2285109375 0.591009375 0.280584375 0.591009375 0.23572031249999997 0.5593234375 0.170828125 0.5564421875 0.2285109375 0.591009375
2 0.1596109375 0.591009375 0.22210156250000002 0.593890625 0.169471875 0.5564765625 0.09311562500000001 0.5578828125 0.1596109375 0.591009375
2 0.1572078125 0.59245 0.10112812499999999 0.5564421875 0.0362578125 0.5564765625 0.10112812499999999 0.593890625 0.1572078125 0.59245
2 0.0202109375 0.56364375 0.075490625 0.5593234375 0.0041890625 0.5204359375000001 0.002203125 0.520446875 0.0001828125 0.5535625 0.0202109375 0.56364375