2 0.2015625 0.3890625 0.23046875 0.3890625 0.23046875 0.346875 0.2015625 0.346875 0.2015625 0.3890625
2 0.18125 0.2984375 0.209375 0.2984375 0.209375 0.2703125 0.18125 0.2703125 0.18125 0.2984375
2 0.228125 0.57421875 0.259375 0.57421875 0.259375 0.546875 0.228125 0.546875 0.228125 0.57421875
2 0.2015625 0.78984375 0.22890625 0.78984375 0.22890625 0.753125 0.2015625 0.753125 0.2015625 0.78984375
2 0.2734375 0.5171875 0.29609375 0.5171875 0.29609375 0.4875 0.2734375 0.4875 0.2734375 0.5171875
2 0.384375 0.91484375 0.4828125 0.91484375 0.4828125 0.7921875 0.384375 0.7921875 0.384375 0.91484375
2 0.53125 0.87578125 0.61328125 0.87578125 0.61328125 0.7453125 0.53125 0.7453125 0.53125 0.87578125
2 0.63125 0.76875 0.66953125 0.76875 0.66953125 0.73125 0.63125 0.73125 0.63125 0.76875
2 0.2015625 0.93671875 0.23984375 0.93671875 0.23984375 0.89375 0.2015625 0.89375 0.2015625 0.93671875
2 0.346875 0.384375 0.365625 0.384375 0.365625 0.3640625 0.346875 0.3640625 0.346875 0.384375
2 0.375 0.4890625 0.39296875 0.4890625 0.39296875 0.4609375 0.375 0.4609375 0.375 0.4890625
2 0.5234375 0.50703125 0.546875 0.50703125 0.546875 0.4671875 0.5234375 0.4671875 0.5234375 0.50703125
2 0.3796875 0.33125 0.390625 0.33125 0.390625 0.303125 0.3796875 0.303125 0.3796875 0.33125
2 0.409375 0.4640625 0.42265625 0.4640625 0.42265625 0.4453125 0.409375 0.4453125 0.409375 0.4640625
2 0.421875 0.50859375 0.43359375 0.50859375 0.43359375 0.4859375 0.421875 0.4859375 0.421875 0.50859375
2 0.2515625 0.390625 0.2640625 0.390625 0.2640625 0.3765625 0.2515625 0.3765625 0.2515625 0.390625
2 0.190625 0.421875 0.2015625 0.421875 0.2015625 0.3953125 0.190625 0.3953125 0.190625 0.421875
2 0.0140625 0.19453125 0.0296875 0.19453125 0.0296875 0.1765625 0.0140625 0.1765625 0.0140625 0.19453125
2 0.115625 0.11328125 0.13046875 0.11328125 0.13046875 0.0953125 0.115625 0.0953125 0.115625 0.11328125
2 0.0640625 0.25234375 0.08046875 0.25234375 0.08046875 0.2328125 0.0640625 0.2328125 0.0640625 0.25234375
2 0.1625 0.22734375 0.175 0.22734375 0.175 0.2109375 0.1625 0.2109375 0.1625 0.22734375
2 0.14375 0.078125 0.1625 0.078125 0.1625 0.05625 0.14375 0.05625 0.14375 0.078125
2 0.2234375 0.16875 0.23515625 0.16875 0.23515625 0.1546875 0.2234375 0.1546875 0.2234375 0.16875
2 0.784375 0.68984375 0.8 0.68984375 0.8 0.665625 0.784375 0.665625 0.784375 0.68984375
2 0.765625 0.6609375 0.79140625 0.6609375 0.79140625 0.640625 0.765625 0.640625 0.765625 0.6609375
2 0.6671875 0.753125 0.6859375 0.753125 0.6859375 0.728125 0.6671875 0.728125 0.6671875 0.753125
2 0.6390625 0.321875 0.65625 0.321875 0.65625 0.3078125 0.6390625 0.3078125 0.6390625 0.321875
2 0.6265625 0.4828125 0.64453125 0.4828125 0.64453125 0.4640625 0.6265625 0.4640625 0.6265625 0.4828125