2 0 0.9959078124999999 0.6869765625 0.9992609375000001 0.3821765625 0.600175 0.0009421875 0.779596875 0 0.779596875 0 0.9959078124999999
2 0.9979171875 0.4698828125 0.8441015625 0.3843640625 0.8393843750000001 0.38268749999999996 0.406246875 0.6023515625 0.7270890624999999 0.993053125 1 1 0.9979171875 0.4698828125
2 0 0.769546875 0.26957343749999996 0.6354 0.14029375 0.403996875 0.0006328125 0.43082656249999995 0 0.42915000000000003 0 0.769546875
2 0.735865625 0.4281453125 0.56581875 0.31998906250000003 0.565190625 0.3211046875 0.1504234375 0.401384375 0.28721562500000003 0.6344234375 0.735865625 0.4281453125
2 0.876303125 0.3534390625 0.751434375 0.28876875 0.7489250000000001 0.293228125 0.5726015624999999 0.32444843749999996 0.7382578125 0.4270296875 0.876303125 0.3534390625
2 0.0016718750000000002 0.3446921875 0.0022921875 0.4317484375 0.0788453125 0.411678125 0.050609375 0.3380875 0.0016718750000000002 0.3446921875
2 0.411421875 0.292371875 0.059403125 0.3358578125 0.056265625 0.3325125 0.09391406249999999 0.41056406250000005 0.465384375 0.3380875 0.411421875 0.292371875
2 0.6528078125000001 0.3066921875 0.601334375 0.27591875 0.602778125 0.2801921875 0.4156453125 0.2921609375 0.4728921875 0.337465625 0.6528078125000001 0.3066921875
2 0.31025 0.2757015625 0.015359375 0.2979265625 0.015359375 0.29878125 0.027385937500000002 0.3355390625 0.332859375 0.29621718750000003 0.31025 0.2757015625
2 0.970096875 0.32464375 0.8483953124999999 0.3780515625 0.8498734375 0.3780515625 0.9976890624999999 0.451596875 0.99818125 0.3386515625 0.970096875 0.32464375
2 0.9452281250000001 0.328834375 0.8477078125 0.28600625 0.8488203125 0.28666562500000003 0.7687296875 0.2972078125 0.8833046875000001 0.3591421875 0.9452281250000001 0.328834375