2 1 0.44508125 0.9541031249999999 0.2475 0.3908484375 0.266675 0 0.5467906250000001 0 0.7802203125 1 0.9502921875 1 0.44508125
2 0.3930703125 0.261671875 0.9507703125000001 0.23999687500000003 0.9152203125 0.1149453125 0.56444375 0.135975 0.3930703125 0.261671875
2 0 0.5488500000000001 0.31489687499999997 0.3207765625 0 0.3272140625 0 0.5488500000000001
2 0 0.33119062499999996 0.312121875 0.3207765625 0.48837343750000006 0.19580625000000002 0 0.22913125 0 0.33119062499999996
2 0 0.22913125 0.484209375 0.196846875 0.5744171875 0.1312375 0.18599062500000002 0.1630859375 0 0.22913125
2 0.5771921875 0.132278125 0.6354796875 0.0937453125 0.307440625 0.12010000000000001 0.18305625 0.16352187499999998 0.5771921875 0.132278125
2 0.9199187500000001 0.11170781249999999 0.9010390625 0.0596078125 0.6518875000000001 0.08357187499999999 0.5673 0.14095625 0.9199187500000001 0.11170781249999999
2 0.364496875 0.105309375 0.660478125 0.0728625 0.68849375 0.0518390625 0.4272828125 0.07842656249999999 0.364496875 0.105309375
2 0.43514375000000005 0.078803125 0.6897109375 0.0518390625 0.7104171874999999 0.03584375 0.4821015625 0.060706249999999996 0.43514375000000005 0.078803125
2 0.4838640625 0.060521875 0.7110265625000001 0.03584375 0.72990625 0.0235046875 0.5277828125 0.046415625 0.4838640625 0.060521875
2 0.7291796875000001 0.024021875 0.7403828125 0.016109375000000002 0.5635734375 0.0350921875 0.53148125 0.0454515625 0.7291796875000001 0.024021875
2 0.7412609375 0.0159453125 0.7502671875 0.0083625 0.5828828125000001 0.02649375 0.5650890625 0.033746874999999996 0.7412609375 0.0159453125
2 0.751584375 0 0.6009218749999999 0.018596875 0.5850796875000001 0.026000000000000002 0.750046875 0.0086921875 0.7616890625 0 0.751584375 0
2 0.8912265625 0.02268125 0.8854312500000001 0.004415625 0.7321859374999999 0.023715625 0.7043296875 0.042249999999999996 0.8912265625 0.02268125
2 0.8263203125 0 0.752471875 0.0090296875 0.7347546875 0.0228984375 0.8848515625 0.004415625 0.8834031250000001 0 0.8263203125 0
2 0.7628625 0 0.75416875 0.007459375 0.8260296874999999 0 0.7628625 0