2 0.24694218750000002 1 0.251421875 0.98886875 0.251421875 0.981678125 0.25344687499999996 0.9780843750000001 0.25344687499999996 0.9673 0.257496875 0.960109375 0.257496875 0.9529203125000001 0.259521875 0.949325 0.259521875 0.9385406250000001 0.2635734375 0.9277562500000001 0.2635734375 0.916971875 0.2676234375 0.9061875 0.2676234375 0.8989968749999999 0.2696484375 0.895403125 0.2696484375 0.8918078125 0.271675 0.8882125000000001 0.271675 0.877428125 0.275725 0.86664375 0.275725 0.855859375 0.279775 0.8450749999999999 0.279775 0.8342906250000001 0.2838265625 0.8235046875 0.2838265625 0.816315625 0.2858515625 0.8127203125 0.2858515625 0.8055312499999999 0.28787656250000004 0.8019359375 0.28787656250000004 0.794746875 0.2899015625 0.7911515625 0.2899015625 0.7839625 0.2919265625 0.7803671875 0.2919265625 0.7695828125 0.293953125 0.7659875 0.293953125 0.7587984375 0.295978125 0.755203125 0.295978125 0.74441875 0.29800312500000004 0.7408234375 0.29800312500000004 0.7336343750000001 0.300028125 0.7300390625000001 0.300028125 0.7192546875 0.299015625 0.7174578125 0.22205468750000001 0.7174578125 0.2200296875 0.7210515625 0.15522031249999999 0.7210515625 0.15319375 0.724646875 0.10863750000000001 0.724646875 0.10458750000000001 0.7318359375 0.1015484375 0.7336343750000001 0.1015484375 0.737228125 0.081296875 0.773178125 0.081296875 0.776771875 0.0742078125 0.7893546875 0.0711703125 0.7911515625 0.0711703125 0.794746875 0.0347140625 0.8594531249999999 0.0347140625 0.8630484375 0.0316765625 0.8648468749999999 0.0205375 0.8846171875 0.0205375 0.8882125000000001 0.015473437500000001 0.8972 0.013448437499999999 0.8972 0.0063593750000000004 0.90978125 0.0063593750000000004 0.9133765625000001 0 0.9246656249999999 0 1 0.24694218750000002 1
2 0.2755296875 1 0.27673749999999997 0.9978562500000001 0.3334453125 0.9978562500000001 0.335471875 0.9942609375 0.34357187499999997 0.9942609375 0.34559687499999997 0.9978562500000001 0.3476234375 0.9978562500000001 0.3496484375 0.9942609375 0.359775 0.9942609375 0.3618 0.9978562500000001 0.363825 0.9978562500000001 0.36585 0.9942609375 0.3759765625 0.9942609375 0.378003125 0.9978562500000001 0.380028125 0.9978562500000001 0.382053125 0.9942609375 0.3881296875 0.9942609375 0.39015468750000004 0.9906656249999999 0.3962296875 0.9942609375 0.39825468750000004 0.9906656249999999 0.40433125 0.9906656249999999 0.40635625 0.987071875 0.44483750000000005 0.987071875 0.44686250000000005 0.9834765624999999 0.45496406250000004 0.9834765624999999 0.45698906250000004 0.987071875 0.4590140625 0.9834765624999999 0.4954703125 0.9834765624999999 0.4974953125 0.97988125 0.5299 0.97988125 0.531925 0.9762859374999999 0.5481281250000001 0.9762859374999999 0.5491406249999999 0.9744890625 0.5491406249999999 0.9637046874999999 0.5430640624999999 0.9457296875000001 0.5430640624999999 0.9385406250000001 0.5410390625 0.9349453125 0.5410390625 0.9277562500000001 0.5369890625 0.916971875 0.5369890625 0.90978125 0.5349625 0.9061875 0.5349625 0.895403125 0.5309125 0.8846171875 0.5309125 0.877428125 0.5288875 0.8738328125000001 0.5288875 0.8702390624999999 0.5268625 0.86664375 0.5268625 0.8594531249999999 0.5248359375 0.855859375 0.5248359375 0.8486687500000001 0.5228109375 0.8450749999999999 0.5228109375 0.837884375 0.5187609375 0.8271000000000001 0.5187609375 0.816315625 0.5167359375 0.8127203125 0.5167359375 0.8055312499999999 0.514709375 0.8019359375 0.514709375 0.798340625 0.512684375 0.794746875 0.512684375 0.78755625 0.510659375 0.7839625 0.510659375 0.773178125 0.508634375 0.7695828125 0.508634375 0.7623921874999999 0.506609375 0.7587984375 0.506609375 0.7516078125 0.5045828125 0.7480140625 0.5045828125 0.7408234375 0.5005328125 0.7300390625000001 0.5005328125 0.72285 0.49850781250000004 0.7192546875 0.49850781250000004 0.715659375 0.4954703125 0.706671875 0.42660937499999996 0.706671875 0.42458437499999996 0.7102671875000001 0.3678765625 0.7102671875000001 0.36585 0.7138625000000001 0.31724375 0.7138625000000001 0.31015468749999997 0.72285 0.31015468749999997 0.7336343750000001 0.30610468750000003 0.74441875 0.30610468750000003 0.7516078125 0.3040796875 0.755203125 0.3040796875 0.7587984375 0.302053125 0.7623921874999999 0.302053125 0.776771875 0.300028125 0.7803671875 0.300028125 0.794746875 0.29800312500000004 0.798340625 0.29800312500000004 0.8055312499999999 0.295978125 0.8091265625 0.295978125 0.816315625 0.293953125 0.8199109375000001 0.293953125 0.8271000000000001 0.2919265625 0.8306953125 0.2919265625 0.8414796875 0.2899015625 0.8450749999999999 0.2899015625 0.8594531249999999 0.2858515625 0.8702390624999999 0.2858515625 0.877428125 0.2838265625 0.8810234375 0.2838265625 0.8918078125 0.2818 0.895403125 0.2818 0.9061875 0.279775 0.90978125 0.279775 0.916971875 0.27775 0.920565625 0.27775 0.9277562500000001 0.275725 0.9313515625000001 0.275725 0.9421359375 0.2737 0.9457296875000001 0.2737 0.956515625 0.271675 0.960109375 0.271675 0.9708937499999999 0.2676234375 0.981678125 0.2676234375 0.9960578124999999 0.2696484375 0.999653125 0.26984375 1 0.2755296875 1
2 0.5643296875 0.9942609375 0.5886328125 0.9942609375 0.590659375 0.9906656249999999 0.6271140625 0.9906656249999999 0.6291390625 0.987071875 0.6655953125 0.987071875 0.6676203125 0.9834765624999999 0.6980000000000001 0.9834765624999999 0.700025 0.97988125 0.7364796874999999 0.97988125 0.73850625 0.9762859374999999 0.7688843750000001 0.9762859374999999 0.7709109375 0.9726921875000001 0.805340625 0.9726921875000001 0.8073656250000001 0.969096875 0.82559375 0.969096875 0.83065625 0.9637046874999999 0.83065625 0.956515625 0.82559375 0.947528125 0.82356875 0.947528125 0.8144546874999999 0.9313515625000001 0.8144546874999999 0.9277562500000001 0.809390625 0.9187687499999999 0.8073656250000001 0.9187687499999999 0.7952140625 0.8972 0.7931890625 0.8972 0.79015 0.8918078125 0.79015 0.8882125000000001 0.766859375 0.846871875 0.7648343750000001 0.846871875 0.759771875 0.837884375 0.759771875 0.8342906250000001 0.7526828125 0.8217078125 0.7506578125 0.8217078125 0.7304046875 0.785759375 0.7283796875 0.785759375 0.718253125 0.764190625 0.7162265624999999 0.764190625 0.7050875 0.74441875 0.7050875 0.7408234375 0.6929359374999999 0.7192546875 0.6929359374999999 0.715659375 0.6898984375 0.7102671875000001 0.6878734375 0.7102671875000001 0.6797718749999999 0.6958875 0.633190625 0.6958875 0.6311640625 0.6994828125 0.57243125 0.6994828125 0.57040625 0.703078125 0.5096468749999999 0.703078125 0.506609375 0.7084703125 0.506609375 0.715659375 0.508634375 0.7192546875 0.508634375 0.7264437499999999 0.510659375 0.7300390625000001 0.510659375 0.74441875 0.514709375 0.7516078125 0.5167359375 0.7623921874999999 0.5187609375 0.7659875 0.5167359375 0.7695828125 0.5187609375 0.773178125 0.5187609375 0.7803671875 0.5268625 0.8019359375 0.5268625 0.8127203125 0.5309125 0.8199109375000001 0.5329375 0.8306953125 0.5349625 0.8342906250000001 0.5349625 0.8414796875 0.5390140625 0.8522640625 0.5390140625 0.8594531249999999 0.5410390625 0.8630484375 0.5410390625 0.8738328125000001 0.5450890625 0.8846171875 0.5450890625 0.8989968749999999 0.5491406249999999 0.9025921875 0.5491406249999999 0.9061875 0.551165625 0.90978125 0.551165625 0.9313515625000001 0.557240625 0.9349453125 0.557240625 0.960109375 0.5592671874999999 0.9637046874999999 0.5592671874999999 0.9744890625 0.5612921875 0.9780843750000001 0.5612921875 0.98886875 0.5633171875 0.9924640625000001 0.5643296875 0.9942609375
2 1 0.854471875 0.99976875 0.8540609375000001 0.99571875 0.8540609375000001 0.99369375 0.8504671874999999 0.9916671875 0.8504671874999999 0.9886296874999999 0.8450749999999999 0.9866046875000001 0.8342906250000001 0.9835671874999999 0.8288968750000001 0.9774906250000001 0.8324921875 0.9744531249999999 0.8271000000000001 0.973440625 0.8217078125 0.971415625 0.8217078125 0.9673640625000001 0.8145187500000001 0.9612890625 0.8145187500000001 0.9582499999999999 0.8091265625 0.9582499999999999 0.8019359375 0.9572375 0.8001390625000001 0.9552125 0.8001390625000001 0.9511625 0.7929484375 0.9471109375 0.7929484375 0.9430609375 0.785759375 0.936984375 0.7821640624999999 0.934959375 0.7785703125000001 0.932934375 0.7785703125000001 0.928884375 0.7713796875 0.9268578125 0.7713796875 0.9207828125 0.7605953125 0.91470625 0.757 0.9106562500000001 0.7498109375 0.90863125 0.7498109375 0.9066046875 0.7462156249999999 0.9045796875000001 0.7462156249999999 0.8944531250000001 0.7318359375 0.892428125 0.7318359375 0.888378125 0.724646875 0.8863515625 0.724646875 0.8802765625 0.7138625000000001 0.8742000000000001 0.7102671875000001 0.87015 0.703078125 0.868125 0.703078125 0.8661 0.6994828125 0.8640734374999999 0.6994828125 0.8539468749999999 0.685103125 0.8417953125000001 0.685103125 0.8397703125 0.6886984375 0.7810374999999999 0.6886984375 0.7790109375000001 0.6922937499999999 0.718253125 0.6922937499999999 0.7162265624999999 0.6958875 0.6980000000000001 0.6958875 0.6969875 0.6976859375 0.6969875 0.7012796875 0.7010375 0.7084703125 0.7010375 0.7120640625 0.7101515625 0.7282421875 0.7121765625 0.7282421875 0.7324296875 0.764190625 0.7344546875 0.764190625 0.7354671875000001 0.7695828125 0.74053125 0.7785703125000001 0.74356875 0.7803671875 0.74356875 0.7839625 0.7466062499999999 0.7893546875 0.7486328125 0.7893546875 0.7749609375000001 0.8360875 0.7769859375 0.8360875 0.8012890625000001 0.8792249999999999 0.803315625 0.8792249999999999 0.8276187500000001 0.9223640625 0.82964375 0.9223640625 0.8387578124999999 0.9385406250000001 0.8397703125 0.9403375 0.851921875 0.9403375 0.8539468749999999 0.93674375 0.8802765625 0.93674375 0.8823015625 0.9331484375000001 0.9228078125 0.9331484375000001 0.9248328125 0.929553125 0.9531875 0.929553125 0.9552125 0.925959375 0.973440625 0.925959375 0.975465625 0.9223640625 1 0.9223640625 1 0.854471875
2 1 0.6743187500000001 0.9896421875 0.6743187500000001 0.9876171875 0.6779140625 0.932934375 0.6779140625 0.930909375 0.6815078125 0.8863515625 0.6815078125 0.8843265625000001 0.685103125 0.8823015625 0.6815078125 0.8802765625 0.6815078125 0.8782515625 0.685103125 0.872175 0.685103125 0.8711625 0.6869015625 0.872175 0.6922937499999999 0.8742000000000001 0.6922937499999999 0.8782515625 0.6994828125 0.8802765625 0.6994828125 0.8843265625000001 0.706671875 0.890403125 0.7102671875000001 0.8944531250000001 0.7174578125 0.9005296875000001 0.7210515625 0.9045796875000001 0.7282421875 0.9106562500000001 0.7318359375 0.91268125 0.73543125 0.91470625 0.73543125 0.9187578125 0.7426203124999999 0.9248328125 0.7462156249999999 0.9268578125 0.7498109375 0.928884375 0.7498109375 0.932934375 0.757 0.939009375 0.7605953125 0.9410359375 0.764190625 0.9430609375 0.764190625 0.9471109375 0.7713796875 0.9531875 0.774975 0.9552125 0.7785703125000001 0.9572375 0.7785703125000001 0.9612890625 0.785759375 0.9673640625000001 0.7893546875 0.9693890625 0.7929484375 0.971415625 0.7929484375 0.975465625 0.8001390625000001 0.981540625 0.803734375 0.9835671874999999 0.8073281250000001 0.9855921875 0.8073281250000001 0.9896421875 0.8145187500000001 0.99571875 0.8181125 0.99976875 0.8253031249999999 1 0.8254390624999999 1 0.6743187500000001
2 0 0.6163703125 0.005346875 0.61320625 0.009398437499999999 0.6060171875 0.015473437500000001 0.602421875 0.017499999999999998 0.5988265625 0.019525 0.5988265625 0.02155 0.5952328125 0.023575 0.5952328125 0.0256 0.5916375 0.027625 0.5916375 0.0296515625 0.5880421874999999 0.0316765625 0.5880421874999999 0.039778125 0.5736625 0.042815625 0.571865625 0.041803125000000003 0.57006875 0 0.57006875 0 0.6163703125
2 0 0.6922937499999999 0.1106625 0.6922937499999999 0.11268906249999999 0.6886984375 0.1187640625 0.6886984375 0.124840625 0.6779140625 0.126865625 0.6779140625 0.127878125 0.6725218749999999 0.1430671875 0.645559375 0.14610625 0.6437625 0.14610625 0.6401671875 0.14914375 0.634775 0.15116875000000002 0.634775 0.16230781249999998 0.615003125 0.16230781249999998 0.611409375 0.167371875 0.602421875 0.169396875 0.602421875 0.18053593750000002 0.58265 0.18053593750000002 0.5790546875 0.18458593750000002 0.571865625 0.18458593750000002 0.5682703124999999 0.1835734375 0.5664734375 0.12078906250000002 0.5664734375 0.1187640625 0.57006875 0.11673906249999999 0.5664734375 0.1066125 0.5664734375 0.10458750000000001 0.57006875 0.0519296875 0.57006875 0.0499046875 0.5736625 0.047878125 0.5736625 0.043828125 0.580853125 0.041803125000000003 0.580853125 0.0377515625 0.5880421874999999 0.0316765625 0.5916375 0.027625 0.5988265625 0.02155 0.602421875 0.019525 0.6060171875 0.017499999999999998 0.6060171875 0.013448437499999999 0.61320625 0.007373437500000001 0.6168015625 0.0033218749999999997 0.623990625 0 0.62595625 0 0.6922937499999999
2 0.1369921875 0.6886984375 0.218003125 0.6886984375 0.2200296875 0.685103125 0.299015625 0.685103125 0.301040625 0.6815078125 0.3091421875 0.6815078125 0.31217968749999997 0.6725218749999999 0.31217968749999997 0.6617375 0.31420625 0.6581421875 0.31420625 0.6509515625 0.31623125 0.6473578125 0.31623125 0.6401671875 0.32028124999999996 0.6293828125 0.32028124999999996 0.62219375 0.32230625 0.6185984375 0.32230625 0.615003125 0.32433125 0.611409375 0.32433125 0.600625 0.3263578125 0.5970296875 0.3263578125 0.5898390625000001 0.3283828125 0.5862453125 0.3283828125 0.5754609375 0.3304078125 0.571865625 0.3304078125 0.5646765625 0.3293953125 0.562878125 0.2200296875 0.562878125 0.218003125 0.5664734375 0.1977515625 0.5664734375 0.1906625 0.5754609375 0.1906625 0.5790546875 0.1764859375 0.60421875 0.1764859375 0.6078140624999999 0.173446875 0.61320625 0.171421875 0.61320625 0.1602828125 0.632978125 0.1602828125 0.6365734375 0.1572453125 0.641965625 0.15522031249999999 0.641965625 0.1440796875 0.6617375 0.1440796875 0.66533125 0.1410421875 0.6707234375 0.1390171875 0.6707234375 0.1359796875 0.676115625 0.1359796875 0.6797109375 0.1339546875 0.68330625 0.1359796875 0.6869015625 0.1369921875 0.6886984375
2 0.3253453125 0.6779140625 0.35775 0.6779140625 0.359775 0.6743187500000001 0.3618 0.6779140625 0.363825 0.6779140625 0.36585 0.6743187500000001 0.3678765625 0.6743187500000001 0.3699015625 0.6779140625 0.3719265625 0.6779140625 0.3739515625 0.6743187500000001 0.3759765625 0.6743187500000001 0.378003125 0.6779140625 0.380028125 0.6743187500000001 0.3921796875 0.6743187500000001 0.3942046875 0.6779140625 0.3962296875 0.6743187500000001 0.4590140625 0.6743187500000001 0.4610390625 0.6707234375 0.48331718749999997 0.6707234375 0.48534375 0.6671296875 0.48736875 0.6707234375 0.48838125000000004 0.6689265625 0.48838125000000004 0.6617375 0.48635624999999993 0.6581421875 0.48635624999999993 0.6509515625 0.48433125 0.6473578125 0.48433125 0.6401671875 0.4823046875 0.6365734375 0.4823046875 0.632978125 0.47825468750000005 0.6257890625 0.47622968749999994 0.615003125 0.4742046875 0.611409375 0.4742046875 0.600625 0.472178125 0.5970296875 0.472178125 0.5898390625000001 0.47015312500000006 0.5862453125 0.47015312500000006 0.5754609375 0.46812812499999995 0.571865625 0.46812812499999995 0.5646765625 0.46509062500000004 0.5592828125 0.3618 0.5592828125 0.359775 0.562878125 0.33952187500000003 0.562878125 0.336484375 0.5682703124999999 0.336484375 0.5754609375 0.3344578125 0.5790546875 0.3344578125 0.5862453125 0.3324328125 0.5898390625000001 0.3324328125 0.600625 0.3304078125 0.60421875 0.3304078125 0.611409375 0.3283828125 0.615003125 0.3283828125 0.6185984375 0.3263578125 0.62219375 0.3263578125 0.632978125 0.32433125 0.6365734375 0.32433125 0.6437625 0.32230625 0.6473578125 0.32230625 0.6581421875 0.32028124999999996 0.6617375 0.32028124999999996 0.6725218749999999 0.32433125 0.676115625 0.3253453125 0.6779140625
2 0.5015453125 0.6743187500000001 0.5258484375 0.6743187500000001 0.527875 0.6707234375 0.5663546875 0.6707234375 0.5683812500000001 0.6671296875 0.6007859375 0.6671296875 0.6028109374999999 0.663534375 0.6473671875 0.663534375 0.6493921874999999 0.6599390625 0.65344375 0.6599390625 0.65445625 0.6545468750000001 0.6453421875 0.6383703125 0.642303125 0.6365734375 0.641290625 0.63118125 0.6352156250000001 0.6275859374999999 0.634203125 0.62219375 0.6291390625 0.61320625 0.6261015624999999 0.611409375 0.6261015624999999 0.6078140624999999 0.6210375 0.5988265625 0.618 0.5970296875 0.618 0.593434375 0.6038234375 0.5682703124999999 0.6038234375 0.5646765625 0.598759375 0.5556890625 0.594709375 0.5556890625 0.5926843749999999 0.5520937499999999 0.5663546875 0.5520937499999999 0.5643296875 0.5556890625 0.47926718749999997 0.5556890625 0.47622968749999994 0.56108125 0.47622968749999994 0.571865625 0.47825468750000005 0.5754609375 0.47825468750000005 0.5862453125 0.48027968750000005 0.5898390625000001 0.48027968750000005 0.5970296875 0.48433125 0.60421875 0.48433125 0.615003125 0.49040625000000004 0.632978125 0.49040625000000004 0.6365734375 0.49243125 0.6401671875 0.49243125 0.6509515625 0.5005328125 0.6725218749999999 0.5015453125 0.6743187500000001
2 0.6696453124999999 0.663534375 0.74053125 0.663534375 0.74255625 0.6599390625 0.8174921875000001 0.6599390625 0.8185046874999999 0.6581421875 0.8185046874999999 0.6509515625 0.8154671875 0.6491546875 0.8114156250000001 0.641965625 0.8073656250000001 0.641965625 0.803315625 0.634775 0.8012890625000001 0.634775 0.7992640625 0.63118125 0.7952140625 0.63118125 0.7891375 0.6203953125 0.7830625 0.6168015625 0.7810374999999999 0.61320625 0.7790109375000001 0.61320625 0.7688843750000001 0.5988265625 0.7648343750000001 0.5988265625 0.7587578125000001 0.5880421874999999 0.7526828125 0.584446875 0.7466062499999999 0.5736625 0.74053125 0.57006875 0.7344546875 0.5592828125 0.7324296875 0.5592828125 0.7283796875 0.5520937499999999 0.7263531249999999 0.5520937499999999 0.724328125 0.5484984374999999 0.6716703125000001 0.5484984374999999 0.6696453124999999 0.5520937499999999 0.6129374999999999 0.5520937499999999 0.6098984375 0.5574859375 0.611925 0.56108125 0.611925 0.5646765625 0.6169875 0.5736625 0.6190125 0.5736625 0.6453421875 0.6203953125 0.6473671875 0.6203953125 0.6483796875000001 0.6257890625 0.6595187499999999 0.645559375 0.66154375 0.645559375 0.6645828125000001 0.6509515625 0.6645828125000001 0.6545468750000001 0.6686328125000001 0.6617375 0.6696453124999999 0.663534375
2 0.8377453125000001 0.6563453124999999 0.8397703125 0.6527499999999999 0.8944531250000001 0.6527499999999999 0.896478125 0.6491546875 0.9005296875000001 0.6491546875 0.9025546875 0.6527499999999999 0.9045796875000001 0.6491546875 0.9552125 0.6491546875 0.9572375 0.645559375 0.9633140625 0.645559375 0.9643265624999999 0.6437625 0.9612890625 0.6383703125 0.9552125 0.634775 0.9531875 0.63118125 0.9491359375 0.63118125 0.9471109375 0.6275859374999999 0.9430609375 0.6275859374999999 0.939009375 0.6203953125 0.936984375 0.6203953125 0.934959375 0.6168015625 0.930909375 0.6168015625 0.928884375 0.61320625 0.9248328125 0.61320625 0.9207828125 0.6060171875 0.9187578125 0.6060171875 0.91673125 0.602421875 0.91268125 0.602421875 0.9106562500000001 0.5988265625 0.9066046875 0.5988265625 0.896478125 0.5880421874999999 0.8944531250000001 0.5880421874999999 0.892428125 0.584446875 0.888378125 0.584446875 0.8782515625 0.5736625 0.8762265625 0.5736625 0.8742000000000001 0.57006875 0.872175 0.57006875 0.87015 0.5664734375 0.868125 0.5664734375 0.8661 0.562878125 0.8640734374999999 0.562878125 0.8600234375 0.5556890625 0.8559734375 0.5556890625 0.845846875 0.5449046875 0.803315625 0.5449046875 0.8012890625000001 0.5484984374999999 0.74458125 0.5484984374999999 0.7415437500000001 0.553890625 0.7486328125 0.5664734375 0.7506578125 0.5664734375 0.7547078125 0.5736625 0.760784375 0.5772578125 0.762809375 0.580853125 0.7648343750000001 0.580853125 0.766859375 0.584446875 0.7688843750000001 0.584446875 0.7709109375 0.5880421874999999 0.7729359375 0.5880421874999999 0.7830625 0.602421875 0.7871125 0.602421875 0.7891375 0.6060171875 0.7911640625 0.6060171875 0.7952140625 0.61320625 0.8012890625000001 0.6168015625 0.805340625 0.623990625 0.8114156250000001 0.6275859374999999 0.8154671875 0.634775 0.8215421875000001 0.6383703125 0.82559375 0.645559375 0.8276187500000001 0.645559375 0.82964375 0.6491546875 0.8316687500000001 0.6491546875 0.8367328125 0.6545468750000001 0.8377453125000001 0.6563453124999999
2 1 0.5693343750000001 0.99774375 0.5664734375 0.99369375 0.5664734375 0.9876171875 0.5592828125 0.981540625 0.5592828125 0.979515625 0.5556890625 0.975465625 0.5556890625 0.9653390625 0.5449046875 0.9592625 0.5449046875 0.9572375 0.541309375 0.928884375 0.541309375 0.9268578125 0.5449046875 0.868125 0.5449046875 0.8630609375 0.550296875 0.868125 0.5556890625 0.87015 0.5556890625 0.872175 0.5592828125 0.8742000000000001 0.5592828125 0.8762265625 0.562878125 0.8802765625 0.562878125 0.890403125 0.5736625 0.8944531250000001 0.5736625 0.9045796875000001 0.584446875 0.90863125 0.584446875 0.91470625 0.5916375 0.9187578125 0.5916375 0.9248328125 0.5988265625 0.928884375 0.5988265625 0.930909375 0.602421875 0.932934375 0.602421875 0.934959375 0.6060171875 0.939009375 0.6060171875 0.9491359375 0.6168015625 0.9531875 0.6168015625 0.9592625 0.623990625 0.9633140625 0.623990625 0.9693890625 0.63118125 0.973440625 0.63118125 0.975465625 0.634775 0.979515625 0.634775 0.9845796874999999 0.6401671875 0.9855921875 0.641965625 0.9896421875 0.641965625 0.9906546875 0.6401671875 0.9886296874999999 0.6365734375 0.9916671875 0.63118125 0.99369375 0.634775 1 0.634775 1 0.5693343750000001
2 0 0.5520937499999999 0.0580046875 0.5520937499999999 0.06003125 0.5484984374999999 0.06408125 0.5484984374999999 0.06610625 0.5449046875 0.06813125 0.5449046875 0.0721828125 0.5377140625 0.0782578125 0.5341203125 0.08230937499999999 0.5269296875 0.088384375 0.523334375 0.090409375 0.5197406250000001 0.0924359375 0.5197406250000001 0.0944609375 0.5161453125000001 0.0964859375 0.5161453125000001 0.09851093749999999 0.51255 0.1005359375 0.51255 0.1025625 0.50895625 0.10458750000000001 0.50895625 0.1066125 0.5053609375 0.10863750000000001 0.5053609375 0.1106625 0.501765625 0.11268906249999999 0.501765625 0.1177515625 0.49277812499999996 0.1177515625 0.48918437499999995 0.1147140625 0.4837921875 0.039778125 0.4837921875 0.0377515625 0.48738593750000003 0.017499999999999998 0.48738593750000003 0.0114234375 0.4945765625 0.005346875 0.4945765625 0 0.5002718749999999 0 0.5520937499999999
2 0.1977515625 0.5556890625 0.20281406249999998 0.5467015625 0.20281406249999998 0.54310625 0.218003125 0.5161453125000001 0.2200296875 0.5161453125000001 0.22711718749999998 0.5035640625 0.22711718749999998 0.49996875 0.23319375 0.48918437499999995 0.23218125 0.4837921875 0.13294062499999998 0.4837921875 0.130915625 0.48738593750000003 0.12889062499999998 0.48738593750000003 0.124840625 0.4945765625 0.1187640625 0.4981703125 0.11673906249999999 0.501765625 0.1147140625 0.501765625 0.10863750000000001 0.51255 0.10458750000000001 0.51255 0.1025625 0.5161453125000001 0.1005359375 0.5161453125000001 0.0944609375 0.5269296875 0.088384375 0.530525 0.086359375 0.5341203125 0.08433437499999999 0.5341203125 0.0782578125 0.5449046875 0.0742078125 0.5449046875 0.0731953125 0.5467015625 0.0762328125 0.5520937499999999 0.19572499999999998 0.5520937499999999 0.1967375 0.553890625 0.1977515625 0.5556890625
2 0.21192812499999997 0.5484984374999999 0.3293953125 0.5484984374999999 0.3344578125 0.54310625 0.3344578125 0.5359171875000001 0.336484375 0.5323218749999999 0.336484375 0.5251328125 0.338509375 0.5215375 0.338509375 0.5143484375 0.340534375 0.510753125 0.340534375 0.5035640625 0.342559375 0.49996875 0.342559375 0.49277812499999996 0.344584375 0.48918437499999995 0.344584375 0.4855890625 0.341546875 0.480196875 0.250409375 0.480196875 0.2483828125 0.4837921875 0.2423078125 0.4837921875 0.2402828125 0.48738593750000003 0.23825625 0.48738593750000003 0.22711718749999998 0.5071578125 0.22711718749999998 0.510753125 0.22205468750000001 0.5197406250000001 0.2190171875 0.5215375 0.2190171875 0.5251328125 0.215978125 0.530525 0.21395312500000002 0.530525 0.210915625 0.5359171875000001 0.210915625 0.5395125000000001 0.208890625 0.54310625 0.210915625 0.5467015625 0.21192812499999997 0.5484984374999999
2 0.341546875 0.5449046875 0.43673593750000006 0.5449046875 0.4387609375 0.541309375 0.4590140625 0.541309375 0.4620515625 0.5359171875000001 0.45800156249999996 0.5251328125 0.45800156249999996 0.5179421875 0.45597656249999996 0.5143484375 0.45597656249999996 0.5071578125 0.4539515625 0.5035640625 0.4539515625 0.49637343749999996 0.4519265625 0.49277812499999996 0.4519265625 0.4855890625 0.44686250000000005 0.47660156249999996 0.44483750000000005 0.480196875 0.44281249999999994 0.480196875 0.4407859375 0.47660156249999996 0.43471093749999995 0.47660156249999996 0.43268593749999995 0.480196875 0.3516734375 0.480196875 0.3486359375 0.4855890625 0.3486359375 0.49277812499999996 0.3466109375 0.49637343749999996 0.3466109375 0.5035640625 0.344584375 0.5071578125 0.344584375 0.5143484375 0.342559375 0.5179421875 0.342559375 0.5251328125 0.340534375 0.5287265624999999 0.340534375 0.54310625 0.341546875 0.5449046875
2 0.469140625 0.541309375 0.552178125 0.541309375 0.554203125 0.5377140625 0.5825578124999999 0.5377140625 0.5835703125 0.5323218749999999 0.57040625 0.50895625 0.5673671875 0.5071578125 0.5663546875 0.501765625 0.5643296875 0.501765625 0.5592671874999999 0.49277812499999996 0.5582546875000001 0.48738593750000003 0.556228125 0.48738593750000003 0.550153125 0.47660156249999996 0.4610390625 0.47660156249999996 0.45597656249999996 0.48199375 0.45597656249999996 0.49277812499999996 0.45800156249999996 0.49637343749999996 0.45800156249999996 0.5035640625 0.4620515625 0.5143484375 0.4620515625 0.5179421875 0.464078125 0.5215375 0.464078125 0.5287265624999999 0.46812812499999995 0.5395125000000001 0.469140625 0.541309375
2 0.594709375 0.5377140625 0.6493921874999999 0.5377140625 0.6514171875 0.5341203125 0.6939484375 0.5341203125 0.6949609375 0.5323218749999999 0.6949609375 0.5251328125 0.6898984375 0.5197406250000001 0.6878734375 0.5197406250000001 0.6858484375 0.5161453125000001 0.683821875 0.5161453125000001 0.6817968750000001 0.51255 0.6797718749999999 0.51255 0.677746875 0.50895625 0.675721875 0.50895625 0.6716703125000001 0.501765625 0.6655953125 0.4981703125 0.66356875 0.4945765625 0.6595187499999999 0.4945765625 0.65344375 0.4837921875 0.6493921874999999 0.4837921875 0.6433171875 0.47660156249999996 0.5623046875 0.47660156249999996 0.5612921875 0.4784 0.5612921875 0.4855890625 0.5643296875 0.48738593750000003 0.57850625 0.51255 0.5805328125 0.51255 0.593696875 0.5359171875000001 0.594709375 0.5377140625
2 0.7162265624999999 0.5341203125 0.73850625 0.5341203125 0.74053125 0.530525 0.805340625 0.530525 0.810403125 0.5251328125 0.8073656250000001 0.5197406250000001 0.803315625 0.5197406250000001 0.8012890625000001 0.5161453125000001 0.7972390625 0.5161453125000001 0.7911640625 0.50895625 0.7871125 0.50895625 0.7769859375 0.4981703125 0.7749609375000001 0.4981703125 0.7729359375 0.4945765625 0.7709109375 0.4945765625 0.7688843750000001 0.49098125000000004 0.766859375 0.49098125000000004 0.7648343750000001 0.48738593750000003 0.760784375 0.48738593750000003 0.7547078125 0.480196875 0.7506578125 0.480196875 0.7486328125 0.47660156249999996 0.74053125 0.47660156249999996 0.73850625 0.4730078125 0.6797718749999999 0.4730078125 0.677746875 0.47660156249999996 0.66356875 0.47660156249999996 0.66255625 0.4784 0.66255625 0.48199375 0.6655953125 0.48738593750000003 0.6716703125000001 0.49098125000000004 0.6736953125 0.4945765625 0.677746875 0.4945765625 0.6817968750000001 0.501765625 0.6878734375 0.5053609375 0.6898984375 0.50895625 0.6919234375000001 0.50895625 0.695975 0.5161453125000001 0.7020500000000001 0.5197406250000001 0.704075 0.523334375 0.7061 0.523334375 0.7101515625 0.530525 0.7142015625 0.530525 0.7152140625000001 0.5323218749999999 0.7162265624999999 0.5341203125
2 0.82964375 0.530525 0.9228078125 0.530525 0.9248328125 0.5269296875 0.928884375 0.5269296875 0.9298968750000001 0.5251328125 0.9248328125 0.5197406250000001 0.9207828125 0.5197406250000001 0.9187578125 0.5161453125000001 0.91268125 0.5161453125000001 0.9106562500000001 0.51255 0.9066046875 0.51255 0.9045796875000001 0.50895625 0.8985046875 0.50895625 0.896478125 0.5053609375 0.892428125 0.5053609375 0.890403125 0.501765625 0.888378125 0.501765625 0.8863515625 0.4981703125 0.8802765625 0.4981703125 0.8782515625 0.4945765625 0.8742000000000001 0.4945765625 0.872175 0.49098125000000004 0.868125 0.49098125000000004 0.8620484375 0.4837921875 0.8559734375 0.4837921875 0.8539468749999999 0.480196875 0.849896875 0.480196875 0.847871875 0.47660156249999996 0.8417953125000001 0.47660156249999996 0.8397703125 0.4730078125 0.766859375 0.4730078125 0.7648343750000001 0.47660156249999996 0.760784375 0.47660156249999996 0.759771875 0.4784 0.762809375 0.4837921875 0.7688843750000001 0.4837921875 0.7709109375 0.48738593750000003 0.7729359375 0.48738593750000003 0.7749609375000001 0.49098125000000004 0.7790109375000001 0.49098125000000004 0.7891375 0.501765625 0.7931890625 0.501765625 0.7952140625 0.5053609375 0.7992640625 0.5053609375 0.805340625 0.51255 0.809390625 0.51255 0.8195171875 0.523334375 0.8215421875000001 0.523334375 0.82356875 0.5269296875 0.8276187500000001 0.5269296875 0.8286312499999999 0.5287265624999999 0.82964375 0.530525
2 1 0.50895625 0.99976875 0.50895625 0.99774375 0.5053609375 0.99369375 0.5053609375 0.9916671875 0.501765625 0.9855921875 0.501765625 0.9835671874999999 0.4981703125 0.979515625 0.4981703125 0.9774906250000001 0.4945765625 0.971415625 0.4945765625 0.9693890625 0.49098125000000004 0.9633140625 0.49098125000000004 0.9612890625 0.48738593750000003 0.9572375 0.48738593750000003 0.9552125 0.4837921875 0.9511625 0.4837921875 0.9491359375 0.480196875 0.9430609375 0.480196875 0.9410359375 0.47660156249999996 0.932934375 0.47660156249999996 0.930909375 0.4730078125 0.8559734375 0.4730078125 0.852934375 0.4784 0.8579984375 0.4837921875 0.8661 0.4837921875 0.868125 0.48738593750000003 0.8742000000000001 0.48738593750000003 0.8762265625 0.49098125000000004 0.8802765625 0.49098125000000004 0.8823015625 0.4945765625 0.8863515625 0.4945765625 0.888378125 0.4981703125 0.8944531250000001 0.4981703125 0.896478125 0.501765625 0.9005296875000001 0.501765625 0.9025546875 0.5053609375 0.9066046875 0.5053609375 0.90863125 0.50895625 0.91268125 0.50895625 0.91470625 0.51255 0.9187578125 0.51255 0.9207828125 0.5161453125000001 0.9248328125 0.5161453125000001 0.9268578125 0.5197406250000001 0.930909375 0.5197406250000001 0.932934375 0.523334375 0.939009375 0.523334375 0.9400234375000001 0.5251328125 0.9410359375 0.5269296875 1 0.5269296875 1 0.50895625
2 1 0.46941249999999995 0.9450859375 0.46941249999999995 0.9430609375 0.4730078125 0.936984375 0.4730078125 0.9359718750000001 0.4748046875 0.936984375 0.47660156249999996 0.9491359375 0.47660156249999996 0.9511625 0.480196875 0.9572375 0.480196875 0.9592625 0.4837921875 0.9653390625 0.4837921875 0.9673640625000001 0.48738593750000003 0.973440625 0.48738593750000003 0.975465625 0.49098125000000004 0.979515625 0.49098125000000004 0.981540625 0.4945765625 0.9876171875 0.4945765625 0.9896421875 0.4981703125 0.99571875 0.4981703125 0.9967312500000001 0.49996875 0.99774375 0.501765625 1 0.501765625 1 0.46941249999999995
2 0 0.47660156249999996 0.0296515625 0.47660156249999996 0.039778125 0.4658171875 0.043828125 0.4658171875 0.0499046875 0.458628125 0.0539546875 0.458628125 0.06003125 0.45143750000000005 0.06408125 0.45143750000000005 0.0701578125 0.44424843750000004 0.0742078125 0.44424843750000004 0.0792703125 0.43885625 0.0762328125 0.43346406249999997 0 0.43346406249999997 0 0.47660156249999996
2 0.039778125 0.47660156249999996 0.1369921875 0.47660156249999996 0.1430671875 0.4658171875 0.14509375 0.4658171875 0.14914375 0.458628125 0.15319375 0.458628125 0.1572453125 0.45143750000000005 0.1633203125 0.44784375 0.1653453125 0.44424843750000004 0.167371875 0.44424843750000004 0.169396875 0.440653125 0.171421875 0.440653125 0.172434375 0.4352609375 0.171421875 0.43346406249999997 0.088384375 0.43346406249999997 0.08230937499999999 0.440653125 0.0782578125 0.440653125 0.0762328125 0.44424843750000004 0.0742078125 0.44424843750000004 0.0721828125 0.44784375 0.06813125 0.44784375 0.0580046875 0.458628125 0.0539546875 0.458628125 0.0519296875 0.462221875 0.047878125 0.462221875 0.041803125000000003 0.46941249999999995 0.039778125 0.46941249999999995 0.038765625 0.4748046875 0.039778125 0.47660156249999996
2 0.14509375 0.47660156249999996 0.14711875000000002 0.4730078125 0.14914375 0.4730078125 0.15116875000000002 0.47660156249999996 0.207878125 0.47660156249999996 0.209903125 0.4730078125 0.2443328125 0.4730078125 0.2635734375 0.43885625 0.2635734375 0.4352609375 0.2625609375 0.43346406249999997 0.250409375 0.43346406249999997 0.2483828125 0.42986874999999997 0.19572499999999998 0.42986874999999997 0.1937 0.43346406249999997 0.1795234375 0.43346406249999997 0.173446875 0.440653125 0.171421875 0.440653125 0.167371875 0.44784375 0.1612953125 0.45143750000000005 0.1572453125 0.458628125 0.15116875000000002 0.462221875 0.14914375 0.4658171875 0.14711875000000002 0.4658171875 0.1440796875 0.47120937500000004 0.1440796875 0.4748046875 0.14509375 0.47660156249999996
2 0.252434375 0.4730078125 0.34559687499999997 0.4730078125 0.3486359375 0.46761406250000004 0.3486359375 0.46042500000000003 0.3506609375 0.45682968749999997 0.3506609375 0.44964062499999996 0.3526859375 0.4460453125 0.3526859375 0.43885625 0.3547109375 0.4352609375 0.3516734375 0.42986874999999997 0.27673749999999997 0.42986874999999997 0.2747125 0.43346406249999997 0.27066093750000003 0.43346406249999997 0.2666109375 0.440653125 0.26458593750000003 0.440653125 0.259521875 0.44964062499999996 0.258509375 0.4550328125 0.256484375 0.4550328125 0.25344687499999996 0.46042500000000003 0.251421875 0.47120937500000004 0.252434375 0.4730078125
2 0.35369843749999996 0.4730078125 0.44483750000000005 0.4730078125 0.44787499999999997 0.46761406250000004 0.44787499999999997 0.46042500000000003 0.44584999999999997 0.45682968749999997 0.44584999999999997 0.4532359375 0.443825 0.44964062499999996 0.443825 0.4460453125 0.4418 0.44245156249999995 0.4418 0.43885625 0.4387609375 0.42986874999999997 0.359775 0.42986874999999997 0.35673750000000004 0.43885625 0.35673750000000004 0.4460453125 0.3547109375 0.44964062499999996 0.3547109375 0.45682968749999997 0.3526859375 0.46042500000000003 0.3526859375 0.47120937500000004 0.35369843749999996 0.4730078125
2 0.45496406250000004 0.46941249999999995 0.527875 0.46941249999999995 0.5299 0.4658171875 0.5400265625 0.4658171875 0.5410390625 0.46402031250000003 0.5248359375 0.4352609375 0.5238234375 0.42986874999999997 0.5217984375 0.42986874999999997 0.5197734374999999 0.4262734375 0.45496406250000004 0.4262734375 0.45293906249999993 0.42986874999999997 0.44686250000000005 0.42986874999999997 0.443825 0.4352609375 0.44787499999999997 0.4460453125 0.44787499999999997 0.4532359375 0.44989999999999997 0.45682968749999997 0.44989999999999997 0.46042500000000003 0.4539515625 0.46761406250000004 0.45496406250000004 0.46941249999999995
2 0.552178125 0.46941249999999995 0.6250890625000001 0.46941249999999995 0.6271140625 0.4658171875 0.633190625 0.4658171875 0.634203125 0.46042500000000003 0.633190625 0.458628125 0.6291390625 0.458628125 0.6190125 0.44784375 0.6169875 0.44784375 0.6129374999999999 0.440653125 0.6109125 0.440653125 0.6048359375000001 0.42986874999999997 0.6028109374999999 0.42986874999999997 0.6007859375 0.4262734375 0.53395 0.4262734375 0.5329375 0.428071875 0.5329375 0.4352609375 0.5369890625 0.44245156249999995 0.5369890625 0.4460453125 0.5400265625 0.44784375 0.5410390625 0.4532359375 0.5461015625 0.462221875 0.5481281250000001 0.462221875 0.551165625 0.46761406250000004 0.552178125 0.46941249999999995
2 0.6473671875 0.46941249999999995 0.720278125 0.46941249999999995 0.722303125 0.4658171875 0.7304046875 0.4658171875 0.7314171875000001 0.46402031250000003 0.7283796875 0.458628125 0.722303125 0.458628125 0.720278125 0.4550328125 0.7142015625 0.4550328125 0.7101515625 0.44784375 0.704075 0.44784375 0.7020500000000001 0.44424843750000004 0.700025 0.44424843750000004 0.695975 0.4370578125 0.6919234375000001 0.4370578125 0.6858484375 0.42986874999999997 0.6817968750000001 0.42986874999999997 0.6797718749999999 0.4262734375 0.6190125 0.4262734375 0.61395 0.43166562500000005 0.61395 0.4352609375 0.6169875 0.440653125 0.6230640625 0.44424843750000004 0.6250890625000001 0.44784375 0.6271140625 0.44784375 0.6291390625 0.45143750000000005 0.6311640625 0.45143750000000005 0.633190625 0.4550328125 0.6352156250000001 0.4550328125 0.639265625 0.462221875 0.641290625 0.462221875 0.6463546874999999 0.46761406250000004 0.6473671875 0.46941249999999995
2 0.690396875 0.42935468749999994 0.7401203125 0.46582656250000004 0.823578125 0.46302031250000003 0.762434375 0.42779531249999997 0.6900109375000001 0.42871249999999994 0.690396875 0.42935468749999994
2 0.7680296875 0.427171875 0.8291734375 0.46395625 0.9064828125 0.46489062499999995 0.9082390625000001 0.46208593750000004 0.8388375 0.42623749999999994 0.7680296875 0.427171875
2 0.8432390625 0.42719375 0.9164406250000001 0.4615875 0.9949140625 0.4604859375 0.99445 0.4593859375 0.9108578125 0.4258171875 0.8432390625 0.42719375
2 0.100928125 0.42716093749999995 0.1845890625 0.42634062500000003 0.2140171875 0.3979125 0.1399078125 0.3981859375 0.100928125 0.42716093749999995
2 0.189028125 0.4266140625 0.271765625 0.4266140625 0.28809687500000003 0.398459375 0.28809687500000003 0.3979125 0.2158375 0.3970921875 0.189028125 0.4266140625
2 0.2747421875 0.425521875 0.35655468749999997 0.42524843749999997 0.36117656249999996 0.398459375 0.36133125 0.397365625 0.291228125 0.39763906250000003 0.2747421875 0.425521875
2 0.3605328125 0.42442812500000004 0.4387546875 0.4228078125 0.4335640625 0.3951796875 0.3634609375 0.3979125 0.3605328125 0.42442812500000004
2 0.4405421875 0.42169375000000003 0.51958125 0.4230609375 0.5183484375 0.4225140625 0.50325 0.3957265625 0.4354578125 0.39654687499999997 0.4405421875 0.42169375000000003
2 0.523109375 0.4219375 0.5963937500000001 0.421396875 0.5719515625 0.39432812500000003 0.5060078125 0.3940546875 0.523109375 0.4219375
2 0.5763546875000001 0.3940546875 0.6022390625 0.42221093749999994 0.6731125 0.423303125 0.673575 0.4219375 0.6393703125 0.395421875 0.5763546875000001 0.3940546875
2 0.6430796875 0.395203125 0.6788234375 0.421990625 0.750621875 0.4217171875 0.750775 0.42089687500000006 0.7062484375 0.3949296875 0.6430796875 0.395203125
2 0.7099609375 0.3953390625 0.7554125 0.4207609375 0.8241296874999999 0.42021406250000004 0.8232046875 0.41939374999999995 0.7666593749999999 0.394246875 0.7099609375 0.3953390625