2 0.7749234375 1 0.7957890625 0.9544421875 0.80763125 0.91230625 0.79875 0.9030906249999999 0.7957890625 0.9175734375 0.802696875 0.9241578125000001 0.7809875 0.9241578125000001 0.7632234375 0.9057234375000001 0.737565625 0.9004562500000001 0.7247375 0.8780718750000001 0.746446875 0.8412046875 0.76125 0.8372546875 0.7780265625 0.8122359375 0.78 0.79906875 0.7957890625 0.78326875 0.7928296875 0.7766859375 0.7809875 0.7766859375 0.78 0.7622015625 0.7829609375000001 0.75561875 0.7957890625 0.7543015625 0.7957890625 0.7384999999999999 0.8165125 0.71085 0.8244078125 0.7161171875 0.8342765625 0.7134828125 0.8392109375000001 0.7279671875 0.8323031249999999 0.737184375 0.82736875 0.7358671875 0.831315625 0.76746875 0.821446875 0.7938031249999999 0.8115796874999999 0.8069703125000001 0.7997375 0.8385703124999999 0.7997375 0.8491046875 0.8194734374999999 0.8306703125 0.8421703125000001 0.7845859374999999 0.8461187499999999 0.7845859374999999 0.8490796875 0.7938031249999999 0.8431578125 0.79906875 0.8411843749999999 0.8122359375 0.8461187499999999 0.8240875000000001 0.8569734375 0.785903125 0.8668421875 0.7727359375 0.9043421875 0.67793125 0.9033546875 0.66608125 0.72375 0.5923453125 0.6684875 0.571278125 0.6566453125 0.571278125 0.409934375 0.7582515625 0.3971046875 0.7780015625 0.427696875 0.8056531250000001 0.4355921875 0.8056531250000001 0.447434375 0.8161875000000001 0.45927656250000004 0.813553125 0.45927656250000004 0.8188203125 0.45236875000000004 0.8201375000000001 0.45927656250000004 0.8267203125 0.4770390625 0.821453125 0.48197343750000005 0.825403125 0.4809875 0.8293546875000001 0.47901249999999995 0.8240875000000001 0.47506562499999994 0.8293546875000001 0.47111875000000003 0.8267203125 0.46914531249999997 0.8319875 0.4869078125 0.8319875 0.4908546875 0.8267203125 0.493815625 0.8359375 0.4829609375 0.8398875 0.48493437500000003 0.8451546875 0.5066453125 0.8451546875 0.5066453125 0.850421875 0.4997375 0.8517374999999999 0.50861875 0.8556874999999999 0.5244078125 0.8530546875 0.522434375 0.8609546874999999 0.5155265625000001 0.862271875 0.5184875 0.8662218749999999 0.5303296875 0.8662218749999999 0.5303296875 0.8741218749999999 0.5441453125 0.87675625 0.5451312500000001 0.8833390624999999 0.5540125 0.8899234375 0.56388125 0.8872890625000001 0.5628953125 0.8938734374999999 0.577696875 0.8978234374999999 0.5796703125 0.90835625 0.5934875 0.90835625 0.597434375 0.9188906250000001 0.6092765625000001 0.9188906250000001 0.6063156249999999 0.9254734375 0.6092765625000001 0.9294234375 0.6230921875 0.9320578125000001 0.6270390625 0.9399578125 0.6388812500000001 0.9399578125 0.6487499999999999 0.953125 0.6566453125 0.9504921875000001 0.65861875 0.961025 0.6744078124999999 0.961025 0.67638125 0.971559375 0.6882234375 0.971559375 0.6921703124999999 0.9820921874999999 0.71388125 0.979459375 0.7168421875 0.9834093749999999 0.7040124999999999 0.9873593749999999 0.7059875 0.9926265624999999 0.7178296875 0.9926265624999999 0.7196703125 1 0.7749234375 1
2 0.8915124999999999 0.6529140625000001 0.9122375 0.6568640625 0.963553125 0.53309375 0.9566453125000001 0.5238765625 0.9467765625 0.5265093750000001 0.8579609375 0.500175 0.8559875 0.49490937500000004 0.8244078125 0.4896421875 0.8224343749999999 0.484375 0.7829609375000001 0.47647500000000004 0.6773687500000001 0.55679375 0.6803296875 0.5660109375 0.6921703124999999 0.571278125 0.8915124999999999 0.6529140625000001
2 0.2184875 0.6397468749999999 0.36848749999999997 0.745084375 0.3892109375 0.7516671875000001 0.625065625 0.5765453125 0.6378953125 0.5620609375 0.625065625 0.55284375 0.5342765625 0.52124375 0.4730921875 0.49227499999999996 0.457303125 0.49227499999999996 0.21651250000000002 0.587078125 0.19875 0.5897125 0.1681578125 0.6094625 0.175065625 0.6186796875 0.2105921875 0.6397468749999999 0.2184875 0.6397468749999999
2 0.4869078125 0.4896421875 0.522434375 0.5054421875 0.653684375 0.5541609375000001 0.7642109375 0.472525 0.6171703125 0.42643906249999997 0.49480312499999995 0.47384062499999996 0.48197343750000005 0.48305781249999996 0.4869078125 0.4896421875
2 0.963553125 0.52519375 0.9852624999999999 0.48569218750000004 0.9882234375 0.4606734375 0.8480921875 0.42380625 0.7938156249999999 0.469890625 0.8244078125 0.484375 0.963553125 0.52519375
2 0.776053125 0.464625 0.8332890624999999 0.41985625000000004 0.719803125 0.3869375 0.6408546875 0.41590625000000003 0.6319734375 0.42512343750000003 0.7533546875 0.46330781249999997 0.776053125 0.464625
2 1 0.4192171875 0.990196875 0.41327187500000007 0.8895390624999999 0.3922046875 0.858946875 0.41722187499999996 0.8599343749999999 0.42380625 0.8678296874999999 0.42643906249999997 0.9803296874999999 0.45804062500000003 0.9911843749999999 0.4567234375 1 0.4449609375 1 0.4192171875
2 0.7691453125 0.3658703125 0.7346046875 0.385621875 0.747434375 0.3948390625 0.8303296874999999 0.41590625000000003 0.84513125 0.4145890625 0.87375 0.3948390625 0.8747375 0.38825468750000003 0.7829609375000001 0.3632375 0.7691453125 0.3658703125
2 0.7533546875 0.3553375 0.7257234375 0.352703125 0.68625 0.3395359375 0.672434375 0.3395359375 0.616184375 0.3592875 0.6230921875 0.3658703125 0.7109203125 0.3829875 0.757303125 0.3685046875 0.7622375 0.3619203125 0.7533546875 0.3553375
2 0.5204609375 0.381671875 0.5056578125 0.3908890625 0.6142109375 0.42248906249999996 0.6921703124999999 0.3922046875 0.6971046875 0.3829875 0.6171703125 0.3606046875 0.5994078125 0.3606046875 0.5204609375 0.381671875
2 0 0.48305781249999996 0.0043421875 0.48305781249999996 0.2342765625 0.43960625000000003 0.28164531249999997 0.42907343750000004 0.28263125 0.42512343750000003 0.1829609375 0.3843046875 0.0744078125 0.3948390625 0.0270390625 0.405371875 0 0.405371875 0 0.48305781249999996
2 0.47013125 0.3829875 0.382303125 0.3553375 0.325065625 0.3658703125 0.2382234375 0.3711375 0.2017109375 0.3803546875 0.2382234375 0.4001046875 0.2480921875 0.4001046875 0.29940781250000004 0.42380625 0.3082890625 0.42248906249999996 0.4415125 0.3948390625 0.47013125 0.3829875
2 0.4996078125 0.33175781249999997 0.38333125 0.353321875 0.47552656249999997 0.3863546875 0.5907703125 0.3546984375 0.500984375 0.3322171875 0.4996078125 0.33175781249999997
2 0.5833859375 0.313865625 0.5052953125 0.3322171875 0.5930187499999999 0.35515625 0.66835625 0.3358875 0.58413125 0.31579375 0.5833859375 0.313865625
2 0 0.40180625000000003 0.1740203125 0.380390625 0.0928328125 0.348734375 0 0.3542265625 0 0.40180625000000003
2 0 0.3504875 0.0780390625 0.3451609375 0.013021874999999999 0.317634375 0 0.3178984375 0 0.3504875
2 0.2849859375 0.327625 0.103690625 0.3446 0.187975 0.3803859375 0.3672046875 0.3514828125 0.2849859375 0.327625
2 0.41738749999999997 0.31146875 0.2935609375 0.325721875 0.375375 0.35226250000000003 0.49109375 0.332603125 0.4159125 0.3119609375 0.41738749999999997 0.31146875
2 0.50851875 0.2981984375 0.42228125 0.31146875 0.4981984375 0.332603125 0.5770640625000001 0.31441875 0.5077812500000001 0.300165625 0.50851875 0.2981984375
2 0.023481250000000002 0.314909375 0.090921875 0.340959375 0.27371249999999997 0.32523124999999997 0.20885156249999998 0.305571875 0.023481250000000002 0.3139265625 0.023481250000000002 0.314909375
2 0.341453125 0.2927921875 0.21357187500000002 0.305571875 0.2824875 0.32670625000000003 0.40742031250000005 0.31048593750000003 0.341240625 0.2917796875 0.341453125 0.2927921875
2 0.4424453125 0.27952187500000003 0.3481015625 0.29131874999999996 0.4144375 0.3099953125 0.5039890625 0.2977078125 0.44214374999999995 0.28071406250000003 0.4424453125 0.27952187500000003
2 0 0.3054875 0.016389062500000003 0.3134359375 0.192546875 0.302621875 0.13505625000000002 0.28247187500000004 0 0.28715 0 0.3054875
2 0.2748390625 0.27299531250000003 0.144378125 0.2833171875 0.2015015625 0.30199375 0.3308546875 0.28872343749999996 0.2737328125 0.2720125 0.2748390625 0.27299531250000003
2 0.37803906249999997 0.263765625 0.282221875 0.274578125 0.3363953125 0.2893234375 0.4336875 0.2790015625 0.37803906249999997 0.2647484375 0.37803906249999997 0.263765625