2 0.1875 0.8502609375000001 0.173828125 0.8763015624999999 0.171875 0.8919265624999999 0.166015625 0.8971359375000001 0.1640625 0.91015625 0.1484375 0.94140625 0.140625 0.9752609375000001 0.134765625 0.9830734375000001 0.134765625 0.9934890624999999 0.1396484375 0.9973953124999999 0.2197265625 0.9973953124999999 0.2236328125 0.9921875 0.2314453125 0.9973953124999999 0.783203125 0.99609375 0.783203125 0.98046875 0.76953125 0.93359375 0.76953125 0.9205734375000001 0.7578125 0.8919265624999999 0.65625 0.51171875 0.6474609375 0.4973953125 0.3134765625 0.5026046875 0.208984375 0.7877609375 0.205078125 0.7903640625 0.1875 0.8502609375000001
2 1 0.33984375 0.9482421875 0.2994796875 0.732421875 0.30078125 0.732421875 0.30859375 0.740234375 0.3216140625 0.8466796875 0.4817703125 1 0.4830734375 1 0.33984375
2 0.685546875 0.4934890625 0.8212890625 0.4895828125 0.83203125 0.4830734375 0.796875 0.4205734375 0.7177734375 0.2994796875 0.505859375 0.3059890625 0.501953125 0.3606765625 0.501953125 0.48828125 0.5048828125 0.4921875 0.6552734375 0.4895828125 0.685546875 0.4934890625
2 0.30078125 0.4986984375 0.4873046875 0.4921875 0.4921875 0.47265625 0.49609375 0.30859375 0.4931640625 0.3046875 0.2802734375 0.3072921875 0.16015625 0.4934890625 0.1611328125 0.4973953125 0.1845703125 0.4947921875 0.2158203125 0.5 0.30078125 0.4986984375
2 0.1240234375 0.4973953125 0.14453125 0.5013015625 0.255859375 0.3372390625 0.267578125 0.31640625 0.2666015625 0.3098953125 0.0634765625 0.3072921875 0 0.35546875 0.0009765625 0.4973953125 0.0107421875 0.4921875 0.0146484375 0.4973953125 0.0322265625 0.5 0.1240234375 0.4973953125
2 0.7626953125 0.2083328125 0.759765625 0.2122390625 0.7685546875 0.2265625 0.8369140625 0.2942703125 1 0.29296875 0.9970703125 0.2578125 0.9111328125 0.2057296875 0.7626953125 0.2083328125
2 0.8056640625 0.296875 0.8212890625 0.2942703125 0.822265625 0.2877609375 0.7451171875 0.2083328125 0.5986328125 0.2109375 0.58984375 0.21484375 0.611328125 0.29296875 0.6162109375 0.2994796875 0.673828125 0.2981765625 0.8056640625 0.296875
2 0.60546875 0.2955734375 0.599609375 0.2643234375 0.5810546875 0.2135421875 0.4267578125 0.2135421875 0.3984375 0.29296875 0.3994140625 0.3020828125 0.529296875 0.30078125 0.6025390625 0.2994796875 0.60546875 0.2955734375
2 0.177734375 0.30078125 0.1865234375 0.3046875 0.38671875 0.3033859375 0.392578125 0.2981765625 0.4169921875 0.2135421875 0.2626953125 0.2135421875 0.177734375 0.30078125
2 0.2314453125 0.2421875 0.25 0.2174484375 0.2451171875 0.2135421875 0.1005859375 0.2135421875 0 0.27734375 0.0009765625 0.3046875 0.060546875 0.3059890625 0.1669921875 0.3046875 0.2314453125 0.2421875
2 0.00390625 0.2721359375 0.08984375 0.2174484375 0.0810546875 0.2135421875 0.0009765625 0.2161453125 0 0.2721359375 0.00390625 0.2721359375
2 0.9189453125 0.171875 0.7216796875 0.171875 0.712890625 0.17578125 0.7451171875 0.2083328125 0.833984375 0.20703125 0.9345703125 0.2057296875 0.970703125 0.19921875 0.9189453125 0.171875
2 0.732421875 0.2044265625 0.7060546875 0.1744796875 0.5029296875 0.1744796875 0.498046875 0.1783859375 0.49609375 0.1966140625 0.4990234375 0.2109375 0.671875 0.2096359375 0.7294921875 0.2083328125 0.732421875 0.2044265625
2 0.26171875 0.20703125 0.2646484375 0.2135421875 0.423828125 0.2122390625 0.4892578125 0.2109375 0.494140625 0.1783859375 0.2880859375 0.1770828125 0.26171875 0.20703125
2 0.015625 0.2096359375 0.0166015625 0.2135421875 0.248046875 0.2122390625 0.2744140625 0.1901046875 0.28125 0.1783859375 0.0849609375 0.1770828125 0.015625 0.2096359375
2 0.068359375 0.1809890625 0.0009765625 0.1770828125 0.001953125 0.21484375 0.068359375 0.1809890625
2 0.923828125 0.1731765625 0.9814453125 0.203125 1 0.2018234375 0.9990234375 0.1692703125 0.923828125 0.1731765625