2 0.494278125 0.0995875 0.1907140625 0.115471875 0.1834859375 0.1172375 0.2870828125 0.676709375 0.8653000000000001 0.6731796875 0.494278125 0.0995875
2 0.8986656249999999 0.6892421875 0.986103125 0.6800921875 0.9902656249999999 0.25765 0.8229843750000001 0.10529531249999999 0.8174734375 0.10056875000000001 0.5197703125 0.10056875000000001 0.8986656249999999 0.6892421875
2 0.9819390625000001 0.10361875000000001 0.8403734375 0.10971875 0.9902656249999999 0.2271484375 0.9869562500000001 0.10529531249999999 0.9819390625000001 0.10361875000000001
2 0.1658578125 0.1112453125 0.031753125 0.11292500000000001 0.0242921875 0.10209375000000001 0.015965625 0.6968671875 0.2678671875 0.6892421875 0.1658578125 0.1112453125
2 0.27469062499999997 0.7272265625000001 0.015965625 0.73194375 0.018046875 0.9805296875 0.326159375 0.9866296875 0.27469062499999997 0.7272265625000001
2 0.3636328125 0.9866296875 0.986103125 0.9927296875 0.988184375 0.870725 0.8944734375 0.729046875 0.31158593749999997 0.72584375 0.3636328125 0.9866296875
2 0.988184375 0.8310734375 0.9923484374999999 0.72736875 1 0.7271468750000001 0.9174015624999999 0.72736875 0.988184375 0.8310734375
2 0.48715 0.091671875 0.42546249999999997 0.00344375 0.1693015625 0.0056515625 0.18018281249999998 0.09274687499999999 0.48715 0.091671875
2 0.71759375 0.006653125 0.45043125 0.00344375 0.51799375 0.09274687499999999 0.8117421874999999 0.09274687499999999 0.71759375 0.006653125
2 0.1669640625 0.095975 0.1493390625 0.006671874999999999 0.1493390625 0.005596874999999999 0.017151562500000002 0.00021718750000000001 0.0186203125 0.0981265625 0.1669640625 0.095975
2 0.9707859375 0.091671875 0.8578890625 0.0056515625 0.8547546875 0.00236875 0.7416609375000001 0.0088234375 0.8385984375 0.0948984375 0.9707859375 0.091671875
2 0.9972234375 0.08521562499999999 0.9928171875 0.007748437499999999 0.8841296875 0.007748437499999999 0.9972234375 0.08521562499999999