2 0.4049390625 0 0.39139843750000003 0.0104171875 0.38938125 0.018481249999999998 0.373253125 0.0346109375 0.3692203125 0.0487234375 0.3571234375 0.058803125 0.2946234375 0.14348125 0.286559375 0.16162656250000002 0.27042968749999996 0.1777546875 0.2462359375 0.2160625 0.224059375 0.242271875 0.2119625 0.26646562500000004 0.165590625 0.3249328125 0.1666 0.34005312499999996 0.3057125 0.384409375 0.3278890625 0.386425 0.34805156249999997 0.3965046875 0.48514843750000003 0.43884375000000003 0.6262765625 0.47714999999999996 0.6726484375 0.4448921875 0.741196875 0.386425 0.7653890624999999 0.3723125 0.9155906249999999 0.242271875 0.9155906249999999 0.232190625 0.9075265625 0.22211093750000002 0.87526875 0.183803125 0.86115625 0.1757390625 0.8409953124999999 0.14348125 0.728090625 0.0104171875 0.7166828125 0 0.4049390625 0
2 0 0.6426828125 0.41458281250000006 0.6525531250000001 0.581921875 0.5174734375 0.61115625 0.48823906250000004 0.5516796875 0.46707031250000003 0.533534375 0.4711015625 0.5305109375 0.4620296875 0.51740625 0.45497343749999997 0.35409999999999997 0.40457031250000003 0.3339375 0.402553125 0.31579375 0.41061875 0.3057125 0.39045625 0.1746640625 0.350134375 0.151478125 0.3491265625 0.137365625 0.3652546875 0.137365625 0.37130312499999996 0.1293015625 0.3753359375 0.13131718750000002 0.3773515625 0.10309062499999999 0.417675 0.08897812499999999 0.4317875 0.07285 0.4600140625 0.040590625000000005 0.496303125 0.038575 0.506384375 0.0244625 0.5245296875000001 0.014381250000000002 0.530578125 0.0063171875 0.54670625 0.0032937500000000002 0.5456984375 0 0.55045625 0 0.6426828125
2 0 0.8112328124999999 0.10813124999999998 0.8017468750000001 0.25329375 0.7815859374999999 0.3117609375 0.7311828125 0.3238578125 0.725134375 0.3278890625 0.7170703125 0.342003125 0.7110218749999999 0.370228125 0.6848124999999999 0.38232499999999997 0.6787640625 0.3863578125 0.6686828125 0.40349531250000004 0.6616265625 0.3984546875 0.6565859374999999 0.3520828125 0.6565859374999999 0.3359546875 0.6586015625 0.3258734375 0.6666671875 0.31579375 0.6686828125 0.307728125 0.6545703125 0.1101484375 0.6525531250000001 0.09200312499999999 0.662634375 0.0839375 0.6525531250000001 0.071840625 0.6505375 0 0.6514031250000001 0 0.8112328124999999
2 0 0.9137109375 0.12829375 0.888440625 0.2462359375 0.7906593749999999 0.2341390625 0.7886421875 0.178696875 0.7936828125 0.1645828125 0.8017468750000001 0.1464375 0.797715625 0 0.8150562499999999 0 0.9137109375
2 0 0.977809375 0.023454687499999998 0.97311875 0.0496640625 0.9610218749999999 0.1151875 0.9015453125 0.1141796875 0.8944890624999999 0.10309062499999999 0.8954968750000001 0 0.91465625 0 0.977809375
2 0.36115624999999996 0.8430781250000001 0.3278890625 0.85215 0.31982499999999997 0.850134375 0.29764843750000003 0.8581984374999999 0.245228125 0.8642468750000001 0.1464375 0.884409375 0.1141796875 0.9065859375 0.0567203125 0.9579968750000001 0.0597453125 0.9610218749999999 0.0839375 0.9569890624999999 0.1041 0.948925 0.116196875 0.948925 0.29563125 0.9025531250000001 0.3692203125 0.8430781250000001 0.36115624999999996 0.8430781250000001
2 0.45893750000000005 0.761425 0.446840625 0.7694890625 0.43474531250000004 0.7694890625 0.42667968749999996 0.763440625 0.2653890625 0.7836015625 0.17667968750000002 0.8561828125 0.1555109375 0.87936875 0.2089375 0.8723124999999999 0.384340625 0.8360218749999999 0.471034375 0.7755375 0.48212343750000003 0.7624328125 0.481115625 0.7594093749999999 0.4700265625 0.7604171875 0.45893750000000005 0.761425
2 0.6242609375 0.6586015625 0.60813125 0.6565859374999999 0.5879703125 0.662634375 0.57990625 0.6565859374999999 0.42768750000000005 0.655578125 0.4166 0.6686828125 0.3742609375 0.6928765625 0.2784953125 0.7765453124999999 0.428696875 0.763440625 0.43474531250000004 0.7594093749999999 0.4387765625 0.7594093749999999 0.44079375 0.76545625 0.446840625 0.76545625 0.4488578125 0.7594093749999999 0.49724531250000004 0.7533609375 0.5839375 0.6969093749999999 0.6141796875 0.6686828125 0.627284375 0.6636421875 0.6242609375 0.6586015625
2 0.6625671875 0.499328125 0.6363578125 0.48924687499999997 0.62526875 0.49025468749999995 0.4337359375 0.6475140625 0.5859546875 0.6525531250000001 0.6101484375 0.6444890625 0.620228125 0.6525531250000001 0.632325 0.6545703125 0.658534375 0.636425 0.6867609375 0.62634375 0.8026875 0.544690625 0.8016796875000001 0.53965 0.783534375 0.5315859374999999 0.7734546875 0.5315859374999999 0.7653890624999999 0.5235218749999999 0.6746640625 0.499328125 0.6625671875 0.499328125
2 1 0.3304890625 0.9720437499999999 0.29670625 0.9226484375 0.2473125 0.9176078125 0.24832031250000003 0.7875671875 0.35215 0.6726484375 0.448925 0.6434140625 0.478159375 0.803696875 0.5275531250000001 0.8278890625 0.5295703125 1 0.413540625 1 0.3304890625
2 1 0.41660312499999996 0.8379703125000001 0.5255375 0.8329296875000001 0.53259375 0.9004703125000001 0.5557796875000001 0.932728125 0.561828125 1 0.523146875 1 0.41660312499999996
2 0.6938171875 0.6515453124999999 0.7774859375000001 0.6565859374999999 0.8964375 0.5860218749999999 0.9176078125 0.568884375 0.9125671875 0.56384375 0.8480515625 0.5456984375 0.81276875 0.542675 0.7089375 0.614246875 0.6938171875 0.62936875 0.70188125 0.6374328125 0.6938171875 0.6515453124999999
2 0.5466390624999999 0.730175 0.553696875 0.7331984375 0.5617609375 0.7452953124999999 0.6484546875 0.73723125 0.7684140625 0.6636421875 0.759340625 0.6586015625 0.6797046875 0.65759375 0.6625671875 0.6686828125 0.6020828125000001 0.686828125 0.56579375 0.7110218749999999 0.5466390624999999 0.730175
2 0.42264843750000003 0.8279562500000001 0.5416000000000001 0.8077953125 0.6413984375 0.7422718749999999 0.6403890624999999 0.739246875 0.6313171875 0.7402546875 0.5496640625 0.7473124999999999 0.5375671875 0.7533609375 0.5053093750000001 0.7533609375 0.4055109375 0.8269484374999999 0.42264843750000003 0.8279562500000001
2 0.3087359375 0.8954968750000001 0.3238578125 0.8965046875 0.4488578125 0.8662640625 0.5365593750000001 0.8108203125 0.5305109375 0.8088031250000001 0.39240624999999996 0.8340046875 0.3087359375 0.8954968750000001
2 0.663575 0.766465625 0.596034375 0.7755375 0.5133734375000001 0.8279562500000001 0.5083328125000001 0.8350140625 0.6061156249999999 0.8158609374999999 0.6625671875 0.7836015625 0.6837359375000001 0.766465625 0.663575 0.766465625
2 0.7061828125 0.706775 0.5970421875 0.7742875 0.697121875 0.76235 0.6958859375 0.7619374999999999 0.79473125 0.7026578125 0.7061828125 0.706775
2 0.9139781250000001 0.6349859375 0.8416828125 0.62361875 0.7098890625000001 0.7022468749999999 0.8017328125000001 0.7006 0.9139781250000001 0.6349859375
2 1 0.52469375 0.8457281249999999 0.6177046875000001 0.9231562500000001 0.62881875 0.9219203125 0.630465625 1 0.5824906249999999 1 0.52469375