2 0 0.675965625 0.573265625 0.83129375 0.80525625 0.5631999999999999 0.24535 0.508171875 0 0.6421171875 0 0.675965625
2 0.4526625 0.4078984375 0.26004062499999997 0.51061875 0.80591875 0.5636281249999999 0.9423765625 0.41768124999999995 0.4526625 0.4078984375
2 1 0.3309640625 0.58815 0.3333046875 0.46082343750000004 0.4078984375 0.9467343749999999 0.41679374999999996 1 0.35307499999999997 1 0.3309640625
2 1 0.2695234375 0.687725 0.28683593749999997 0.6044734375 0.334528125 1 0.3342109375 1 0.2695234375
2 0 0.638696875 0.246734375 0.5100953125000001 0 0.4823921875 0 0.638696875
2 0 0.486859375 0.25489843749999996 0.5100953125000001 0.4526625 0.409121875 0.14414218750000002 0.40178437499999997 0 0.462390625 0 0.486859375
2 0.3090125 0.3430875 0.1572 0.4030078125 0.45693906249999994 0.40914687499999997 0.5865171874999999 0.3418640625 0.3090125 0.3430875
2 0.439603125 0.29661875000000004 0.323703125 0.34064218749999997 0.5977546874999999 0.33725937500000003 0.6811953125 0.2892828125 0.439603125 0.29661875000000004
2 1 0.2316578125 0.764446875 0.245259375 0.6942546875 0.2856140625 1 0.26650625 1 0.2316578125
2 0 0.45873437499999997 0.13653125 0.4014984375 0 0.3937890625 0 0.45873437499999997
2 0 0.395415625 0.1584859375 0.4010515625 0.1568578125 0.399571875 0.30703281250000003 0.34455625 0.057931250000000004 0.3419875 0 0.3646171875 0 0.395415625
2 0.5275671875 0.2623796875 0.430440625 0.2983328125 0.6868578125 0.2850109375 0.7686703125000001 0.24611718749999997 0.5275671875 0.2623796875
2 1 0.20219375 0.8315171875 0.2153 0.7755265625 0.24868437499999999 1 0.22969218749999998 1 0.20219375
2 0.601840625 0.2332765625 0.529853125 0.2632359375 0.7720984375 0.24611718749999997 0.8349453125 0.2144453125 0.601840625 0.2332765625
2 0.193909375 0.30346875 0.0659296875 0.34113125 0.312571875 0.34175625 0.42815624999999996 0.2991875 0.193909375 0.30346875
2 0.371021875 0.24868437499999999 0.20305 0.3009 0.42685781250000004 0.3 0.5927 0.23926875 0.371021875 0.24868437499999999
2 0.6315500000000001 0.20588437499999998 0.5927 0.2332765625 0.834 0.21327656250000002 0.8886499999999999 0.1913328125 0.6315500000000001 0.20588437499999998