2 0.771484375 0.7548828125 0.783203125 0.7314453125 0.828125 0.6748046875 0.8271484375 0.66015625 0.6923828125 0.6171875 0.6708984375 0.615234375 0.6513671875 0.60546875 0.5185546875 0.564453125 0.3818359375 0.52734375 0.3369140625 0.55859375 0.2705078125 0.615234375 0.2470703125 0.62890625 0.1015625 0.7548828125 0.1015625 0.7646484375 0.109375 0.7744140625 0.140625 0.8115234375 0.154296875 0.8193359375 0.173828125 0.8505859375 0.283203125 0.9794921875 0.3056640625 1 0.583984375 0.9990234375 0.609375 0.9794921875 0.611328125 0.9716796875 0.626953125 0.9560546875 0.630859375 0.9423828125 0.642578125 0.9326171875 0.703125 0.8505859375 0.7109375 0.8330078125 0.7265625 0.8173828125 0.75 0.7802734375 0.771484375 0.7548828125
2 1 0.3701171875 0.9970703125 0.3671875 0.5869140625 0.357421875 0.4248046875 0.48828125 0.396484375 0.5166015625 0.4541015625 0.537109375 0.4716796875 0.533203125 0.474609375 0.5419921875 0.4873046875 0.548828125 0.6455078125 0.59765625 0.6650390625 0.599609375 0.6826171875 0.591796875 0.6923828125 0.611328125 0.8193359375 0.650390625 0.841796875 0.6513671875 0.85546875 0.6357421875 0.85546875 0.6298828125 0.86328125 0.6259765625 0.861328125 0.6240234375 0.888671875 0.5849609375 0.90234375 0.5712890625 0.91796875 0.5439453125 0.94921875 0.5087890625 0.951171875 0.4990234375 0.96484375 0.4814453125 0.974609375 0.4755859375 0.982421875 0.4599609375 0.9853515625 0.4609375 0.994140625 0.4482421875 1 0.4287109375 1 0.3701171875
2 1 0.2080078125 0.9951171875 0.203125 0.8837890625 0.212890625 0.7431640625 0.232421875 0.6865234375 0.28125 0.6748046875 0.287109375 0.6708984375 0.294921875 0.6572265625 0.30078125 0.6298828125 0.326171875 0.6181640625 0.33203125 0.6142578125 0.341796875 0.59765625 0.3486328125 0.6025390625 0.353515625 0.6474609375 0.353515625 0.6630859375 0.3515625 0.6728515625 0.34375 0.6826171875 0.341796875 0.6904296875 0.35546875 0.8818359375 0.357421875 0.8994140625 0.34765625 0.9072265625 0.357421875 0.9189453125 0.359375 1 0.3583984375 1 0.2080078125
2 1 0.1064453125 0.9931640625 0.103515625 0.8642578125 0.12890625 0.75 0.2236328125 0.76171875 0.2255859375 0.8154296875 0.220703125 0.8291015625 0.212890625 0.8466796875 0.216796875 0.9951171875 0.19921875 1 0.1962890625 1 0.1064453125
2 0.9658203125 0.046875 0.9404296875 0.05859375 0.876953125 0.1162109375 0.8779296875 0.123046875 0.888671875 0.1220703125 0.9990234375 0.1015625 1 0.0400390625 0.9658203125 0.046875
2 0.8876953125 0.0703125 0.8759765625 0.0703125 0.7021484375 0.115234375 0.630859375 0.1728515625 0.638671875 0.1728515625 0.6708984375 0.1640625 0.6787109375 0.166015625 0.7001953125 0.158203125 0.7509765625 0.15234375 0.8466796875 0.1328125 0.8779296875 0.111328125 0.93359375 0.0615234375 0.9306640625 0.05859375 0.9072265625 0.0625 0.8876953125 0.0703125
2 0.5322265625 0.23828125 0.521484375 0.2509765625 0.5224609375 0.25390625 0.533203125 0.2529296875 0.5439453125 0.251953125 0.5556640625 0.244140625 0.5673828125 0.244140625 0.5751953125 0.25 0.7314453125 0.23046875 0.8173828125 0.16015625 0.837890625 0.1376953125 0.7861328125 0.14453125 0.6162109375 0.1796875 0.5322265625 0.23828125
2 0.5068359375 0.259765625 0.4228515625 0.314453125 0.3935546875 0.341796875 0.380859375 0.3466796875 0.3837890625 0.3515625 0.3994140625 0.353515625 0.4189453125 0.34765625 0.4267578125 0.353515625 0.57421875 0.3544921875 0.5849609375 0.341796875 0.6259765625 0.318359375 0.71875 0.2373046875 0.5732421875 0.25 0.5673828125 0.25390625 0.5634765625 0.25390625 0.5615234375 0.248046875 0.5556640625 0.248046875 0.5537109375 0.25390625 0.5068359375 0.259765625
2 0.2294921875 0.474609375 0.2392578125 0.474609375 0.2470703125 0.482421875 0.3349609375 0.505859375 0.3466796875 0.505859375 0.3720703125 0.515625 0.3828125 0.5146484375 0.568359375 0.3623046875 0.4208984375 0.357421875 0.3974609375 0.365234375 0.3876953125 0.357421875 0.3759765625 0.35546875 0.3505859375 0.373046875 0.3232421875 0.3828125 0.2109375 0.4619140625 0.2119140625 0.466796875 0.2294921875 0.474609375
2 0 0.6455078125 0.046875 0.7021484375 0.0947265625 0.75 0.099609375 0.7490234375 0.2255859375 0.6484375 0.3369140625 0.5546875 0.365234375 0.5263671875 0.2099609375 0.478515625 0.1865234375 0.4765625 0.0126953125 0.59375 0 0.6083984375 0 0.6455078125
2 0 0.5966796875 0.00390625 0.5966796875 0.1767578125 0.48046875 0.181640625 0.4736328125 0.1162109375 0.451171875 0.0849609375 0.4453125 0.0068359375 0.490234375 0 0.4970703125 0 0.5966796875
2 0.201171875 0.4638671875 0.3017578125 0.39453125 0.31640625 0.3798828125 0.30859375 0.3720703125 0.31640625 0.3583984375 0.2353515625 0.353515625 0.1201171875 0.421875 0.099609375 0.4384765625 0.1044921875 0.443359375 0.1669921875 0.4609375 0.201171875 0.4638671875
2 0.330078125 0.3525390625 0.3466796875 0.341796875 0.4052734375 0.32421875 0.4404296875 0.30078125 0.458984375 0.2822265625 0.4521484375 0.279296875 0.4443359375 0.267578125 0.3603515625 0.275390625 0.244140625 0.3466796875 0.2529296875 0.3515625 0.330078125 0.3525390625
2 0.4560546875 0.265625 0.4677734375 0.259765625 0.4990234375 0.259765625 0.595703125 0.1884765625 0.5791015625 0.1875 0.4638671875 0.20703125 0.3671875 0.2705078125 0.3681640625 0.2734375 0.376953125 0.2724609375 0.4560546875 0.265625
2 0.5537109375 0.150390625 0.46875 0.2041015625 0.474609375 0.2060546875 0.6083984375 0.181640625 0.689453125 0.1220703125 0.6748046875 0.12109375 0.5537109375 0.150390625
2 0.49609375 0.1806640625 0.4013671875 0.19921875 0.3466796875 0.23046875 0.326171875 0.2470703125 0.345703125 0.2470703125 0.4111328125 0.23828125 0.4912109375 0.1875 0.49609375 0.1806640625
2 0.41015781249999994 0.2394921875 0.31320468749999997 0.2510578125 0.3144015625 0.25145625 0.2186453125 0.3088828125 0.3044265625 0.3048953125 0.41015781249999994 0.2394921875
2 0.1031265625 0.37444062499999997 0.1731609375 0.385453125 0.3008359375 0.30928125 0.2118625 0.3108765625 0.1031265625 0.37444062499999997
2 0.0012703125 0.4721390625 0.0184265625 0.482109375 0.1692421875 0.3911828125 0.09423437500000001 0.3804140625 0.09543125 0.37881875 0.003265625 0.4354484375 0.0012703125 0.4721390625