4 0.69996875 1 0.59583125 0.48580468750000005 0.5925140625 0.48622812499999996 0.1729953125 0.48580468750000005 0 0.993375 0 1 0.69996875 1
4 0.18415625 0.4592515625 0.5892453125 0.46327187500000006 0.5423171875 0.1805328125 0.541778125 0.1805328125 0.28340624999999997 0.17919218750000002 0.18415625 0.4592515625
4 0.2823609375 0.171521875 0.5386078125 0.17386875 0.5136640625 0.054626562499999996 0.5125296875 0.05321875 0.3265796875 0.0518109375 0.2823609375 0.171521875
4 0.2768484375 0.173028125 0.3203125 0.0514390625 0.1343625 0.045337499999999996 0.133984375 0.0472140625 0.0198453125 0.17255937500000001 0.2768484375 0.173028125
4 0 0.45849062500000004 0.168265625 0.46127812500000004 0.26959218749999997 0.183828125 0.0136859375 0.181953125 0 0.1981234375 0 0.45849062500000004
4 0 0.9368796875 0.16164218749999998 0.481290625 0 0.480090625 0 0.9368796875
2 1 0.47739374999999995 0.6160828125 0.4867265625 0.7327984375 1 1 1 1 0.47739374999999995
2 0.6070546875 0.4620515625 0.991546875 0.4601828125 0.8019343750000001 0.19008125 0.8034390625000001 0.1863421875 0.546859375 0.17980000000000002 0.6070546875 0.4620515625
2 1 0.191453125 0.8078734375 0.1865828125 1 0.44566875 1 0.191453125
2 0.5463109375 0.17154687500000002 0.7904625000000001 0.1764921875 0.7002328125 0.0578234375 0.7011171875 0.056725000000000005 0.5175609375 0.0545265625 0.5463109375 0.17154687500000002
2 1 0.1638578125 0.8754 0.0644578125 0.7115125 0.05786718749999999 0.8015609375 0.17855625 1 0.1819546875 1 0.1638578125
2 1 0.06915312500000001 0.8875953125 0.06363125 1 0.1547203125 1 0.06915312500000001