2 0.13069375 0 0.13069375 0.0030890625000000002 0.136653125 0.011034375 0.144596875 0.0454625 0.1604875 0.0772421875 0.1624734375 0.09048437499999999 0.1684328125 0.0957796875 0.17041875 0.1116703125 0.184321875 0.13815312500000002 0.20219843750000002 0.1990640625 0.2061703125 0.20171250000000002 0.312434375 0.4917015625 0.6520796875 0.4969984375 0.6610171874999999 0.48243281250000003 0.7643015625 0.0957796875 0.77621875 0.0666484375 0.77621875 0.0534078125 0.790121875 0.0057375 0.790121875 0 0.13069375 0
2 1 0.5116546875 0.854675 0.5128890625 0.746425 0.6757593749999999 0.7384796875 0.689 0.7384796875 0.6969453125 0.9579578124999999 0.6982703124999999 1 0.6654828125 1 0.5116546875
2 0.6600234375 0.50494375 0.507084375 0.5022953125 0.5041046875 0.5062671875 0.5041046875 0.636034375 0.5080765625 0.6916484374999999 0.7235828125 0.6982703124999999 0.804025 0.5751234375000001 0.8397781249999999 0.5115640625 0.828853125 0.50494375 0.6908109375 0.5009703125 0.6600234375 0.50494375
2 0.213121875 0.49435 0.1813421875 0.499646875 0.1575078125 0.4969984375 0.1565140625 0.5009703125 0.2786671875 0.690325 0.4951671875 0.6929734375 0.49814687500000004 0.689 0.49417343750000003 0.5221578124999999 0.4892078125 0.5022953125 0.2995234375 0.49567500000000003 0.213121875 0.49435
2 0 0.6461546874999999 0.058196875 0.690325 0.2647640625 0.6876765625 0.2657578125 0.6810562499999999 0.253840625 0.65986875 0.140625 0.4930265625 0.1197703125 0.4969984375 0.0264171875 0.49435 0.008540625 0.4969984375 0.00456875 0.5022953125 0 0.49985937500000005 0 0.6461546874999999
2 1 0.7048062500000001 0.8447437499999999 0.703565625 0.775225 0.772421875 0.7662875 0.7869875000000001 0.7692671875 0.7909609375 0.9202203125 0.7936093750000001 1 0.7452578125 1 0.7048062500000001
2 0.6203000000000001 0.6982703124999999 0.615334375 0.704890625 0.5934859375 0.7843390625 0.6024234374999999 0.7883125 0.751390625 0.7909609375 0.829846875 0.7101875 0.828853125 0.703565625 0.8129640625000001 0.70091875 0.6788937500000001 0.69959375 0.6203000000000001 0.6982703124999999
2 0.399828125 0.695621875 0.39883437499999996 0.704890625 0.42763437499999996 0.7856640625 0.584546875 0.7856640625 0.603415625 0.734021875 0.609375 0.7022421875 0.6063953125 0.6982703124999999 0.5319125 0.6969453125 0.399828125 0.695621875
2 0.1833296875 0.6929734375 0.174390625 0.6969453125 0.2607921875 0.7856640625 0.4177046875 0.7856640625 0.3928765625 0.69959375 0.38691718750000004 0.694296875 0.1833296875 0.6929734375
2 0 0.7248125 0.095934375 0.7856640625 0.24291562500000002 0.7856640625 0.24788125 0.781690625 0.2290125 0.7565328124999999 0.1634671875 0.6929734375 0.0552171875 0.6916484374999999 0 0.69285625 0 0.7248125
2 0 0.783190625 0.076071875 0.7856640625 0.0850109375 0.781690625 0 0.72759375 0 0.783190625
2 0.751390625 0.7909609375 0.7186171875 0.8240640625 0.72755625 0.8280375 0.9281640624999999 0.8280375 0.9808 0.8002296875000001 0.9440546875000001 0.7936093750000001 0.8417640625 0.792284375 0.751390625 0.7909609375
2 0.501125 0.7883125 0.49814687500000004 0.802878125 0.5001328125 0.821415625 0.5050984374999999 0.8253890625 0.711665625 0.8253890625 0.7384796875 0.7949328125 0.7355 0.7909609375 0.67690625 0.7896359375 0.501125 0.7883125
2 0.262778125 0.7856640625 0.2597984375 0.792284375 0.2866125 0.822740625 0.49615937499999996 0.821415625 0.49119375 0.7883125 0.42465624999999996 0.7869875000000001 0.262778125 0.7856640625
2 0.0105265625 0.7856640625 0.009534375000000001 0.7896359375 0.0800453125 0.822740625 0.2796609375 0.821415625 0.272709375 0.8094984375 0.2458953125 0.7869875000000001 0.0105265625 0.7856640625
2 0 0.8224296875 0.0631625 0.8187671875 0 0.7865671875 0 0.8224296875
2 1 0.7968375 0.9917234374999999 0.7962578125 0.9331296874999999 0.8267125 1 0.8301859374999999 1 0.7968375