1 0 0 0 0.276575 0.9960671874999999 0.2738984375 0.9928890625 0.2692609375 0.9944515624999999 0 0 0
0 0.1162765625 0.20471875 0.09476875 0.20261875 0.093959375 0.201678125 0.0899015625 0.20928125 0.0980171875 0.2146015625 0.1076546875 0.2172625 0.11576875 0.21118125000000001 0.1162765625 0.20471875
0 0 0.226765625 0.013820312500000001 0.226765625 0.0239640625 0.21840312499999998 0.0158484375 0.2138421875 0 0.2138421875 0 0.226765625
0 0.137965625 0.131609375 0.147603125 0.131609375 0.154196875 0.12210625 0.144559375 0.116025 0.14253125 0.1175453125 0.1389796875 0.1224875 0.137965625 0.131609375
0 0.491215625 0.11246249999999999 0.49054062500000006 0.1023296875 0.4864859375 0.099796875 0.485134375 0.09270468750000001 0.48108125 0.0916921875 0.4790546875 0.094225 0.47364843749999996 0.09371874999999999 0.458784375 0.099796875 0.45608125 0.109421875 0.45810781250000004 0.11398124999999999 0.46554062500000004 0.118034375 0.48378437500000004 0.118540625 0.491215625 0.11246249999999999
0 0.96676875 0.20073124999999997 0.9763265625 0.1993 0.9710703125 0.19285312500000001 0.9672468750000001 0.18748125 0.954821875 0.1881984375 0.9427109375 0.19275625000000002 0.942396875 0.1910625 0.9443093749999999 0.20359687499999998 0.9553 0.20252187500000002 0.96676875 0.20073124999999997
1 1 0.30015468749999996 0 0.3078828125 0 0.49320312499999996 0.1389859375 0.9185703125 0.84586875 0.9098906250000001 1 0.6003000000000001 1 0.30015468749999996
0 0.0675671875 0.3850046875 0.07229687500000001 0.392096875 0.07229687500000001 0.40070937500000003 0.07972968750000001 0.40222968750000004 0.084459375 0.3996953125 0.0885140625 0.3895640625 0.0864859375 0.37740625 0.0885140625 0.36879375 0.0804046875 0.3617015625 0.077703125 0.3373859375 0.07229687500000001 0.3242140625 0.0675671875 0.3226953125 0.05540468750000001 0.32725468750000003 0.0547296875 0.3328265625 0.056756249999999994 0.34245156250000003 0.06486562500000001 0.353596875 0.0675671875 0.3850046875
0 0.191215625 0.7228984374999999 0.1858109375 0.7279640625 0.191215625 0.77254375 0.184459375 0.779128125 0.1804046875 0.7902734375 0.174325 0.79280625 0.172296875 0.805471875 0.164865625 0.8115500000000001 0.158784375 0.8221890625 0.160134375 0.835359375 0.16824375 0.8363734375 0.183784375 0.833840625 0.18175625 0.817121875 0.1885140625 0.8201625 0.1945953125 0.8181359374999999 0.190540625 0.8049640625000001 0.1986484375 0.79179375 0.1986484375 0.7811546875000001 0.20270312499999998 0.7740625 0.2020265625 0.73505625 0.20540468750000002 0.729990625 0.20472968749999998 0.7264437499999999 0.19797343750000002 0.7218843749999999 0.191215625 0.7228984374999999
0 0.150675 0.7142859374999999 0.1520265625 0.740628125 0.158784375 0.7472140625 0.1614859375 0.7664640625 0.1675671875 0.7760890625 0.16959531249999998 0.7760890625 0.16216250000000001 0.7416406249999999 0.158784375 0.6899703125000001 0.160134375 0.6266468749999999 0.1547296875 0.6063828124999999 0.14662187499999998 0.60435625 0.14324375 0.6068890625 0.14324375 0.6129687500000001 0.147296875 0.6200609375 0.1479734375 0.63221875 0.14189218750000002 0.6484296875 0.1358109375 0.65045625 0.1358109375 0.6534953125 0.150675 0.7142859374999999
0 0.1459453125 0.8693015624999999 0.150675 0.8738609374999999 0.1614859375 0.8779125000000001 0.15743281250000002 0.8875375 0.1641890625 0.8926031249999999 0.165540625 0.8971625 0.172296875 0.8991890625 0.18108125 0.9067875000000001 0.200675 0.9088140625 0.2 0.90526875 0.1864859375 0.8991890625 0.18513437500000002 0.8855109375 0.18175625 0.8860187500000001 0.18108125 0.8834859375 0.1729734375 0.87841875 0.17162187499999998 0.8703140625 0.1736484375 0.86676875 0.16891875 0.8647421874999999 0.1628375 0.83890625 0.158784375 0.8373859375 0.13716250000000002 0.8383984375000001 0.1459453125 0.8693015624999999
0 0.3385140625 0.90526875 0.3479734375 0.9067875000000001 0.3520265625 0.9047625 0.35 0.89564375 0.34391875 0.8910843749999999 0.335134375 0.8915906250000001 0.333784375 0.8941234375 0.3385140625 0.90526875
0 0.7071484375 0.8668078124999999 0.7156906249999999 0.8668078124999999 0.7256015625 0.8650156250000001 0.725259375 0.8581015624999999 0.724234375 0.8519546874999999 0.7170578125 0.8496499999999999 0.7160328125000001 0.8501625 0.709540625 0.855540625 0.7037312499999999 0.8614296875 0.7071484375 0.8668078124999999
0 0.258125 0.5778953125 0.2701546875 0.568334375 0.25265624999999997 0.5653296875 0.246459375 0.5732515625 0.258125 0.5778953125
0 0.41875937499999993 0.5858703125 0.40858906250000004 0.5908875 0.4126 0.5974453125 0.42280625 0.59935625 0.4370234375 0.593346875 0.431190625 0.5862437500000001 0.419890625 0.5851515625 0.41875937499999993 0.5858703125
0 0.445334375 0.6321749999999999 0.4302859375 0.63406875 0.4300515625 0.633534375 0.43160625 0.643628125 0.43808125000000003 0.6482859375000001 0.4468875 0.6471218750000001 0.4461109375 0.640328125 0.445334375 0.6321749999999999
0 0.751521875 0.4600625 0.739578125 0.458934375 0.7025812499999999 0.46264843750000006 0.7195218750000001 0.47487500000000005 0.7414828124999999 0.47181875 0.7524640625 0.4713484375 0.7618750000000001 0.46452968749999995 0.751521875 0.4600625
1 1 0.6937265625 0.8886640625 0.91175 1 0.912740625 1 0.6937265625
0 0.9274749999999999 0.866009375 0.9396328125 0.8690468750000001 0.954684375 0.8742531250000001 0.9570000000000001 0.8690468750000001 0.9622109375000001 0.8621046874999999 0.9633687500000001 0.853428125 0.954684375 0.84865625 0.9450921875 0.8490062500000001 0.9448437500000001 0.849090625 0.9280546875000001 0.8573328124999999 0.9274749999999999 0.866009375