1 0.7470703125 0.9817703124999999 0.7646484375 0.9947921875000001 0.7890625 0.9934890624999999 1 0.67578125 0.9990234375 0.6197921875 0.5830078125 0.4557296875 0.5263671875 0.4921875 0.37890625 0.61328125 0.37890625 0.62109375 0.4013671875 0.6458328125 0.6259765625 0.8671875 0.6552734375 0.8854171875000001 0.7470703125 0.9817703124999999
0 0.8359375 0.8919265624999999 0.849609375 0.8841140624999999 0.8447265625 0.8697921875000001 0.818359375 0.8736984375000001 0.8193359375 0.8854171875000001 0.8359375 0.8919265624999999
0 0.71875 0.9388015624999999 0.7265625 0.9153640624999999 0.7001953125 0.8932296875000001 0.6953125 0.9075515624999999 0.7109375 0.9361984375000001 0.71875 0.9388015624999999
0 0.87109375 0.85546875 0.880859375 0.84765625 0.8544921875 0.8489578124999999 0.8466796875 0.828125 0.7802734375 0.828125 0.76953125 0.83984375 0.7734375 0.8684890624999999 0.7802734375 0.8645828124999999 0.78125 0.87890625 0.791015625 0.8841140624999999 0.7890625 0.8919265624999999 0.798828125 0.89453125 0.8154296875 0.8723953124999999 0.8232421875 0.8776046875000001 0.8388671875 0.8645828124999999 0.84375 0.8658859375000001 0.841796875 0.8815109375000001 0.8486328125 0.8854171875000001 0.853515625 0.8763015624999999 0.8486328125 0.8645828124999999 0.8681640625 0.8723953124999999 0.87109375 0.85546875
0 0.736375 0.790909375 0.7262171875 0.769253125 0.7147078125 0.760228125 0.7126765625 0.74218125 0.693040625 0.7430828125 0.697103125 0.78459375 0.7160609375 0.8612953125 0.7417906249999999 0.9524374999999999 0.7824171875 0.98311875 0.7648125 0.967778125 0.7695531250000001 0.948828125 0.7553328125000001 0.9334875 0.7621046875 0.9073171875 0.7560109374999999 0.882953125 0.739759375 0.8721249999999999 0.7370515625 0.8459546874999999 0.7289265625 0.8387359375000001 0.7268953125000001 0.8080546875 0.736375 0.790909375
0 0.8982015625 0.7115 0.9022640624999999 0.726840625 0.90361875 0.7539125 0.9232546875000001 0.753009375 0.9212234374999999 0.7521078125 0.9401828125 0.741278125 0.9510156249999999 0.7403765625000001 0.969975 0.7096953125 0.9537234375000001 0.7133046875 0.9374734374999999 0.7115 0.924609375 0.6871359375 0.9151296875 0.7024765625 0.8982015625 0.7115
0 0.723509375 0.7178171875 0.7350203125 0.73766875 0.74653125 0.7484984375 0.7539796875 0.7638375 0.75465625 0.783690625 0.7668437499999999 0.8008359374999999 0.7851265625 0.8044453125000001 0.7871578125 0.7981296875 0.7946046875 0.7710578124999999 0.789865625 0.7701546875 0.7844484375 0.7638375 0.783771875 0.7286453125000001 0.77496875 0.7115 0.7763234375 0.67630625 0.7512703125 0.6790140625000001 0.723509375 0.7178171875
0 0.59248125 0.743528125 0.5721671875000001 0.7543562500000001 0.5721671875000001 0.780525 0.5823234375 0.7976703125 0.603990625 0.8057921875 0.608053125 0.8247421875000001 0.6067 0.837375 0.6256578125 0.8527156250000001 0.6371687500000001 0.8436921875 0.652065625 0.8436921875 0.654096875 0.8436921875 0.6635765625000001 0.8139140625 0.6466484375 0.8085000000000001 0.6446171875 0.793159375 0.6534203125 0.7760140625 0.6513890625000001 0.7516484375 0.627690625 0.7498437499999999 0.61685625 0.7417234374999999 0.59248125 0.743528125
0 0.5384703125 0.7491546875 0.5242515625 0.7446421875 0.5201890625 0.7211796875 0.5364390625000001 0.7283984375 0.526959375 0.704034375 0.5019078125 0.7094484375000001 0.5005531249999999 0.7256921875 0.5093546875 0.7455437500000001 0.5364390625000001 0.7753234375 0.5364390625000001 0.7491546875 0.5384703125 0.7491546875
0 0.6484375 0.75390625 0.6396484375 0.75 0.646484375 0.76953125 0.6484375 0.75390625
0 0.65625 0.72265625 0.666015625 0.7278640625 0.673828125 0.7200515625 0.662109375 0.70703125 0.6748046875 0.7057296875 0.6748046875 0.6927078125 0.6533203125 0.7005203125 0.6279296875 0.6901046875 0.62109375 0.6966140625 0.6298828125 0.7161453125 0.6552734375 0.7057296875 0.65625 0.72265625
0 0.49936718750000003 0.5853671874999999 0.4824390625 0.59078125 0.4783765625 0.6151453124999999 0.48447031249999994 0.620559375 0.49665781249999996 0.6359 0.4871796875 0.6539484375 0.50410625 0.6611671875 0.514940625 0.64763125 0.519003125 0.651240625 0.5203578125 0.6864343749999999 0.542025 0.6656796875000001 0.541346875 0.66658125 0.5589515625 0.6566546875 0.5677546875 0.6304859375 0.551503125 0.6277781250000001 0.5569203125 0.6070234375 0.5779109375 0.6223640625 0.57249375 0.5925859375 0.5487953125 0.5844640625 0.539315625 0.57905 0.5217109375 0.5781468750000001 0.49936718750000003 0.5853671874999999
0 0.41675781250000005 0.6422171875 0.42623749999999994 0.6593625000000001 0.43842499999999995 0.67109375 0.4587390625 0.681921875 0.4600921875 0.68101875 0.4709265625 0.6728984375 0.4858234375 0.6539484375 0.47295781249999996 0.6304859375 0.46821875 0.62416875 0.44858281250000004 0.6106328125 0.43436250000000004 0.613340625 0.42014375 0.61695 0.41675781250000005 0.6422171875
0 0.664578125 0.6223640625 0.672703125 0.6593625000000001 0.6862453125 0.6765078124999999 0.7052031249999999 0.6503390625 0.703171875 0.6548499999999999 0.7234859375 0.6413140625 0.7248390625 0.6196578125000001 0.7160375 0.6007078124999999 0.739059375 0.58626875 0.7160375 0.5736359375 0.6936921875000001 0.56731875 0.672703125 0.5601 0.6469734375 0.5655140624999999 0.6442640625 0.6034140625 0.664578125 0.6223640625
0 0.8866671875 0.6972625 0.87109375 0.6945546874999999 0.8480718749999999 0.7026765625 0.835884375 0.7216265625 0.8304671875 0.750503125 0.8413015625 0.7676484375 0.8318218749999999 0.7992328125 0.8392703125000001 0.8199875000000001 0.860259375 0.82720625 0.86296875 0.8299140625 0.8859890625 0.8335234375 0.9042718750000001 0.8145734375 0.912396875 0.7838921875 0.9015625 0.7721609375 0.88734375 0.757721875 0.896146875 0.7387718750000001 0.8995312500000001 0.7071890625 0.8866671875 0.6972625
0 0.7763 0.6593625000000001 0.779684375 0.6783125 0.7959359375 0.696359375 0.77833125 0.7026765625 0.7911953125 0.7207250000000001 0.8081234374999999 0.7135046875 0.8081234374999999 0.717115625 0.8209875 0.7062859375 0.8453640625000001 0.693653125 0.8555203125 0.6692890625000001 0.8514578125 0.6530453125 0.827759375 0.6494359375000001 0.8060921875 0.6494359375000001 0.7810390625 0.6449234374999999 0.7763 0.6593625000000001
0 0.6522218750000001 0.6506296875 0.644775 0.6172421875 0.613628125 0.59468125 0.619721875 0.5603906249999999 0.6014406250000001 0.5522703124999999 0.569615625 0.5477578125 0.56623125 0.5513671875 0.5824812500000001 0.573025 0.5872203125000001 0.59919375 0.5865437499999999 0.6280703125 0.565553125 0.6470203125 0.5601375 0.6650671874999999 0.57435625 0.7029687499999999 0.5919609375 0.7119921875 0.61091875 0.6858234375000001 0.64680625 0.6731890625 0.6522218750000001 0.6506296875
1 0.058678125000000005 0.8654937500000001 0.08189687500000001 0.9983718749999999 0.7125984375 0.996540625 0.351903125 0.6293734375 0.058678125000000005 0.8654937500000001
0 0.2578125 0.8138015624999999 0.244140625 0.76953125 0.2314453125 0.7552078125 0.2119140625 0.7526046875 0.1904296875 0.7760421875 0.1826171875 0.7708328125 0.1728515625 0.7890625 0.1591796875 0.7916671875 0.1357421875 0.828125 0.126953125 0.8268234375000001 0.126953125 0.86328125 0.11328125 0.8815109375000001 0.12109375 0.9049484375000001 0.166015625 0.9127609375000001 0.1748046875 0.8984375 0.1982421875 0.9036453124999999 0.2080078125 0.8802078124999999 0.2158203125 0.8854171875000001 0.2138671875 0.875 0.203125 0.87109375 0.2197265625 0.8515625 0.2294921875 0.8541671875000001 0.2431640625 0.8411453124999999 0.2578125 0.8138015624999999
0 0.4619140625 0.7942703125 0.4931640625 0.8020828124999999 0.4970703125 0.7942703125 0.5029296875 0.8072921875000001 0.5078125 0.7955734375 0.3583984375 0.6380203125 0.3388671875 0.6432296875 0.2763671875 0.6927078125 0.2685546875 0.7083328125 0.2607421875 0.7057296875 0.2421875 0.72265625 0.2568359375 0.7369796875 0.2607421875 0.7161453125 0.267578125 0.7252609375 0.2685546875 0.7447921875 0.2705078125 0.734375 0.28515625 0.7330734375 0.2744140625 0.7239578125 0.2880859375 0.7239578125 0.2998046875 0.7447921875 0.3115234375 0.7421875 0.3212890625 0.75 0.318359375 0.73828125 0.3271484375 0.7291671875 0.328125 0.74609375 0.3408203125 0.7395828125 0.34375 0.7669265625 0.359375 0.7721359375 0.357421875 0.7981765625 0.36328125 0.8111984375000001 0.3818359375 0.7916671875 0.4033203125 0.7994796875 0.4072265625 0.7864578125 0.416015625 0.7903640625 0.4130859375 0.8020828124999999 0.4345703125 0.7942703125 0.4404296875 0.8046875 0.4462890625 0.796875 0.4580078125 0.8020828124999999 0.4619140625 0.7942703125
1 0.343128125 0.6168671875 0.2153390625 0.4960046875 0.2167125 0.4987515625 0.0147234375 0.6205296875 0.0538859375 0.845775 0.343128125 0.6168671875
0 0.21121718750000001 0.678215625 0.22083593750000002 0.6470828125 0.20297187499999997 0.6470828125 0.1727421875 0.6525765625 0.17136875000000001 0.6617328125 0.1260234375 0.6956125 0.1184671875 0.7294906250000001 0.13495625 0.728575 0.11228281250000001 0.7551281249999999 0.09579375 0.74505625 0.08136718750000001 0.7652 0.0566328125 0.789921875 0.06693906250000001 0.815559375 0.0703734375 0.815559375 0.0799921875 0.801825 0.0937328125 0.7880906249999999 0.110909375 0.7981625 0.1253375 0.77801875 0.14663593749999998 0.7688625 0.1809875 0.74505625 0.1830484375 0.714840625 0.1727421875 0.7139249999999999 0.19129218750000002 0.69011875 0.21121718750000001 0.678215625
0 0.0614421875 0.668384375 0.0442671875 0.673878125 0.046328125 0.705009375 0.0387703125 0.7306468749999999 0.057320312500000005 0.734309375 0.0724359375 0.748959375 0.0972328125 0.722884375 0.09785625 0.7224062499999999 0.11434375000000001 0.6949375 0.147321875 0.683034375 0.1459484375 0.644578125 0.129459375 0.637253125 0.10953593749999999 0.637253125 0.0951078125 0.632675 0.0751828125 0.6436625 0.0614421875 0.668384375
0 0.21327812499999999 0.71874375 0.2984703125 0.64549375 0.3170203125 0.6216875 0.268240625 0.637253125 0.24694218750000002 0.65465 0.24075937500000003 0.639084375 0.2167125 0.66014375 0.20365937500000003 0.69676875 0.21327812499999999 0.71874375
0 0.22633125 0.5319546875000001 0.22701875 0.5063171875 0.2050328125 0.5063171875 0.17755156249999998 0.5191359375 0.1631234375 0.5502671875 0.16449843749999998 0.5502671875 0.147321875 0.5630875 0.1322078125 0.585978125 0.14938281250000002 0.604290625 0.1679328125 0.60886875 0.1699953125 0.6290125 0.1981625 0.644578125 0.2180875 0.609784375 0.23938593749999998 0.584146875 0.2435078125 0.5557609375 0.22633125 0.5319546875000001
0 0.2993859375 0.5812296875 0.2632140625 0.5797 0.25976875 0.6118375 0.279290625 0.6240812499999999 0.2976625 0.61336875 0.3120171875 0.5972984375 0.2993859375 0.5812296875
1 0.56378125 0.4460671875 0.38824375 0.3855078125 0.3876203125 0.3888265625 0.2264 0.4858875 0.35774218750000003 0.608665625 0.56378125 0.4460671875
0 0.3869984375 0.4012703125 0.36334374999999997 0.40790625 0.336578125 0.42947499999999994 0.30794375 0.44855625000000005 0.285534375 0.4585109375 0.2637484375 0.47261406250000004 0.24009375 0.48671718750000004 0.26188125 0.5132640625 0.284290625 0.5008203124999999 0.30171875 0.4817390625 0.324128125 0.47344375000000005 0.36645625000000004 0.44938593750000005 0.379528125 0.4410890625 0.40069375 0.4386015625 0.42123437499999994 0.44191874999999997 0.44053125 0.45353281250000005 0.45298125 0.4659765625 0.42559218750000005 0.4858875 0.4062953125 0.5116046875 0.43804218749999996 0.5099453125 0.46231718749999995 0.49833125 0.48099218749999995 0.49003593749999996 0.5027781250000001 0.47842031250000006 0.5258109375 0.470125 0.538259375 0.44772656250000004 0.5214531250000001 0.43694218749999997 0.5121156250000001 0.4460671875 0.5133609375 0.44938593750000005 0.4934421875 0.4568515625 0.4934421875 0.43943125 0.48659375000000005 0.43113437499999996 0.47414531249999997 0.422009375 0.4492453125 0.41537187500000006 0.4199890625 0.406246875 0.4031828125 0.39878125 0.3869984375 0.4012703125
0 0.353384375 0.5688453124999999 0.424346875 0.5489359375 0.4062953125 0.5315140625 0.3863765625 0.5331734375 0.40131562499999995 0.5008203124999999 0.4187453125 0.48671718750000004 0.4206125 0.468465625 0.3994484375 0.462659375 0.3876203125 0.45519218749999996 0.352140625 0.4709546875 0.31167968749999997 0.5041375 0.353384375 0.5688453124999999
1 0.9984390624999999 0.356940625 0.7362765625 0.3194625 0.7344609375 0.32188125 0.5884125 0.4367328125 0.99571875 0.587853125 0.9984390624999999 0.356940625
0 0.893059375 0.5189125 0.9103984374999999 0.5234046875 0.936471875 0.5316625 0.97253125 0.5388109375 0.985053125 0.5041484374999999 0.9734937499999999 0.49259375 0.9576 0.48681718749999997 0.9402609375000001 0.47526250000000003 0.9205125000000001 0.47397968749999997 0.9060640624999999 0.49131093750000004 0.8969125 0.4958046875 0.893059375 0.5189125