2 1 0.61445625 0.765178125 0.494175 0.247446875 0.6061687499999999 0.6432296875 0.9404296875 1 0.7209890624999999 1 0.61445625
2 0.23875312499999998 0.5983031249999999 0.7551453125 0.48833281250000005 0.529009375 0.374925 0.0152796875 0.40631093749999997 0.23875312499999998 0.5983031249999999
2 0 0.3834015625 0.016425000000000002 0.402875 0.055259375 0.4013671875 0.528809375 0.3736640625 0.3604953125 0.28946875 0 0.28374062499999997 0 0.3834015625
2 0 0.2814921875 0.353053125 0.286646875 0.22538593750000002 0.22307031249999998 0 0.2110421875 0 0.2814921875
2 1 0.446071875 0.774515625 0.49189218749999997 1 0.6030078125 1 0.446071875
2 1 0.43570937499999995 0.805625 0.35831875 0.5320453125 0.3746421875 0.765465625 0.48804218749999995 1 0.44073124999999996 1 0.43570937499999995
2 0.8010234374999999 0.35580781250000004 0.6454093750000001 0.2926125 0.36259375 0.2890671875 0.5278296874999999 0.3715140625 0.8010234374999999 0.35580781250000004
2 0.640775 0.2901125 0.5119328125 0.2386359375 0.22861875 0.2231421875 0.36328125 0.287109375 0.640775 0.2901125
2 0 0.2061734375 0.2196609375 0.21877343749999997 0.1154671875 0.1706625 0 0.1630859375 0 0.2061734375
2 0.2264 0.2204265625 0.509728125 0.237790625 0.394775 0.1914390625 0.1218203125 0.16895 0.2264 0.2204265625
2 0.3688390625 0.188509375 0.29296875 0.158203125 0.0463171875 0.1295 0.1419265625 0.17578125 0.3688390625 0.188509375
2 1 0.3603765625 0.9709937500000001 0.347821875 0.8099421875000001 0.35786562499999997 1 0.434453125 1 0.3603765625
2 0.804921875 0.3561921875 0.96471875 0.3448921875 0.8064078125 0.29255 0.6467968749999999 0.292578125 0.804921875 0.3561921875
2 0.807609375 0.2914515625 0.6809890625 0.245675 0.51436875 0.23955625 0.64453125 0.290596875 0.807609375 0.2914515625
2 0.6816953125 0.2457296875 0.5716140625 0.208984375 0.4094578125 0.1963484375 0.51171875 0.23828125 0.6816953125 0.2457296875
2 0 0.16149843749999998 0.1148953125 0.1677984375 0 0.1116671875 0 0.16149843749999998