2 0.781715625 0.9987578125000001 0.78969375 0.9934296874999999 0.7936828125 0.9987578125000001 0.875465625 0.9987578125000001 0.8804515625 0.9947625 0.8804515625 0.9841093750000001 0.8744687499999999 0.97611875 0.8664890625 0.9414953125000001 0.8505312500000001 0.909534375 0.8485375 0.8962187500000001 0.842553125 0.8908906249999999 0.8405578125 0.8749109374999999 0.8265953125 0.848278125 0.8086437500000001 0.7870203124999999 0.8046546875 0.7843578124999999 0.6979390624999999 0.49272031250000003 0.3568484375 0.48739375 0.347871875 0.5020421875000001 0.24414843749999998 0.8908906249999999 0.23218125 0.9201874999999999 0.23218125 0.9335046874999999 0.21821875 0.9814453125 0.21821875 0.997425 0.781715625 0.9987578125000001
2 0 0.47271718749999997 0.153390625 0.47141406249999995 0.2621015625 0.3076171875 0.2700796875 0.2943 0.2700796875 0.28631093750000003 0.0496671875 0.28497812499999997 0 0.32376875 0 0.47271718749999997
2 0.3488703125 0.479403125 0.502459375 0.48206718750000005 0.5054515625 0.47807187500000003 0.5054515625 0.34756718750000004 0.5014624999999999 0.2916375 0.285040625 0.28497812499999997 0.20425468750000003 0.40882500000000005 0.1683515625 0.4727453125 0.17932187500000002 0.479403125 0.3179515625 0.4833984375 0.3488703125 0.479403125
2 0.7976734375000001 0.49005625 0.8295875 0.48472968749999995 0.8535234375 0.48739375 0.854521875 0.4833984375 0.7318484375 0.29296875 0.514428125 0.2903046875 0.5114359375 0.2943 0.515425 0.4620921875 0.5204125000000001 0.48206718750000005 0.7109046875 0.48872499999999997 0.7976734375000001 0.49005625
2 1 0.32849531249999997 0.9532578125000001 0.29296875 0.7458109375 0.2956328125 0.7448140624999999 0.30229062500000003 0.75678125 0.323596875 0.870478125 0.4913890625 0.8914234375 0.48739375 0.9851734375 0.49005625 1 0.4878578125 1 0.32849531249999997
2 0 0.2783453125 0.1633640625 0.2796515625 0.233178125 0.2104046875 0.24215468750000002 0.19575625000000002 0.2391625 0.1917609375 0.0875671875 0.1890984375 0 0.24224375 0 0.2783453125
2 0.3887640625 0.28497812499999997 0.39375 0.2783203125 0.41569218750000003 0.1984203125 0.406715625 0.19442500000000001 0.2571140625 0.1917609375 0.178325 0.27299375000000003 0.17932187500000002 0.2796515625 0.1952796875 0.28231562499999996 0.3299203125 0.28364687499999997 0.3887640625 0.28497812499999997
2 0.6101734375000001 0.28764218750000003 0.6111703125 0.2783203125 0.5822468749999999 0.1970875 0.4246671875 0.1970875 0.40571875 0.2490234375 0.39973437500000003 0.280984375 0.4027265625 0.28497812499999997 0.47752656250000003 0.28631093750000003 0.6101734375000001 0.28764218750000003
2 0.8275937499999999 0.2903046875 0.83656875 0.28631093750000003 0.7498 0.1970875 0.5922203125000001 0.1970875 0.6171546875 0.28364687499999997 0.6231390625000001 0.28897343750000004 0.8275937499999999 0.2903046875
2 1 0.250853125 0.9153593750000001 0.1970875 0.767753125 0.1970875 0.762765625 0.2010828125 0.781715625 0.226384375 0.847540625 0.2903046875 0.95625 0.2916375 1 0.2906796875 1 0.250853125
2 1 0.1991953125 0.93530625 0.1970875 0.9263296875 0.2010828125 1 0.24803125 1 0.1991953125
2 0.2571140625 0.1917609375 0.2900265625 0.15846875 0.28105 0.154475 0.0795875 0.154475 0.026728125000000002 0.1824390625 0.0636296875 0.1890984375 0.16635625 0.1904296875 0.2571140625 0.1917609375
2 0.50844375 0.19442500000000001 0.5114359375 0.17977656250000001 0.5094421875 0.1611328125 0.5044546875 0.15713749999999999 0.2970078125 0.15713749999999999 0.2700796875 0.187765625 0.27307187499999996 0.1917609375 0.331915625 0.19309375 0.50844375 0.19442500000000001
2 0.74780625 0.1970875 0.7507984375000001 0.1904296875 0.7238703125 0.1598015625 0.51343125 0.1611328125 0.5184171875 0.19442500000000001 0.5852390625 0.19575625000000002 0.74780625 0.1970875
2 1 0.19209218749999998 0.9313171875 0.1598015625 0.7308515625 0.1611328125 0.7378328125 0.1731171875 0.7647609375 0.19575625000000002 1 0.19708125 1 0.19209218749999998
2 1 0.16079375 0.948271875 0.163796875 1 0.1902046875 1 0.16079375
2 0 0.18532656249999999 0.015757812500000003 0.18643437499999999 0.0746015625 0.15580624999999998 0 0.151925 0 0.18532656249999999