2 1 0.2751234375 0.9264234374999999 0.223484375 0.641390625 0.0499859375 0.6332859375 0.0499859375 0.6251796875 0.062162499999999996 0.6143734375000001 0.0662203125 0.6143734375000001 0.0723078125 0.5009 0.1697109375 0.4819890625 0.17985625 0.47388281250000003 0.19203125000000001 0.36581406250000004 0.2853765625 0.26585000000000003 0.358428125 0.2631484375 0.3665453125 0.241534375 0.38075000000000003 0.2334296875 0.392925 0.2536921875 0.40205624999999995 0.7427046875000001 0.507575 0.7670203124999999 0.5096046875 1 0.391959375 1 0.2751234375
2 0 0.5989203125 0.07537812499999999 0.6070078125 0.5184624999999999 0.6333875 0.7413546875 0.5227953125 0.7373015625 0.5156921875 0.6940734375 0.5055468750000001 0.2780078125 0.4162609375 0.21721875000000002 0.4071296875 0.2037109375 0.4071296875 0.21857031249999997 0.4101734375 0.21721875000000002 0.41524687499999996 0.04160625 0.5633796875 0.017290625 0.5755546875 0.02269375 0.577584375 0.0199921875 0.5816421875 0.00108125 0.5917890625 0 0.5974703124999999 0 0.5989203125
2 0 0.73056875 0.33204218750000003 0.72673125 0.4981984375 0.6445484375 0.49414687500000004 0.639475 0.46172500000000005 0.6354171875 0.0308 0.6100515625 0 0.6091953125 0 0.73056875
2 0 0.8091125 0.191553125 0.7977546875 0.2915171875 0.749053125 0.31448125 0.7318046875 0 0.7327609374999999 0 0.8091125
2 1 0.409115625 0.9804578125000001 0.418290625 0.7994421875 0.507575 0.7926875 0.514678125 1 0.558746875 1 0.409115625
2 1 0.57126875 0.95884375 0.55830625 0.773775 0.5227953125 0.5995140625000001 0.6049781249999999 0.5522328125 0.6323734375 0.5643906249999999 0.6374453124999999 0.8075468750000001 0.65165 0.9480375000000001 0.5968609375 1 0.57184375 1 0.57126875
2 0.5265671875 0.6415046875 0.3712171875 0.7216578124999999 0.3752703125 0.724703125 0.6292328125 0.7226734375 0.7818796875 0.66078125 0.7670203124999999 0.6536796875 0.5711453125 0.64251875 0.5265671875 0.6415046875
2 0.3509546875 0.7287609374999999 0.2334296875 0.7906515625 0.2861125 0.7916671875 0.4806375 0.7815203125 0.504953125 0.7754328125 0.6089703125 0.729775 0.5846546874999999 0.7257171875 0.3509546875 0.7287609374999999
2 0 0.8606328124999999 0.08078125 0.85254375 0.15913125 0.8160171875 0.17939531250000001 0.8028281249999999 0.17669375 0.8007984374999999 0 0.80915 0 0.8606328124999999
2 0.22397343749999998 0.795725 0.1510265625 0.830221875 0.1469734375 0.8434125 0.35365625 0.830221875 0.3806734375 0.818046875 0.396884375 0.8160171875 0.42390156250000005 0.8018124999999999 0.45091875000000003 0.795725 0.46577812500000004 0.7845640625 0.22397343749999998 0.795725
2 0.310428125 0.8322515625 0.153728125 0.8464562499999999 0.1213078125 0.8444265625 0.0389046875 0.8860250000000001 0.0672734375 0.887040625 0.2780078125 0.8626890625 0.3374453125 0.8403671875000001 0.3442 0.8332656249999999 0.310428125 0.8322515625
2 1 0.58140625 0.96965 0.592803125 0.827809375 0.652665625 0.9399312500000001 0.663825 0.983159375 0.663825 0.9939656250000001 0.6597671875 1 0.6568828124999999 1 0.58140625
2 0.8075468750000001 0.6577375 0.660303125 0.7196296875 0.6643546875 0.7226734375 0.8102484375 0.7226734375 0.8940015625 0.6962937499999999 0.96019375 0.6688984375 0.9372296875 0.663825 0.8440203125 0.6587531249999999 0.8075468750000001 0.6577375
2 0.642740625 0.724703125 0.5319703125 0.767315625 0.5225140625 0.776446875 0.6805656250000001 0.771375 0.7940375000000001 0.730790625 0.8007921874999999 0.7257171875 0.7926875 0.7236875 0.642740625 0.724703125
2 0.504953125 0.779490625 0.4090421875 0.8190609375 0.415796875 0.8221046875000001 0.5670921875 0.8099296875 0.6238296875 0.7936953124999999 0.6738109375 0.7723890625000001 0.504953125 0.779490625
2 0 0.8962 0.0024312500000000003 0.89515625 0.0618703125 0.86471875 0.071325 0.8555875000000001 0 0.8608687500000001 0 0.8962