2 0.9980859375 0.6879515625 0.2198953125 0.4884234375 0.00118125 0.6688671875 0.00024375 0.8641500000000001 0.32144062500000004 0.9985203125 0.9990625 0.9985203125 0.9980859375 0.6879515625
2 1 0.5769109375 0.949265625 0.476278125 0.3858828125 0.363503125 0.228515625 0.48003437499999996 1 0.6723359375 1 0.5769109375
2 0.9443843749999999 0.47454375000000004 0.88970625 0.375646875 0.46887656250000004 0.29930625 0.3896484375 0.3650171875 0.9443843749999999 0.47454375000000004
2 0.8842140625000001 0.37034375 0.8507374999999999 0.31283906250000004 0.5131812499999999 0.2632671875 0.47028437500000003 0.2966265625 0.8842140625000001 0.37034375
2 0.20654218750000003 0.4865453125 0.0021578125 0.42927499999999996 0 0.65309375 0.20654218750000003 0.4865453125
2 0 0.28700312499999997 0.0002046875 0.42754062499999995 0.21752968749999999 0.4865453125 0.3810015625 0.3633453125 0 0.28700312499999997
2 0.381978125 0.366678125 0.46790000000000004 0.3007484375 0.13006562500000002 0.23828749999999999 0.00024375 0.2760421875 0.381978125 0.366678125
2 0.46246875000000004 0.3040671875 0.5088484375 0.26416249999999997 0.2320390625 0.21558125 0.13928281250000002 0.24001718749999998 0.46246875000000004 0.3040671875
2 0.509825 0.2667640625 0.5439984375 0.23900468749999998 0.30429218750000003 0.19996562499999998 0.23876875000000003 0.21723125 0.509825 0.2667640625
2 0.8452187500000001 0.3136109375 0.8227609375 0.274571875 0.5479046875 0.23726875 0.5176999999999999 0.26171875 0.8452187500000001 0.3136109375
2 0.821784375 0.27197031250000003 0.80665 0.242475 0.5713375 0.2173171875 0.5469968749999999 0.2356765625 0.821784375 0.27197031250000003
2 0.5415578125 0.24160624999999997 0.5674328125 0.218184375 0.3609234375 0.1843515625 0.31018124999999996 0.1998703125 0.5415578125 0.24160624999999997
2 0.0001625 0.2722796875 0.11758593749999999 0.2403484375 0 0.220684375 0.0001625 0.2722796875
2 0 0.1778875 0.0004171875 0.22299687499999998 0.11490937500000001 0.24045156250000002 0.2262921875 0.2149015625 0 0.1778875