2 0 0.4360015625 0.050070312500000005 0.47503124999999996 0.3603171875 0.4883984375 0.090009375 0.3274640625 0.0885828125 0.3274640625 0.001571875 0.31837499999999996 0 0.4360015625
2 0.6163609375 0.49855625000000003 0.3303625 0.351525 0.32965 0.3504546875 0.102134375 0.32906875 0.37315624999999997 0.4894671875 0.6163609375 0.49855625000000003
2 0.8174296875 0.5084203125 0.5341140625 0.375465625 0.5345625 0.3751296875 0.3414953125 0.356953125 0.6261578125 0.501015625 0.8174296875 0.5084203125
2 0.5386296875000001 0.3759984375 0.8277828125 0.5099625 0.9840328125 0.5173671875 0.6993703124999999 0.3924921875 0.5386296875000001 0.3759984375
2 0.712184375 0.3962828125 0.9986437499999999 0.5198109375 0.9981953125 0.47100625 0.841046875 0.4090734375 0.712184375 0.3962828125
2 0.00030781250000000003 0.26949375 0.094596875 0.32503125 0.3204421875 0.349603125 0.11659843750000001 0.24222968749999998 0.11345468750000001 0.2425671875 0.00030781250000000003 0.22809374999999998 0.00030781250000000003 0.26949375
2 0 0.3135875 0.08247499999999999 0.322675 0.00030781250000000003 0.272859375 0 0.27185000000000004 0 0.3135875
2 0.5260906249999999 0.370134375 0.311021875 0.26983125 0.30967500000000003 0.270703125 0.12558750000000002 0.244784375 0.33122656250000004 0.35195937499999996 0.5260906249999999 0.370134375
2 0.38929843750000004 0.283878125 0.4422796875 0.3141703125 0.38929843750000004 0.3060921875 0.53118125 0.373075 0.691471875 0.38889375 0.4723625 0.29262968749999996 0.473709375 0.2922921875 0.38929843750000004 0.283878125
2 0.8351734375 0.40538749999999996 0.6175828125 0.3145734375 0.6183078125 0.31518125 0.4786703125 0.293975 0.699128125 0.3905765625 0.8351734375 0.40538749999999996
2 0.9602421874999999 0.41899687500000005 0.739696875 0.3309515625 0.7389421875 0.3309515625 0.62149375 0.31453125000000004 0.8401515625 0.40710625 0.9602421874999999 0.41899687500000005