2 0.0147828125 0.8033078124999999 0.4175640625 0.7446328125 0.2890078125 0.4682765625 0.03605625 0.4550421875 0.0147828125 0.8033078124999999
2 0.47571250000000004 0.4834328125 0.289921875 0.47396874999999994 0.4204 0.7522046875 0.6719859375 0.7192234375 0.47571250000000004 0.4834328125
2 0.63171875 0.492896875 0.47571250000000004 0.48154062499999994 0.6742671875 0.7162421875 0.8528375 0.69555 0.63171875 0.492896875
2 0.6336015625 0.496915625 0.8564109375 0.697921875 0.9864875 0.6838015625 0.7481921875 0.5060078125 0.6336015625 0.496915625
2 0.28976562499999997 0.47303125 0.47728281250000004 0.483965625 0.3735109375 0.3661265625 0.2278671875 0.34911875000000003 0.28976562499999997 0.47303125
2 0.47728281250000004 0.483965625 0.6229265625 0.49246875 0.4985328125 0.3846015625 0.3735109375 0.36491093750000003 0.47728281250000004 0.483965625
2 0.618375 0.4912546875 0.7394421875 0.5058312500000001 0.6066421875 0.4028359375 0.4963984375 0.38434843750000003 0.618375 0.4912546875
2 0.6065421875 0.4037859375 0.7412625 0.5094765625 0.83651875 0.5122390625000001 0.7057625 0.41836406249999997 0.6065421875 0.4037859375
2 0.7075828125 0.41593437499999997 0.8423031249999999 0.5179796875 0.9260484375000001 0.5228390625 0.9224078125 0.521625 0.8013406249999999 0.43537187499999996 0.7075828125 0.41593437499999997
2 1 0.5230265625 0.8377515624999999 0.439015625 0.8022515625000001 0.43415625 0.9260484375000001 0.5228390625 1 0.525134375 1 0.5230265625
2 1 0.617715625 0.8468546874999999 0.5143359375000001 0.746725 0.5058312500000001 0.9888578125 0.6807671875 1 0.6807671875 1 0.617715625
2 1 0.570978125 0.9342406249999999 0.5240546875 0.8514062499999999 0.5143359375000001 1 0.6172953125 1 0.570978125
2 1 0.5268078125 0.9378828125 0.5204093750000001 1 0.570309375 1 0.5268078125
2 0.1920359375 0.27902499999999997 0.22817812499999998 0.348484375 0.37238906250000003 0.3658484375 0.31376875000000004 0.296978125 0.1920359375 0.27902499999999997
2 0.373834375 0.3668140625 0.495996875 0.384178125 0.41395312500000003 0.31471875 0.3138375 0.2973546875 0.373834375 0.3668140625
2 0.49744374999999996 0.386590625 0.6018953125000001 0.403471875 0.5089671874999999 0.33619374999999996 0.41539843750000005 0.3166484375 0.49744374999999996 0.386590625
2 0.593221875 0.35379062499999997 0.5122609375 0.337871875 0.5971968750000001 0.40154375 0.6864703125 0.414084375 0.5934640625000001 0.3530859375 0.593221875 0.35379062499999997
2 0.6849015625 0.41442500000000004 0.7565875 0.42395625 0.66160625 0.36669843750000003 0.5953640625000001 0.3532109375 0.6849015625 0.41442500000000004
2 0.7547531249999999 0.42505468750000003 0.83138125 0.43678437499999995 0.726159375 0.37586875000000003 0.6634781249999999 0.36567500000000003 0.7547531249999999 0.42505468750000003
2 0.046690625 0.2443328125 0.1924984375 0.27213125 0.1682859375 0.22698281250000002 0.0499453125 0.200028125 0.046690625 0.2443328125
2 0.19315 0.27560625 0.3109671875 0.29819375 0.2732625 0.24980000000000002 0.1684140625 0.225221875 0.19315 0.27560625
2 0.31226875 0.29819375 0.4144640625 0.3164359375 0.36521875000000004 0.2693578125 0.2758171875 0.2478078125 0.31226875 0.29819375
2 0.41560625 0.3162203125 0.5085046875 0.335396875 0.44546562500000003 0.28869687499999996 0.36614843750000003 0.27073125 0.41560625 0.3162203125
2 0.5068343750000001 0.335396875 0.5903765625 0.3523453125 0.522334375 0.306546875 0.44634843750000003 0.287678125 0.5068343750000001 0.335396875
2 0.5232078125 0.3068546875 0.5903765625 0.3523453125 0.662890625 0.365278125 0.5866703125 0.31770312500000003 0.5232078125 0.3068546875
2 0.5171921875 0.3041796875 0.5806843749999999 0.3162203125 0.519828125 0.282003125 0.46172031249999995 0.26760937500000004 0.5171921875 0.3041796875
2 0.5188640625 0.305071875 0.459046875 0.26537968749999996 0.3982578125 0.25243906250000003 0.44634843750000003 0.287678125 0.5188640625 0.305071875
2 0.4426734375 0.28678593750000003 0.395221875 0.2502171875 0.32404375 0.2328234375 0.36414375 0.271178125 0.4426734375 0.28678593750000003
2 0.3623484375 0.26954375 0.32315625 0.23031406250000003 0.2452359375 0.21412499999999998 0.2713640625 0.250240625 0.3623484375 0.26954375
2 0.27043125 0.24775 0.24197031249999998 0.21225624999999998 0.15394687499999998 0.19367499999999999 0.16871562499999998 0.22471093749999999 0.27043125 0.24775
2 0.16825 0.22595625 0.1537859375 0.19419843750000002 0.05186875 0.166415625 0.05160312500000001 0.20104843749999998 0.16825 0.22595625
2 0.1542515625 0.192953125 0.24103750000000002 0.2110109375 0.21986093750000002 0.1858859375 0.1402546875 0.1668 0.1542515625 0.192953125
2 0.24243593749999998 0.2128796875 0.3194234375 0.228446875 0.2968578125 0.20379999999999998 0.2209734375 0.1836125 0.24243593749999998 0.2128796875
2 0.3180234375 0.23031406250000003 0.395009375 0.2508640625 0.3604390625 0.22171406249999998 0.30029218750000003 0.20416249999999997 0.3180234375 0.23031406250000003
2 0.395009375 0.25210937499999997 0.4579984375 0.26580781249999996 0.4234375 0.23729062500000003 0.3604828125 0.220975 0.395009375 0.25210937499999997
2 0.4607984375 0.267053125 0.5195875 0.2801296875 0.47476874999999996 0.25053125 0.42627031249999997 0.2365421875 0.4607984375 0.267053125