2 0.9063046874999999 1 0.9053281249999999 0.7922359375 0.41126874999999996 0.616565625 0.20532187500000001 0.822265625 0.5753046875 1 0.9063046874999999 1
2 0 0.7180640625 0.190603125 0.8156593750000001 0.39819375 0.618815625 0.0753875 0.513765625 0 0.5488999999999999 0 0.7180640625
2 0.23649375 0.4395921875 0.0802703125 0.5111625 0.4055171875 0.6139328125 0.51476875 0.508559375 0.23649375 0.4395921875
2 0 0.4864390625 0.0002046875 0.546296875 0.064940625 0.51139375 0 0.4864390625
2 0.068603125 0.51139375 0.2286828125 0.4382921875 0.0304734375 0.3836390625 0 0.39535 0.00118125 0.47863125 0.068603125 0.51139375
2 0.3507328125 0.38884375000000004 0.2404 0.44089375000000003 0.5137921875 0.5072593750000001 0.583115625 0.44089375000000003 0.3507328125 0.38884375000000004
2 0.8984937499999999 0.604853125 0.8984937499999999 0.5059578124999999 0.58506875 0.43699062499999997 0.517821875 0.509765625 0.8984937499999999 0.604853125
2 0.8975171874999999 0.5096578125 0.8994703124999999 0.4393890625 0.6358421875 0.3912421875 0.5874015625 0.4365234375 0.8975171874999999 0.5096578125
2 0.1564296875 0.3483 0.035354687499999995 0.3821328125 0.23706093749999999 0.4381515625 0.344875 0.3886390625 0.1564296875 0.3483
2 0.252115625 0.31837031250000003 0.160334375 0.345696875 0.349365625 0.3876953125 0.4239625 0.35480625 0.252115625 0.31837031250000003
2 0.583115625 0.4393890625 0.6338890625 0.3873375 0.4405609375 0.3483 0.3542484375 0.3860671875 0.583115625 0.4393890625