2 1 0.9755296875000001 0.9921875 0.9616671875 0.9921875 0.9582015625 0.9892578125 0.95646875 0.978515625 0.937409375 0.978515625 0.9339437500000001 0.9716796875 0.9218140625 0.9697265625 0.9218140625 0.962890625 0.909684375 0.962890625 0.9062203125 0.9560546875 0.8940906249999999 0.9541015625 0.8940906249999999 0.94921875 0.8854265625 0.94921875 0.8819609375 0.9384765625 0.8629015624999999 0.935546875 0.86116875 0.935546875 0.8577031249999999 0.900390625 0.795325 0.900390625 0.791859375 0.8974609375 0.7901265625 0.890625 0.777996875 0.890625 0.77453125 0.87109375 0.7398765625 0.87109375 0.7364124999999999 0.8681640625 0.7346796875 0.8642578125 0.7277484375000001 0.8212890625 0.7277484375000001 0.8193359375 0.7242828125 0.7568359375 0.7242828125 0.7548828125 0.7208171875 0.6806640625 0.7208171875 0.6796875 0.72255 0.6796875 0.732946875 0.681640625 0.7364124999999999 0.681640625 0.7433421874999999 0.68359375 0.7468078125 0.68359375 0.7572046875 0.685546875 0.7606703125000001 0.685546875 0.7676015625 0.6875 0.7710656250000001 0.6875 0.7814625000000001 0.689453125 0.784928125 0.689453125 0.791859375 0.69140625 0.795325 0.69140625 0.8022562499999999 0.693359375 0.8057203124999999 0.693359375 0.8126515624999999 0.6953125 0.8161171875000001 0.6953125 0.8230484375 0.69921875 0.8334453125 0.69921875 0.843840625 0.703125 0.8542375 0.703125 0.864634375 0.70703125 0.8750296875 0.70703125 0.8854265625 0.708984375 0.8888921875 0.708984375 0.8923578125 0.7109375 0.8958234375 0.7109375 0.9027546875000001 0.71484375 0.9131500000000001 0.71484375 0.9235468750000001 0.71875 0.9339437500000001 0.71875 0.9443390624999999 0.720703125 0.9478046875 0.720703125 0.9547359375 0.724609375 0.9616671875 0.724609375 0.9720640625 0.7265625 0.9755296875000001 0.7265625 0.982459375 0.7314453125 0.9945890625 0.8095703125 0.9945890625 0.8115234375 0.9980546875 0.9990234375 0.9980546875 1 0.9963218749999999 1 0.9755296875000001
2 0.701171875 0.916615625 0.69921875 0.9131500000000001 0.69921875 0.9062203125 0.697265625 0.9027546875000001 0.697265625 0.8923578125 0.6953125 0.8888921875 0.6953125 0.8784953124999999 0.693359375 0.8750296875 0.693359375 0.8680999999999999 0.689453125 0.8577031249999999 0.689453125 0.843840625 0.6875 0.8403750000000001 0.6875 0.8299796875000001 0.685546875 0.8265140625 0.685546875 0.8195828125 0.68359375 0.8161171875000001 0.68359375 0.8091859375 0.681640625 0.8057203124999999 0.681640625 0.798790625 0.6796875 0.795325 0.6796875 0.7814625000000001 0.677734375 0.777996875 0.677734375 0.7641359375000001 0.67578125 0.7606703125000001 0.67578125 0.7572046875 0.673828125 0.7537390625 0.673828125 0.7468078125 0.669921875 0.7364124999999999 0.669921875 0.7260156249999999 0.6630859375 0.7173515625 0.6162109375 0.7173515625 0.6142578125 0.7138859375 0.5595703125 0.7138859375 0.5576171875 0.7104203124999999 0.4912109375 0.7104203124999999 0.48828125 0.719084375 0.48828125 0.72255 0.486328125 0.7260156249999999 0.486328125 0.732946875 0.482421875 0.7433421874999999 0.482421875 0.7502734375 0.48046875 0.7537390625 0.48046875 0.7606703125000001 0.478515625 0.7641359375000001 0.478515625 0.7710656250000001 0.4765625 0.77453125 0.4765625 0.784928125 0.474609375 0.78839375 0.474609375 0.795325 0.47265625 0.798790625 0.47265625 0.8022562499999999 0.470703125 0.8057203124999999 0.470703125 0.8126515624999999 0.46875 0.8161171875000001 0.46875 0.8265140625 0.46484375 0.8369109375000001 0.46484375 0.843840625 0.462890625 0.8473062499999999 0.462890625 0.8542375 0.4609375 0.8577031249999999 0.4609375 0.864634375 0.458984375 0.8680999999999999 0.458984375 0.871565625 0.45703125 0.8750296875 0.45703125 0.8819609375 0.453125 0.8923578125 0.453125 0.9027546875000001 0.451171875 0.9062203125 0.451171875 0.9131500000000001 0.447265625 0.9235468750000001 0.447265625 0.9304781249999999 0.4453125 0.9339437500000001 0.4453125 0.9408749999999999 0.439453125 0.9582015625 0.439453125 0.9685984375000001 0.4404296875 0.9703312499999999 0.4560546875 0.9703312499999999 0.4580078125 0.973796875 0.4892578125 0.973796875 0.4912109375 0.9772609375 0.5263671875 0.9772609375 0.5283203125 0.9807265624999999 0.5302734375 0.9772609375 0.5380859375 0.9772609375 0.5400390625 0.9807265624999999 0.5771484375 0.9807265624999999 0.5791015625 0.9841921875 0.5849609375 0.9841921875 0.5869140625 0.9876578125 0.5927734375 0.9841921875 0.5947265625 0.9876578125 0.6005859375 0.9876578125 0.6025390625 0.9911234375 0.6044921875 0.9911234375 0.6064453125 0.9876578125 0.6162109375 0.9876578125 0.6181640625 0.9911234375 0.6201171875 0.9911234375 0.6220703125 0.9876578125 0.6318359375 0.9876578125 0.6337890625 0.9911234375 0.6357421875 0.9911234375 0.6376953125 0.9876578125 0.6455078125 0.9876578125 0.6474609375 0.9911234375 0.7021484375 0.9911234375 0.7041015625 0.9945890625 0.7080078125 0.9945890625 0.708984375 0.99285625 0.7109375 0.9893906250000001 0.7109375 0.9755296875000001 0.70703125 0.9651328124999999 0.70703125 0.9547359375 0.705078125 0.9512703124999999 0.705078125 0.9408749999999999 0.703125 0.937409375 0.703125 0.9270125 0.701171875 0.9235468750000001 0.701171875 0.916615625
2 0.439453125 0.8992890625 0.443359375 0.8958234375 0.443359375 0.8819609375 0.447265625 0.871565625 0.447265625 0.86116875 0.44921875 0.8577031249999999 0.44921875 0.8507718750000001 0.453125 0.8403750000000001 0.453125 0.8334453125 0.455078125 0.8299796875000001 0.45703125 0.8195828125 0.4609375 0.8126515624999999 0.4609375 0.8022562499999999 0.46875 0.7814625000000001 0.46875 0.77453125 0.470703125 0.7710656250000001 0.46875 0.7676015625 0.470703125 0.7641359375000001 0.47265625 0.7537390625 0.4765625 0.7468078125 0.4765625 0.732946875 0.478515625 0.72948125 0.478515625 0.72255 0.48046875 0.719084375 0.48046875 0.712153125 0.4775390625 0.7069546875 0.4189453125 0.7069546875 0.4169921875 0.7034890625 0.3603515625 0.7034890625 0.3583984375 0.700025 0.3134765625 0.700025 0.3056640625 0.7138859375 0.3037109375 0.7138859375 0.30078125 0.719084375 0.30078125 0.72255 0.2890625 0.7433421874999999 0.2890625 0.7468078125 0.2783203125 0.76586875 0.2763671875 0.76586875 0.2666015625 0.7866609375 0.2646484375 0.7866609375 0.2451171875 0.8213156250000001 0.2431640625 0.8213156250000001 0.236328125 0.8334453125 0.236328125 0.8369109375000001 0.2314453125 0.8455734375 0.2294921875 0.8455734375 0.20703125 0.8854265625 0.20703125 0.8888921875 0.2041015625 0.8940906249999999 0.2021484375 0.8940906249999999 0.1904296875 0.9148828124999999 0.1884765625 0.9148828124999999 0.18359375 0.9235468750000001 0.18359375 0.9270125 0.1748046875 0.9426062500000001 0.1728515625 0.9426062500000001 0.16796875 0.9512703124999999 0.16796875 0.9582015625 0.1728515625 0.9634 0.1904296875 0.9634 0.1923828125 0.966865625 0.2255859375 0.966865625 0.2275390625 0.9703312499999999 0.2568359375 0.9703312499999999 0.2587890625 0.973796875 0.2939453125 0.973796875 0.2958984375 0.9772609375 0.3251953125 0.9772609375 0.3271484375 0.9807265624999999 0.3623046875 0.9807265624999999 0.3642578125 0.9841921875 0.3994140625 0.9841921875 0.4013671875 0.9876578125 0.4248046875 0.9876578125 0.42578125 0.9859249999999999 0.427734375 0.982459375 0.427734375 0.9720640625 0.4296875 0.9685984375000001 0.4296875 0.9582015625 0.431640625 0.9547359375 0.431640625 0.9304781249999999 0.4375 0.9270125 0.4375 0.9062203125 0.439453125 0.9027546875000001 0.439453125 0.8992890625
2 0 0.916615625 0.0009765625 0.9183484375000001 0.0283203125 0.9183484375000001 0.0302734375 0.9218140625 0.0478515625 0.9218140625 0.0498046875 0.9252796875 0.0771484375 0.9252796875 0.0791015625 0.9287453125 0.1181640625 0.9287453125 0.1201171875 0.9322109375000001 0.1455078125 0.9322109375000001 0.1474609375 0.9356765625 0.1591796875 0.9356765625 0.16015625 0.9339437500000001 0.1689453125 0.9183484375000001 0.1708984375 0.9183484375000001 0.1943359375 0.8767625000000001 0.1962890625 0.8767625000000001 0.2197265625 0.835178125 0.2216796875 0.835178125 0.2470703125 0.7901265625 0.2490234375 0.7901265625 0.251953125 0.784928125 0.251953125 0.7814625000000001 0.2548828125 0.7797296874999999 0.259765625 0.7710656250000001 0.2607421875 0.76586875 0.2626953125 0.76586875 0.2822265625 0.7312140625 0.2841796875 0.7312140625 0.29296875 0.71561875 0.29296875 0.712153125 0.296875 0.705221875 0.296875 0.7017578125 0.2958984375 0.700025 0.2783203125 0.700025 0.2763671875 0.696559375 0.2177734375 0.696559375 0.2158203125 0.69309375 0.1591796875 0.69309375 0.1572265625 0.689628125 0.1455078125 0.689628125 0.1357421875 0.7034890625 0.1337890625 0.7034890625 0.1318359375 0.7069546875 0.1298828125 0.7069546875 0.1259765625 0.7138859375 0.1201171875 0.7173515625 0.1142578125 0.7277484375000001 0.1123046875 0.7277484375000001 0.1083984375 0.7346796875 0.1064453125 0.7346796875 0.0966796875 0.748540625 0.0947265625 0.748540625 0.0927734375 0.75200625 0.0908203125 0.75200625 0.0869140625 0.7589375 0.0810546875 0.762403125 0.0751953125 0.7727984375 0.0732421875 0.7727984375 0.0693359375 0.7797296874999999 0.0673828125 0.7797296874999999 0.0654296875 0.7831953125 0.0595703125 0.7866609375 0.0556640625 0.7935921875 0.0517578125 0.7935921875 0.0478515625 0.8005234375000001 0.0458984375 0.8005234375000001 0.044921875 0.8022562499999999 0.044921875 0.8091859375 0.0419921875 0.814384375 0.0361328125 0.814384375 0.0322265625 0.8213156250000001 0.0302734375 0.8213156250000001 0.029296875 0.8265140625 0.0263671875 0.8317125000000001 0.0205078125 0.8282468749999999 0.017578125 0.8334453125 0.015625 0.843840625 0.0126953125 0.8490390624999999 0.0107421875 0.8490390624999999 0.0087890625 0.8525046875 0.0048828125 0.8525046875 0 0.86116875 0 0.916615625
2 0 0.8265140625 0.0009765625 0.8282468749999999 0.001953125 0.8265140625 0.0048828125 0.82478125 0.0087890625 0.81785 0.0146484375 0.814384375 0.0185546875 0.807453125 0.0205078125 0.807453125 0.0224609375 0.8039890625 0.0283203125 0.8005234375000001 0.0322265625 0.7935921875 0.0341796875 0.7935921875 0.0361328125 0.7901265625 0.0419921875 0.7866609375 0.0458984375 0.7797296874999999 0.0478515625 0.7797296874999999 0.0498046875 0.7762640625 0.0556640625 0.7727984375 0.0595703125 0.76586875 0.0615234375 0.76586875 0.0634765625 0.762403125 0.0693359375 0.7589375 0.0732421875 0.75200625 0.0751953125 0.75200625 0.0771484375 0.748540625 0.0830078125 0.745075 0.0869140625 0.73814375 0.0888671875 0.73814375 0.0908203125 0.7346796875 0.0966796875 0.7312140625 0.1005859375 0.7242828125 0.1064453125 0.7208171875 0.1103515625 0.7138859375 0.1162109375 0.7104203124999999 0.1201171875 0.7034890625 0.1220703125 0.7034890625 0.1259765625 0.696559375 0.1279296875 0.696559375 0.12890625 0.6913609375 0.1279296875 0.689628125 0.1220703125 0.689628125 0.1201171875 0.6861625 0.1181640625 0.6861625 0.1162109375 0.689628125 0.1142578125 0.6861625 0.0712890625 0.6861625 0.0693359375 0.682696875 0.0166015625 0.682696875 0.0146484375 0.6792312500000001 0.0009765625 0.6792312500000001 0 0.6809640625 0 0.8265140625
2 1 0.580465625 0.9990234375 0.5787328125 0.9287109375 0.5787328125 0.927734375 0.580465625 0.9306640625 0.5821984375 0.9384765625 0.5960609375 0.9404296875 0.5960609375 0.9423828125 0.5995250000000001 0.9443359375 0.5995250000000001 0.9462890625 0.602990625 0.9482421875 0.602990625 0.9501953125 0.60645625 0.9521484375 0.60645625 0.9541015625 0.6099218750000001 0.9599609375 0.6133875 0.9638671875 0.62031875 0.9697265625 0.623784375 0.9736328125 0.630715625 0.9775390625 0.630715625 0.9814453125 0.6376453125 0.9833984375 0.6376453125 0.9873046875 0.6445765625 0.9931640625 0.6480421875 0.9970703125 0.6549734375 1 0.653240625 1 0.580465625
2 1 0.667103125 0.9990234375 0.6653703125 0.9970703125 0.6653703125 0.9931640625 0.6584390625000001 0.9873046875 0.6549734375 0.9814453125 0.6445765625 0.9755859375 0.6411109374999999 0.9716796875 0.6341796875 0.9658203125 0.630715625 0.9619140625 0.623784375 0.9560546875 0.62031875 0.9521484375 0.6133875 0.9501953125 0.6133875 0.9482421875 0.6099218750000001 0.9423828125 0.60645625 0.9384765625 0.5995250000000001 0.9326171875 0.5960609375 0.9287109375 0.5891296875 0.9267578125 0.5891296875 0.9228515625 0.5821984375 0.9208984375 0.5821984375 0.9189453125 0.5787328125 0.8681640625 0.5787328125 0.8662109375 0.5752671874999999 0.8564453125 0.5752671874999999 0.8544921875 0.5787328125 0.8525390625 0.5752671874999999 0.7919921875 0.5752671874999999 0.791015625 0.577 0.791015625 0.580465625 0.794921875 0.587396875 0.794921875 0.5908625 0.8056640625 0.6099218750000001 0.8076171875 0.6099218750000001 0.8125 0.6185859375 0.8125 0.6220515625 0.8232421875 0.6411109374999999 0.8251953125 0.6411109374999999 0.828125 0.646309375 0.828125 0.649775 0.8310546875 0.6515078125 0.845703125 0.6774984374999999 0.8466796875 0.682696875 0.8486328125 0.682696875 0.8544921875 0.69309375 0.8603515625 0.69309375 0.8623046875 0.696559375 0.9990234375 0.696559375 1 0.6948265625000001 1 0.667103125
2 0.814453125 0.64284375 0.814453125 0.639378125 0.8037109375 0.62031875 0.8017578125 0.62031875 0.798828125 0.6151203125 0.798828125 0.6116546875 0.78515625 0.587396875 0.78515625 0.58393125 0.7783203125 0.5752671874999999 0.7587890625 0.5752671874999999 0.7568359375 0.5718015624999999 0.6513671875 0.5718015624999999 0.650390625 0.573534375 0.650390625 0.580465625 0.65234375 0.58393125 0.65234375 0.594328125 0.654296875 0.59779375 0.654296875 0.6047234375 0.65625 0.6081890624999999 0.65625 0.6185859375 0.658203125 0.6220515625 0.658203125 0.6255171875000001 0.66015625 0.6289828125 0.66015625 0.6359125 0.6640625 0.646309375 0.6640625 0.653240625 0.666015625 0.6567062499999999 0.666015625 0.6636375 0.66796875 0.667103125 0.66796875 0.6774984374999999 0.6708984375 0.6861625 0.6787109375 0.6861625 0.6806640625 0.689628125 0.7568359375 0.689628125 0.7587890625 0.69309375 0.8369140625 0.69309375 0.837890625 0.6913609375 0.83984375 0.6878953125 0.837890625 0.6844296875 0.837890625 0.6809640625 0.8349609375 0.675765625 0.8330078125 0.675765625 0.830078125 0.6705671875 0.830078125 0.667103125 0.8193359375 0.6480421875 0.8173828125 0.6480421875 0.814453125 0.64284375
2 0.65234375 0.6220515625 0.650390625 0.6185859375 0.650390625 0.6116546875 0.6484375 0.6081890624999999 0.6484375 0.59779375 0.646484375 0.594328125 0.646484375 0.587396875 0.64453125 0.58393125 0.64453125 0.577 0.6416015625 0.5718015624999999 0.6220703125 0.5718015624999999 0.6201171875 0.5683359375 0.5205078125 0.5683359375 0.517578125 0.573534375 0.517578125 0.580465625 0.515625 0.58393125 0.515625 0.594328125 0.513671875 0.59779375 0.513671875 0.6047234375 0.51171875 0.6081890624999999 0.51171875 0.6185859375 0.509765625 0.6220515625 0.5078125 0.6324484375 0.50390625 0.639378125 0.50390625 0.64284375 0.501953125 0.646309375 0.501953125 0.653240625 0.5 0.6567062499999999 0.5 0.6636375 0.498046875 0.667103125 0.498046875 0.6740328124999999 0.4990234375 0.675765625 0.5009765625 0.6723 0.5029296875 0.675765625 0.5244140625 0.675765625 0.5263671875 0.6792312500000001 0.5869140625 0.6792312500000001 0.5888671875 0.682696875 0.5908203125 0.6792312500000001 0.6025390625 0.6792312500000001 0.6044921875 0.682696875 0.6064453125 0.6792312500000001 0.6083984375 0.6792312500000001 0.6103515625 0.682696875 0.6123046875 0.682696875 0.6142578125 0.6792312500000001 0.6162109375 0.6792312500000001 0.6181640625 0.682696875 0.6201171875 0.682696875 0.6220703125 0.6792312500000001 0.6240234375 0.682696875 0.6552734375 0.682696875 0.65625 0.6809640625 0.66015625 0.6774984374999999 0.66015625 0.667103125 0.658203125 0.6636375 0.658203125 0.653240625 0.65625 0.649775 0.65625 0.64284375 0.654296875 0.639378125 0.654296875 0.6289828125 0.65234375 0.6255171875000001 0.65234375 0.6220515625
2 0.5078125 0.58393125 0.509765625 0.580465625 0.509765625 0.57006875 0.5068359375 0.5648718749999999 0.4248046875 0.5648718749999999 0.4228515625 0.56140625 0.3974609375 0.56140625 0.3955078125 0.5648718749999999 0.3916015625 0.5648718749999999 0.38671875 0.573534375 0.38671875 0.577 0.373046875 0.6012578125 0.373046875 0.6047234375 0.3701171875 0.60645625 0.365234375 0.6151203125 0.365234375 0.6185859375 0.3623046875 0.62031875 0.357421875 0.6289828125 0.3564453125 0.6341796875 0.3505859375 0.6376453125 0.349609375 0.64284375 0.3466796875 0.6445765625 0.337890625 0.660171875 0.3388671875 0.6653703125 0.3427734375 0.6653703125 0.3447265625 0.668834375 0.3876953125 0.668834375 0.3896484375 0.6723 0.4208984375 0.6723 0.4228515625 0.675765625 0.4599609375 0.675765625 0.4619140625 0.6792312500000001 0.4853515625 0.6792312500000001 0.486328125 0.6774984374999999 0.494140625 0.6567062499999999 0.494140625 0.646309375 0.49609375 0.64284375 0.49609375 0.639378125 0.501953125 0.6220515625 0.501953125 0.6116546875 0.505859375 0.6047234375 0.505859375 0.59779375 0.5078125 0.594328125 0.5078125 0.58393125
2 0.37890625 0.573534375 0.37890625 0.57006875 0.380859375 0.566603125 0.3779296875 0.56140625 0.3232421875 0.56140625 0.3212890625 0.557940625 0.2705078125 0.557940625 0.2685546875 0.56140625 0.2666015625 0.56140625 0.2626953125 0.5683359375 0.2607421875 0.5683359375 0.2548828125 0.5787328125 0.2490234375 0.5821984375 0.2431640625 0.5925953125000001 0.2373046875 0.5960609375 0.2314453125 0.60645625 0.2275390625 0.60645625 0.2177734375 0.62031875 0.2158203125 0.62031875 0.2138671875 0.623784375 0.2080078125 0.62725 0.2021484375 0.6376453125 0.1982421875 0.6376453125 0.1962890625 0.6411109374999999 0.1943359375 0.6411109374999999 0.1904296875 0.6480421875 0.1865234375 0.6480421875 0.1826171875 0.6549734375 0.1796875 0.6567062499999999 0.1796875 0.6636375 0.1806640625 0.6653703125 0.2529296875 0.6653703125 0.2548828125 0.668834375 0.3232421875 0.668834375 0.32421875 0.667103125 0.328125 0.660171875 0.328125 0.6567062499999999 0.3310546875 0.6515078125 0.3330078125 0.6515078125 0.34375 0.6324484375 0.3447265625 0.62725 0.3466796875 0.62725 0.3720703125 0.5821984375 0.3740234375 0.5821984375 0.37890625 0.573534375
2 0.2021484375 0.62031875 0.2060546875 0.6133875 0.2080078125 0.6133875 0.2099609375 0.6099218750000001 0.2138671875 0.6099218750000001 0.2236328125 0.5960609375 0.2255859375 0.5960609375 0.2275390625 0.5925953125000001 0.2294921875 0.5925953125000001 0.2314453125 0.5891296875 0.2333984375 0.5891296875 0.2353515625 0.5856640625 0.2412109375 0.5821984375 0.2451171875 0.5752671874999999 0.2470703125 0.5752671874999999 0.25390625 0.5631390625 0.2509765625 0.557940625 0.1962890625 0.557940625 0.1943359375 0.5544749999999999 0.1533203125 0.5544749999999999 0.1435546875 0.5648718749999999 0.1396484375 0.5648718749999999 0.1357421875 0.5718015624999999 0.1337890625 0.5718015624999999 0.1318359375 0.5752671874999999 0.1298828125 0.5752671874999999 0.1279296875 0.5787328125 0.1259765625 0.5787328125 0.1240234375 0.5821984375 0.1220703125 0.5821984375 0.1123046875 0.5925953125000001 0.1083984375 0.5925953125000001 0.1064453125 0.5960609375 0.1044921875 0.5960609375 0.0947265625 0.60645625 0.0908203125 0.60645625 0.0888671875 0.6099218750000001 0.0849609375 0.6099218750000001 0.0830078125 0.6133875 0.0810546875 0.6133875 0.0771484375 0.62031875 0.0732421875 0.62031875 0.0712890625 0.623784375 0.0673828125 0.623784375 0.0654296875 0.62725 0.0634765625 0.62725 0.0595703125 0.6341796875 0.0556640625 0.6341796875 0.0537109375 0.6376453125 0.0498046875 0.6376453125 0.0478515625 0.6411109374999999 0.0419921875 0.6445765625 0.0390625 0.649775 0.0400390625 0.6515078125 0.0458984375 0.6515078125 0.0478515625 0.6549734375 0.0966796875 0.6549734375 0.0986328125 0.6584390625000001 0.1005859375 0.6549734375 0.1044921875 0.6549734375 0.1064453125 0.6584390625000001 0.1591796875 0.6584390625000001 0.1611328125 0.6619046875000001 0.162109375 0.660171875 0.1669921875 0.6549734375 0.1689453125 0.6549734375 0.1708984375 0.6515078125 0.1728515625 0.6515078125 0.1767578125 0.6445765625 0.1826171875 0.6411109374999999 0.1865234375 0.6341796875 0.1923828125 0.630715625 0.1962890625 0.623784375 0.2021484375 0.62031875
2 0 0.639378125 0.0009765625 0.6411109374999999 0.0107421875 0.6411109374999999 0.0126953125 0.6376453125 0.015625 0.64284375 0.013671875 0.646309375 0.0146484375 0.6480421875 0.0185546875 0.6480421875 0.01953125 0.646309375 0.0244140625 0.6411109374999999 0.0283203125 0.6411109374999999 0.0302734375 0.6376453125 0.0341796875 0.6376453125 0.0400390625 0.630715625 0.0439453125 0.630715625 0.0498046875 0.623784375 0.0537109375 0.623784375 0.0634765625 0.6133875 0.0673828125 0.6133875 0.0693359375 0.6099218750000001 0.0712890625 0.6099218750000001 0.0732421875 0.60645625 0.0771484375 0.60645625 0.0830078125 0.5995250000000001 0.0869140625 0.5995250000000001 0.0927734375 0.5925953125000001 0.0966796875 0.5925953125000001 0.1064453125 0.5821984375 0.1103515625 0.5821984375 0.1201171875 0.5718015624999999 0.1240234375 0.5718015624999999 0.1259765625 0.5683359375 0.1279296875 0.5683359375 0.1298828125 0.5648718749999999 0.1318359375 0.5648718749999999 0.13671875 0.5596734375 0.1318359375 0.5544749999999999 0.0751953125 0.5544749999999999 0.0732421875 0.551009375 0.0458984375 0.551009375 0.0439453125 0.5544749999999999 0.0380859375 0.5544749999999999 0.0283203125 0.5648718749999999 0.0244140625 0.5648718749999999 0.0224609375 0.5683359375 0.0166015625 0.5683359375 0.0107421875 0.5752671874999999 0.0068359375 0.5752671874999999 0 0.58393125 0 0.639378125
2 1 0.5354140625 0.9990234375 0.53368125 0.9970703125 0.53368125 0.9912109375 0.5267515625 0.9873046875 0.5267515625 0.9775390625 0.5163546875 0.9736328125 0.5163546875 0.9638671875 0.5059578124999999 0.9580078125 0.5059578124999999 0.9521484375 0.4990265625 0.9326171875 0.4990265625 0.9306640625 0.4955625 0.8583984375 0.4955625 0.85546875 0.500759375 0.85546875 0.504225 0.8603515625 0.5128890625 0.8623046875 0.5128890625 0.8642578125 0.5163546875 0.8662109375 0.5163546875 0.8681640625 0.5198203125 0.8701171875 0.5198203125 0.8720703125 0.5232859375000001 0.8740234375 0.5232859375000001 0.8759765625 0.5267515625 0.8779296875 0.5267515625 0.8798828125 0.5302171875 0.8818359375 0.5302171875 0.8837890625 0.53368125 0.8896484375 0.537146875 0.8935546875 0.544078125 0.8994140625 0.54754375 0.9033203125 0.5544749999999999 0.9052734375 0.5544749999999999 0.9072265625 0.557940625 0.9111328125 0.557940625 0.9130859375 0.56140625 0.9990234375 0.56140625 1 0.5596734375 1 0.5354140625
2 0.8720703125 0.5267515625 0.8701171875 0.5267515625 0.8681640625 0.5232859375000001 0.8642578125 0.5232859375000001 0.8583984375 0.5128890625 0.8564453125 0.5128890625 0.8544921875 0.5094234375 0.8486328125 0.5059578124999999 0.8447265625 0.4990265625 0.8427734375 0.4990265625 0.8408203125 0.4955625 0.7451171875 0.4955625 0.744140625 0.500759375 0.75 0.51115625 0.75 0.514621875 0.7568359375 0.5267515625 0.7587890625 0.5267515625 0.7734375 0.5527421875 0.7734375 0.5562078125000001 0.7783203125 0.5648718749999999 0.779296875 0.5631390625 0.7802734375 0.56140625 0.8955078125 0.56140625 0.8984375 0.5562078125000001 0.8974609375 0.5544749999999999 0.8935546875 0.5544749999999999 0.8876953125 0.544078125 0.8857421875 0.544078125 0.8837890625 0.5406125 0.8779296875 0.537146875 0.8720703125 0.5267515625
2 1 0.500759375 0.9990234375 0.4990265625 0.9619140625 0.4990265625 0.9609375 0.500759375 0.9677734375 0.5094234375 0.9716796875 0.5094234375 0.9775390625 0.5163546875 0.9814453125 0.5163546875 0.9912109375 0.5267515625 0.9951171875 0.5267515625 0.9970703125 0.5302171875 1 0.528484375 1 0.500759375
2 0.75 0.5180875 0.7392578125 0.4990265625 0.7373046875 0.4990265625 0.7353515625 0.4955625 0.7294921875 0.4955625 0.7275390625 0.492096875 0.6396484375 0.492096875 0.63671875 0.49729375 0.63671875 0.500759375 0.638671875 0.504225 0.638671875 0.51115625 0.640625 0.514621875 0.640625 0.521553125 0.642578125 0.52501875 0.642578125 0.5319484375 0.64453125 0.5354140625 0.64453125 0.5423453125 0.646484375 0.5458109375 0.646484375 0.5527421875 0.6513671875 0.557940625 0.7646484375 0.557940625 0.765625 0.5562078125000001 0.767578125 0.5527421875 0.765625 0.5492765625 0.765625 0.5458109375 0.7626953125 0.5406125 0.7607421875 0.5406125 0.7578125 0.5354140625 0.7578125 0.5319484375 0.7548828125 0.5302171875 0.75 0.521553125 0.75 0.5180875
2 0.6298828125 0.492096875 0.5517578125 0.492096875 0.5498046875 0.48863124999999996 0.5439453125 0.48863124999999996 0.5419921875 0.492096875 0.5400390625 0.492096875 0.5380859375 0.48863124999999996 0.533203125 0.49729375 0.533203125 0.504225 0.53125 0.5076906250000001 0.53125 0.514621875 0.529296875 0.5180875 0.529296875 0.52501875 0.52734375 0.528484375 0.52734375 0.5354140625 0.5234375 0.5458109375 0.5263671875 0.551009375 0.5458984375 0.551009375 0.5478515625 0.5544749999999999 0.6396484375 0.5544749999999999 0.640625 0.5527421875 0.640625 0.5388796874999999 0.638671875 0.5354140625 0.638671875 0.528484375 0.63671875 0.52501875 0.63671875 0.5180875 0.634765625 0.514621875 0.634765625 0.5076906250000001 0.6328125 0.504225 0.6328125 0.49729375 0.6298828125 0.492096875
2 0.4384765625 0.48863124999999996 0.4326171875 0.4990265625 0.4306640625 0.4990265625 0.4296875 0.504225 0.4248046875 0.5128890625 0.4228515625 0.5128890625 0.421875 0.5180875 0.4189453125 0.5198203125 0.40625 0.5423453125 0.4072265625 0.54754375 0.4345703125 0.54754375 0.4365234375 0.551009375 0.5166015625 0.551009375 0.517578125 0.5492765625 0.521484375 0.5388796874999999 0.521484375 0.5319484375 0.5234375 0.528484375 0.5234375 0.52501875 0.52734375 0.514621875 0.52734375 0.5076906250000001 0.529296875 0.504225 0.529296875 0.4938296875 0.5244140625 0.48863124999999996 0.4384765625 0.48863124999999996
2 0.3330078125 0.5059578124999999 0.3291015625 0.5059578124999999 0.3271484375 0.5094234375 0.3212890625 0.5128890625 0.3173828125 0.5198203125 0.3154296875 0.5198203125 0.3134765625 0.5232859375000001 0.3115234375 0.5232859375000001 0.3095703125 0.5267515625 0.3076171875 0.5267515625 0.3056640625 0.5302171875 0.3037109375 0.5302171875 0.298828125 0.5354140625 0.298828125 0.5423453125 0.2998046875 0.544078125 0.3408203125 0.544078125 0.3427734375 0.54754375 0.3955078125 0.54754375 0.396484375 0.5458109375 0.4091796875 0.5232859375000001 0.4111328125 0.5232859375000001 0.4248046875 0.4990265625 0.427734375 0.49729375 0.427734375 0.49036406250000003 0.4267578125 0.48863124999999996 0.3486328125 0.48863124999999996 0.3427734375 0.4955625 0.3388671875 0.4955625 0.3330078125 0.5059578124999999
2 0.3115234375 0.5128890625 0.3154296875 0.5059578124999999 0.3193359375 0.5059578124999999 0.3212890625 0.5024921875 0.3271484375 0.4990265625 0.330078125 0.4938296875 0.330078125 0.49036406250000003 0.3291015625 0.48863124999999996 0.3154296875 0.48863124999999996 0.3134765625 0.48516562499999993 0.2568359375 0.48516562499999993 0.2548828125 0.48863124999999996 0.2470703125 0.48863124999999996 0.2451171875 0.492096875 0.2412109375 0.492096875 0.2353515625 0.4990265625 0.2314453125 0.4990265625 0.2294921875 0.5024921875 0.2275390625 0.5024921875 0.2255859375 0.5059578124999999 0.2236328125 0.5059578124999999 0.2216796875 0.5094234375 0.2197265625 0.5094234375 0.2099609375 0.5198203125 0.2060546875 0.5198203125 0.2001953125 0.5267515625 0.1962890625 0.5267515625 0.1943359375 0.5302171875 0.1904296875 0.5302171875 0.1875 0.5354140625 0.1923828125 0.5406125 0.2548828125 0.5406125 0.2568359375 0.544078125 0.2783203125 0.544078125 0.279296875 0.5423453125 0.2802734375 0.5406125 0.2841796875 0.5406125 0.2880859375 0.53368125 0.2900390625 0.53368125 0.2919921875 0.5302171875 0.2978515625 0.5267515625 0.3017578125 0.5198203125 0.3037109375 0.5198203125 0.3056640625 0.5163546875 0.3115234375 0.5128890625
2 0.2080078125 0.5128890625 0.2177734375 0.5024921875 0.2216796875 0.5024921875 0.2236328125 0.4990265625 0.2255859375 0.4990265625 0.2275390625 0.4955625 0.2333984375 0.4955625 0.236328125 0.49036406250000003 0.2353515625 0.48863124999999996 0.2314453125 0.48863124999999996 0.2294921875 0.48516562499999993 0.1591796875 0.48516562499999993 0.1572265625 0.48863124999999996 0.1513671875 0.48863124999999996 0.1494140625 0.492096875 0.1455078125 0.492096875 0.1435546875 0.4955625 0.1376953125 0.4955625 0.1318359375 0.5024921875 0.1279296875 0.5024921875 0.1259765625 0.5059578124999999 0.1220703125 0.5059578124999999 0.1201171875 0.5094234375 0.1142578125 0.5094234375 0.1123046875 0.5128890625 0.1103515625 0.5128890625 0.1083984375 0.5163546875 0.1044921875 0.5163546875 0.1025390625 0.5198203125 0.0966796875 0.5198203125 0.0947265625 0.5232859375000001 0.0908203125 0.5232859375000001 0.0888671875 0.5267515625 0.0830078125 0.5267515625 0.0810546875 0.5302171875 0.0771484375 0.5302171875 0.072265625 0.5354140625 0.0732421875 0.537146875 0.0771484375 0.537146875 0.0791015625 0.5406125 0.1689453125 0.5406125 0.169921875 0.5388796874999999 0.1708984375 0.537146875 0.1748046875 0.537146875 0.1767578125 0.53368125 0.1787109375 0.53368125 0.1884765625 0.5232859375000001 0.1923828125 0.5232859375000001 0.1982421875 0.5163546875 0.2021484375 0.5163546875 0.2041015625 0.5128890625 0.2080078125 0.5128890625
2 0 0.5354140625 0.0009765625 0.537146875 0.0615234375 0.537146875 0.0625 0.5354140625 0.0634765625 0.53368125 0.0693359375 0.53368125 0.0712890625 0.5302171875 0.0751953125 0.5302171875 0.0771484375 0.5267515625 0.0810546875 0.5267515625 0.0830078125 0.5232859375000001 0.0869140625 0.5232859375000001 0.0888671875 0.5198203125 0.0927734375 0.5198203125 0.0947265625 0.5163546875 0.0986328125 0.5163546875 0.1005859375 0.5128890625 0.1044921875 0.5128890625 0.1064453125 0.5094234375 0.1123046875 0.5094234375 0.1142578125 0.5059578124999999 0.1181640625 0.5059578124999999 0.1201171875 0.5024921875 0.1240234375 0.5024921875 0.1259765625 0.4990265625 0.1318359375 0.4990265625 0.1337890625 0.4955625 0.1416015625 0.4955625 0.146484375 0.49036406250000003 0.1435546875 0.48516562499999993 0.0712890625 0.48516562499999993 0.0693359375 0.48863124999999996 0.0615234375 0.48863124999999996 0.0595703125 0.492096875 0.0537109375 0.492096875 0.0517578125 0.4955625 0.0478515625 0.4955625 0.0458984375 0.4990265625 0.0419921875 0.4990265625 0.0400390625 0.5024921875 0.0341796875 0.5024921875 0.0322265625 0.5059578124999999 0.0263671875 0.5059578124999999 0.0244140625 0.5094234375 0.0205078125 0.5094234375 0.0185546875 0.5128890625 0.0126953125 0.5128890625 0.0107421875 0.5163546875 0.0068359375 0.5163546875 0.0048828125 0.5198203125 0.0009765625 0.5198203125 0 0.521553125 0 0.5354140625
2 0 0.51115625 0.0009765625 0.5128890625 0.0068359375 0.5128890625 0.0078125 0.51115625 0.0087890625 0.5094234375 0.0146484375 0.5094234375 0.0166015625 0.5059578124999999 0.0224609375 0.5059578124999999 0.0244140625 0.5024921875 0.0283203125 0.5024921875 0.0302734375 0.4990265625 0.0361328125 0.4990265625 0.0380859375 0.4955625 0.0439453125 0.4955625 0.0458984375 0.492096875 0.0517578125 0.492096875 0.0537109375 0.48863124999999996 0.0654296875 0.48863124999999996 0.06640625 0.4868984375 0.0654296875 0.48516562499999993 0.0595703125 0.48516562499999993 0.0576171875 0.4817 0.0009765625 0.4817 0 0.4834328125 0 0.51115625
2 1 0.4661046875 0.9990234375 0.464371875 0.9970703125 0.464371875 0.9951171875 0.4609078125 0.9912109375 0.4609078125 0.9892578125 0.4574421875 0.9853515625 0.4574421875 0.9833984375 0.4539765625 0.9794921875 0.4539765625 0.9775390625 0.4505109375 0.9716796875 0.4505109375 0.9697265625 0.44704531249999996 0.8955078125 0.44704531249999996 0.892578125 0.45224374999999994 0.8974609375 0.4574421875 0.9013671875 0.4574421875 0.9072265625 0.464371875 0.9111328125 0.464371875 0.9169921875 0.47130312500000004 0.9208984375 0.47130312500000004 0.9267578125 0.478234375 0.9306640625 0.478234375 0.9404296875 0.48863124999999996 0.9990234375 0.48863124999999996 1 0.4868984375 1 0.4661046875
2 0.8955078125 0.4574421875 0.8935546875 0.4539765625 0.8896484375 0.4539765625 0.8837890625 0.44704531249999996 0.8037109375 0.44704531249999996 0.802734375 0.448778125 0.8037109375 0.4539765625 0.8056640625 0.4539765625 0.8076171875 0.4574421875 0.8095703125 0.4574421875 0.8115234375 0.4609078125 0.8173828125 0.464371875 0.8212890625 0.47130312500000004 0.8251953125 0.47130312500000004 0.8291015625 0.478234375 0.8310546875 0.478234375 0.8369140625 0.48863124999999996 0.9306640625 0.48863124999999996 0.931640625 0.4868984375 0.9306640625 0.4817 0.9287109375 0.4817 0.9228515625 0.47476874999999996 0.9189453125 0.47476874999999996 0.9169921875 0.47130312500000004 0.9130859375 0.47130312500000004 0.9033203125 0.4609078125 0.8994140625 0.4609078125 0.8974609375 0.4574421875 0.8955078125 0.4574421875
2 0.7958984375 0.44704531249999996 0.7822265625 0.44704531249999996 0.7802734375 0.44357968750000004 0.7294921875 0.44357968750000004 0.7275390625 0.44704531249999996 0.7158203125 0.44704531249999996 0.71484375 0.448778125 0.71484375 0.45224374999999994 0.7333984375 0.48516562499999993 0.7666015625 0.48516562499999993 0.7685546875 0.48863124999999996 0.8232421875 0.48863124999999996 0.8251953125 0.48516562499999993 0.8271484375 0.48516562499999993 0.8291015625 0.48863124999999996 0.830078125 0.4868984375 0.830078125 0.4834328125 0.8271484375 0.478234375 0.8251953125 0.478234375 0.8232421875 0.47476874999999996 0.8173828125 0.47130312500000004 0.8134765625 0.464371875 0.8076171875 0.4609078125 0.8037109375 0.4539765625 0.8017578125 0.4539765625 0.7958984375 0.44704531249999996
2 0.6298828125 0.44357968750000004 0.626953125 0.448778125 0.62890625 0.45224374999999994 0.62890625 0.459175 0.630859375 0.4626390625 0.630859375 0.4695703125 0.6328125 0.4730359375 0.6328125 0.47996718749999995 0.6357421875 0.48516562499999993 0.7255859375 0.48516562499999993 0.7265625 0.4834328125 0.724609375 0.4730359375 0.7216796875 0.4678375 0.7197265625 0.4678375 0.71875 0.4626390625 0.7138671875 0.4539765625 0.7119140625 0.4539765625 0.7080078125 0.44704531249999996 0.7041015625 0.44704531249999996 0.7021484375 0.44357968750000004 0.6298828125 0.44357968750000004
2 0.541015625 0.459175 0.541015625 0.4626390625 0.5390625 0.4661046875 0.5390625 0.4695703125 0.537109375 0.4730359375 0.537109375 0.47996718749999995 0.5400390625 0.48516562499999993 0.6279296875 0.48516562499999993 0.62890625 0.4834328125 0.62890625 0.4730359375 0.626953125 0.4695703125 0.626953125 0.4626390625 0.625 0.459175 0.625 0.45224374999999994 0.6220703125 0.44357968750000004 0.5458984375 0.44357968750000004 0.54296875 0.45224374999999994 0.54296875 0.45570937499999997 0.541015625 0.459175
2 0.4658203125 0.44357968750000004 0.4638671875 0.44357968750000004 0.462890625 0.448778125 0.447265625 0.47650156250000003 0.4482421875 0.478234375 0.4580078125 0.478234375 0.4599609375 0.4817 0.5302734375 0.4817 0.53125 0.47996718749999995 0.53515625 0.4730359375 0.53515625 0.4695703125 0.537109375 0.4661046875 0.537109375 0.459175 0.541015625 0.448778125 0.5380859375 0.44357968750000004 0.5322265625 0.44357968750000004 0.5302734375 0.4401140625 0.4677734375 0.4401140625 0.4658203125 0.44357968750000004
2 0.3896484375 0.4401140625 0.3876953125 0.44357968750000004 0.3857421875 0.44357968750000004 0.3798828125 0.4539765625 0.3779296875 0.4539765625 0.3740234375 0.4609078125 0.3720703125 0.4609078125 0.3623046875 0.47130312500000004 0.3583984375 0.47130312500000004 0.357421875 0.4730359375 0.3583984375 0.478234375 0.3642578125 0.478234375 0.3662109375 0.4817 0.4365234375 0.4817 0.4375 0.47996718749999995 0.4404296875 0.47476874999999996 0.4423828125 0.47476874999999996 0.447265625 0.4661046875 0.4482421875 0.4609078125 0.451171875 0.459175 0.451171875 0.45570937499999997 0.455078125 0.448778125 0.455078125 0.441846875 0.4541015625 0.4401140625 0.3896484375 0.4401140625
2 0.3740234375 0.4539765625 0.376953125 0.448778125 0.376953125 0.4453125 0.3720703125 0.4401140625 0.3134765625 0.4401140625 0.3115234375 0.44357968750000004 0.3076171875 0.44357968750000004 0.3017578125 0.4505109375 0.2978515625 0.4505109375 0.2939453125 0.4574421875 0.2919921875 0.4574421875 0.2900390625 0.4609078125 0.2841796875 0.4609078125 0.2802734375 0.4678375 0.2744140625 0.4678375 0.2724609375 0.47130312500000004 0.2666015625 0.47130312500000004 0.263671875 0.47650156250000003 0.2646484375 0.478234375 0.2724609375 0.478234375 0.2744140625 0.4817 0.3447265625 0.4817 0.345703125 0.47996718749999995 0.3505859375 0.47476874999999996 0.3525390625 0.47476874999999996 0.3564453125 0.4678375 0.3583984375 0.4678375 0.3603515625 0.464371875 0.3623046875 0.464371875 0.3642578125 0.4609078125 0.3662109375 0.4609078125 0.3681640625 0.4574421875 0.3740234375 0.4539765625
2 0.30360156250000003 0.442465625 0.2337609375 0.44158125000000004 0.1747953125 0.47553906250000005 0.25527968749999996 0.47824218749999997 0.30323125 0.44308437500000003 0.30360156250000003 0.442465625
2 0.16007968749999998 0.44007968750000004 0.09315156249999999 0.47463749999999993 0.0948453125 0.47734062499999996 0.1693984375 0.4764390625 0.2283640625 0.44098125 0.16007968749999998 0.44007968750000004
2 0.0906265625 0.439675 0.0100125 0.47203437499999995 0.009564062500000001 0.47309531250000003 0.0852421875 0.47415624999999995 0.155834375 0.441 0.0906265625 0.439675
2 0.7910125 0.44017968749999997 0.87169375 0.4409703125 0.8341015625000001 0.4130375 0.762634375 0.4127734375 0.7910125 0.44017968749999997
2 0.760878125 0.41198281249999996 0.6911937499999999 0.4127734375 0.6911937499999999 0.41330156249999994 0.70694375 0.44044218749999997 0.7867328125 0.44044218749999997 0.760878125 0.41198281249999996
2 0.6881734374999999 0.4125109375 0.62056875 0.412246875 0.6207171875 0.41330156249999994 0.625175 0.43912500000000004 0.704071875 0.4393890625 0.6881734374999999 0.4125109375
2 0.5459046875 0.43677343750000003 0.6213390624999999 0.438334375 0.618515625 0.4127734375 0.5509109375000001 0.4101390625 0.5459046875 0.43677343750000003
2 0.549084375 0.41145624999999997 0.48370781249999995 0.41066562500000003 0.469146875 0.43649062499999997 0.4679578125 0.43701718749999996 0.5441812500000001 0.43570000000000003 0.549084375 0.41145624999999997
2 0.3938828125 0.4354125 0.46455624999999995 0.43593281250000004 0.4810484375 0.4090546875 0.4174546875 0.40931875 0.3938828125 0.4354125
2 0.3524375 0.4103734375 0.319453125 0.43593281250000004 0.3198984375 0.4372515625 0.388246875 0.436196875 0.41320781249999994 0.4090546875 0.3524375 0.4103734375
2 0.28794375 0.4098984375 0.245003125 0.43493125 0.24515156249999998 0.43572187500000004 0.31439062500000003 0.43598593750000003 0.34886249999999996 0.4101609375 0.28794375 0.4098984375
2 0.229684375 0.40923906250000003 0.17515468750000002 0.4334828125 0.17426406249999998 0.4342734375 0.24053125 0.43479999999999996 0.28436249999999996 0.41029375 0.229684375 0.40923906250000003