4 0.5055984375 0 0.6125515625 0.21692968750000002 1 0.15464843749999999 1 0 0.5055984375 0
4 0 0 0 0.0947890625 0.15044375000000001 0.2899171875 0.60994375 0.2181640625 0.5090515625 0 0 0
4 0 0.31524375 0.1420421875 0.284303125 0 0.0944703125 0 0.31524375
4 1 0.161065625 0.618153125 0.21692968750000002 0.8548078125 0.70913125 1 0.7269203125 1 0.161065625
3 0.619553125 0.2225453125 0.1560453125 0.29553281249999996 0.4515140625 0.681059375 0.8632109375000001 0.707259375 0.619553125 0.2225453125
4 0 0.48377499999999996 0.16024531250000001 0.664215625 0.44537812499999996 0.6816484375 0.45011406249999997 0.681059375 0.15324374999999998 0.29553281249999996 0 0.32248125 0 0.48377499999999996
4 1 0.9914296874999999 0.8637953125 0.7125484375 0.4515140625 0.6773156250000001 0.6419578125000001 0.9411953125 0.953465625 1 1 1 1 0.9914296874999999
4 0 0.6500765625 0.1512609375 0.66058125 0.1560453125 0.6567296875 0 0.48498437499999997 0 0.6500765625
4 0 0.691328125 0.1700484375 0.8551062500000001 0.3700984375 0.88998125 0.16304687499999998 0.664215625 0 0.6520125 0 0.691328125
4 1 0.729265625 0.8646109375 0.7147453125000001 1 0.998940625 1 0.729265625
4 0.4744484375 1 0.37156875 0.8900750000000001 0.174284375 0.85424375 0.3204625 1 0.4744484375 1
4 0.684303125 1 0.6432765625 0.9406359375 0.3725703125 0.888678125 0.4709125 1 0.684303125 1
4 0.9280390625000001 1 0.6436734375000001 0.9410812500000001 0.683459375 1 0.9280390625000001 1
4 0 0.8432390625 0.10482812500000001 0.9394656250000001 0.25392187499999996 0.9855812500000001 0.0880234375 0.833165625 0 0.810178125 0 0.8432390625
4 0.177753125 1 0.1068625 0.9387640625 0 0.9063921875000001 0 0.911734375 0.1015953125 1 0.177753125 1