1 0.395425 0.0984703125 0.430209375 0.8273359375 0.778946875 0.9344109375 0.7824484375 0.138628125 0.395425 0.0984703125
3 0.5148312500000001 0.48214218750000004 0.50635625 0.45089218750000004 0.49788125 0.15625 0.5148312500000001 0.125 0.49788125 0.116071875 0.48305156250000003 0.1294640625 0.47669531249999997 0.0982140625 0.4703390625 0.125 0.48305156250000003 0.14285781250000001 0.48940625000000004 0.196428125 0.49152500000000005 0.3883921875 0.51059375 0.7366078125 0.5148312500000001 0.48214218750000004
3 0.68830625 1 0.684321875 0.71875 0.692796875 0.59375 0.6800843750000001 0.321428125 0.684321875 0.133928125 0.6694921875000001 0.1294640625 0.6819484375 1 0.68830625 1
4 1 0.1688109375 0.7860828125 0.136040625 0.7842984375000001 0.9212624999999999 1 0.983734375 1 0.1688109375
4 0.787696875 0 0.785190625 0.1322828125 1 0.16619843750000002 1 0 0.787696875 0
4 0.3913953125 0 0.3963171875 0.0984703125 0.7798390625 0.1473109375 0.78020625 0 0.3913953125 0
4 0.060534374999999994 0 0.0636328125 0.059020312500000005 0.395425 0.0947125 0.3904140625 0 0.060534374999999994 0
4 0.395425 0.1003484375 0.0680921875 0.0684125 0.12517499999999998 0.742803125 0.42116406250000005 0.82001875 0.395425 0.1003484375
4 0.43483906250000004 1 0.4267390625 0.8294171875 0.12517499999999998 0.73153125 0.1494953125 1 0.43483906250000004 1
4 0.778 1 0.7780546875 0.9231406249999999 0.432884375 0.8292140625 0.43775000000000003 1 0.778 1
4 1 0.9712234375 0.7860828125 0.9175046874999999 0.7858390625 1 1 1 1 0.9712234375