4 0.3290640625 0.20470625 0.0441125 0.19138125 0.048409375 0.5759015625 0.330290625 0.5830953125 0.3290640625 0.20470625
4 0.03879375 0 0.0441125 0.1951875 0.32670937499999997 0.20214218750000001 0.33290000000000003 0 0.03879375 0
4 0.3330140625 0 0.3262 0.20470625 0.6310421875000001 0.20452343750000002 0.636640625 0 0.3330140625 0
1 0.6389921875 0 0.6254703125 0.20851250000000002 0.9532765624999999 0.20452343750000002 0.967 0 0.6389921875 0
3 0.7481203125 0.13999999999999999 0.7481203125 0.195 0.8421046875 0.2 0.8496234375 0.185 0.8533828124999999 0.2 0.943609375 0.2 0.9473687500000001 0.155 0.8458640624999999 0.145 0.8421046875 0.13 0.7481203125 0.13999999999999999
4 0.3290640625 0.593034375 0.0512734375 0.5759015625 0.0527046875 0.929965625 0.3285 0.9569046875 0.3290640625 0.593034375
4 0.629765625 0.2104171875 0.3290640625 0.20851250000000002 0.333359375 0.5892265625 0.622090625 0.6021421874999999 0.629765625 0.2104171875
4 0.6197421875 0.606359375 0.331928125 0.5873234375 0.3262 0.9566156250000001 0.6167203125 0.9854765625 0.6197421875 0.606359375
1 0.9533781250000001 0.2142234375 0.636925 0.216128125 0.628334375 0.6025515625 0.9407453125 0.621190625 0.9533781250000001 0.2142234375
3 0.6353390625 0.45 0.6842109375 0.45499999999999996 0.7293234375 0.425 0.7293234375 0.26 0.6992484375 0.24 0.6353390625 0.24 0.6278203125 0.43 0.6353390625 0.45
4 0.9177734375 1 0.9404921875 0.623490625 0.6240390625 0.6006484375000001 0.616878125 0.98516875 0.8416828125 1 0.9177734375 1
4 0.33047343749999997 1 0.330290625 0.9592859375 0.054135937499999995 0.9375796875000001 0.05015937499999999 1 0.33047343749999997 1
4 0.6166453125 1 0.6149296875 0.9830953125 0.3290640625 0.9547125 0.3251953125 1 0.6166453125 1