4 0.504909375 0 0.614171875 0.22130468749999999 1 0.1593703125 1 0 0.504909375 0
4 0 0 0 0.0944265625 0.1539984375 0.29388437500000003 0.6115765625 0.22253281249999998 0.50851875 0 0 0
4 0 0.3199796875 0.14563125 0.2883015625 0 0.0939453125 0 0.3199796875
4 1 0.1657515625 0.61975 0.22130468749999999 0.855415625 0.71075625 1 0.7284453125 1 0.1657515625
3 0.6211453125 0.2268875 0.15957656250000002 0.29946875 0.45380937499999996 0.682840625 0.8637828125 0.7088953124999999 0.6211453125 0.2268875
4 0 0.481953125 0.16375937499999998 0.666090625 0.4476984375 0.6834265625 0.45241406250000005 0.682840625 0.1567875 0.29946875 0 0.327 0 0.481953125
4 1 0.9914781250000001 0.8643656249999999 0.7141531249999999 0.45380937499999996 0.67911875 0.6434562500000001 0.9415234375000001 0.9536609374999999 1 1 1 1 0.9914781250000001
4 0 0.651740625 0.1548125 0.6624765625 0.15957656250000002 0.658646875 0 0.48326250000000004 0 0.651740625
4 0 0.689028125 0.1735203125 0.855915625 0.372734375 0.8905953125 0.16654843749999998 0.666090625 0 0.65364375 0 0.689028125
4 1 0.730778125 0.8651765625 0.7163390625 1 0.998946875 1 0.730778125
4 0.47664687499999997 1 0.3741984375 0.8906890625000001 0.1777390625 0.8550578124999999 0.32330468749999997 1 0.47664687499999997 1
4 0.6856234375 1 0.6447703125 0.94096875 0.3751953125 0.8893015625 0.47312656249999996 1 0.6856234375 1
4 0.928340625 1 0.645165625 0.9414093749999999 0.684784375 1 0.928340625 1
4 0 0.8402796875 0.1085734375 0.9398046875 0.25704375 0.9856609375 0.091840625 0.834096875 0 0.810146875 0 0.8402796875
4 0.18119375 1 0.1106 0.93910625 0 0.90565 0 0.908596875 0.10535468750000002 1 0.18119375 1