1 0.61095625 0.10151874999999999 0.23475937500000002 0.14096718749999998 0.2388578125 0.9147093749999999 0.5831890625 0.8116 0.61095625 0.10151874999999999
3 0.342553125 0.1358078125 0.327659375 0.1447359375 0.32553125 0.3947359375 0.312765625 0.5911640625000001 0.3099984375 0.59556875 0.318059375 0.663196875 0.34224375 0.6707109375 0.342553125 0.1358078125
3 0.5106375 0.64814375 0.515115625 0.6312375 0.5384046875 0.1108875 0.5088468749999999 0.11464375 0.502128125 0.1294640625 0.5085109375 0.21875 0.4914890625 0.59375 0.4855578125 0.6500234375 0.5007843750000001 0.66129375 0.5106375 0.64814375
4 0.9360984374999999 0.0639234375 0.6154359375 0.095859375 0.5860015625 0.808975 0.8832515624999999 0.736434375 0.9360984374999999 0.0639234375
4 0 0 0 0.169609375 0.2266984375 0.14094374999999998 0.2249625 0 0 0
4 0.23329687500000001 0 0.2365515625 0.14282187500000001 0.6127484375 0.099615625 0.616178125 0 0.23329687500000001 0
4 0 0.9661953125 0.232071875 0.9055015624999999 0.2266984375 0.139065625 0 0.174425 0 0.9661953125
4 0.6206390625 0 0.6190187500000001 0.09398125 0.9414734375 0.0582890625 0.9431375 0 0.6206390625 0
4 0.8620875 1 0.8814609375 0.7401921875 0.580403125 0.8136749999999999 0.5752515625 1 0.8620875 1
4 0.570675 1 0.5742328125 0.8153328125 0.2354984375 0.9217578124999999 0.23649375 1 0.570675 1
4 0.23117656250000002 1 0.23117656250000002 0.9036234375 0 0.9708718749999999 0 1 0.23117656250000002 1