1 0.6107046875 0.895403125 0.5766421875 0.1855515625 0.2351390625 0.08126875 0.23170937500000002 0.8562921875 0.6107046875 0.895403125
3 0.524896875 0.8521734375 0.518671875 0.8 0.5165968750000001 0.61304375 0.49792500000000006 0.2739125 0.4937765625 0.5217390625 0.5020749999999999 0.5521734375 0.5103734375 0.8391296875 0.4937765625 0.8695656250000001 0.5103734375 0.8782609375 0.524896875 0.8652171875000001 0.5311203124999999 0.8956515625 0.53734375 0.8695656250000001 0.524896875 0.8521734375
3 0.3236515625 0 0.32780156250000003 0.2913046875 0.3195015625 0.41304375000000004 0.33195 0.6782609374999999 0.32780156250000003 0.8608703125 0.3423234375 0.8652171875000001 0.32987500000000003 0 0.3236515625 0
4 0 0.824053125 0.2281515625 0.8588125 0.2298984375 0.09407499999999999 0.00021875000000000003 0.027917187500000003 0 0.824053125
4 0.2264046875 1 0.22902499999999998 0.862471875 0.00021875000000000003 0.8265453125000001 0 1 0.2264046875 1
4 0.615071875 0.9996859375 0.6098312499999999 0.895403125 0.234265625 0.8478359375 0.23389375 0.99588125 0.615071875 0.9996859375
4 0.93910625 1 0.9356125000000001 0.9338234375000001 0.6107046875 0.8990625 0.6160734375 1 0.93910625 1
4 0.6107046875 0.8935734375 0.9312453125 0.9246765625 0.875346875 0.2678796875 0.5854984375 0.19267812499999998 0.6107046875 0.8935734375
4 0.875346875 0.27885624999999997 0.8500187499999999 0.0007703125 0.5714015625 0.0026 0.5800390625 0.1835234375 0.875346875 0.27885624999999997
4 0.574021875 0.18372187499999998 0.56878125 0.0007703125 0.236078125 0.0004578125 0.23601250000000001 0.0922453125 0.574021875 0.18372187499999998
4 0.0010656250000000002 0.0026 0.0010656250000000002 0.04101875 0.2281515625 0.097734375 0.22843437500000002 0.0027453125 0.0010656250000000002 0.0026