1 0 0.9386921875 0.347246875 0.9461984375 0.359903125 0.3719109375 0 0.37605625 0 0.9386921875
3 0.2531640625 0.3605640625 0.238396875 0.3774640625 0.2468359375 0.40845000000000004 0.2890296875 0.4394359375 0.3333328125 0.509859375 0.3459921875 0.5126765625 0.35442968750000003 0.45633749999999995 0.3481015625 0.385915625 0.32489375 0.37183125 0.2531640625 0.3605640625
1 0.81974375 0.9218015625 0.7634937500000001 0.3587734375 0.361309375 0.356896875 0.352871875 0.9424453125 0.81974375 0.9218015625
3 0.70253125 0.4225359375 0.7278484375 0.394365625 0.7278484375 0.38028125 0.6940921875 0.3774640625 0.67510625 0.39155 0.6455703125000001 0.38028125 0.5843875 0.385915625 0.5843875 0.433803125 0.6075953125 0.4591546875 0.658228125 0.461971875 0.6687765625 0.45070468750000003 0.6729953125 0.41971875000000003 0.70253125 0.4225359375
3 0.5632906249999999 0.3971828125 0.5506328125 0.385915625 0.462025 0.3830984375 0.37341718749999997 0.39155 0.36919843750000003 0.5154921875 0.45358593750000004 0.5070421875 0.48945156250000005 0.470421875 0.49578125 0.44788750000000005 0.5316453125 0.433803125 0.5569625 0.4366203125 0.5696203125 0.4225359375 0.5632906249999999 0.3971828125
3 0.8122359375 0.8845078125000001 0.8080171875 0.8253515625000001 0.780590625 0.8253515625000001 0.7658234375 0.8028171875 0.7130796875 0.8225359375 0.704640625 0.8478875 0.6983125 0.8366203125 0.679325 0.842253125 0.64135 0.9070421874999999 0.6856546875 0.9154921874999999 0.7088609375 0.904225 0.8016875000000001 0.9014078124999999 0.8122359375 0.8845078125000001
1 0.9969281249999999 0.9049109375000001 1 0.3681578125 0.76630625 0.362528125 0.826653125 0.9206578125 0.9969281249999999 0.9049109375000001
3 0.896625 0.8845078125000001 0.86286875 0.8901406250000001 0.86286875 0.8985921875 0.93881875 0.8957750000000001 0.9430375 0.8732390625 0.9556968749999999 0.8647890625000001 0.9662453125000001 0.86760625 0.9683546875 0.8957750000000001 0.9852328124999999 0.8873234374999999 0.9894515625 0.8563375000000001 0.9725734375 0.853521875 0.9535859375 0.833803125 0.9219406250000001 0.833803125 0.8902953124999999 0.8169015625 0.8776375 0.78028125 0.86286875 0.7746484375 0.8544296875 0.794365625 0.8291140625000001 0.78028125 0.8206749999999999 0.7887328124999999 0.8206749999999999 0.8591546875 0.8354437499999999 0.9014078124999999 0.8481015624999999 0.9014078124999999 0.8523203125000001 0.8816906250000001 0.8734171875 0.8788734375 0.896625 0.8845078125000001
1 1 0.1804828125 0.9561484374999999 0.0003125 0.7176515625000001 0.0028171875 0.7677125 0.3681578125 1 0.3587734375 1 0.1804828125
1 0.7634937500000001 0.3644046875 0.7114625 0 0.36955 0.0028171875 0.361309375 0.36628125 0.7634937500000001 0.3644046875
3 0.3481015625 0 0.35442968750000003 0.02816875 0.3713078125 0.0450703125 0.4282703125 0.02816875 0.464134375 0.0028171875 0.3481015625 0
3 0.52320625 0 0.559071875 0.070421875 0.6940921875 0.0225359375 0.72151875 0.02816875 0.7236281250000001 0.0169015625 0.7236281250000001 0 0.52320625 0
3 0.375528125 0.28169062500000003 0.360759375 0.3492953125 0.36497812500000004 0.3605640625 0.40295312499999997 0.37183125 0.49367031250000004 0.3605640625 0.48945156250000005 0.329578125 0.44936718750000004 0.27605625 0.3713078125 0.23380312499999997 0.375528125 0.28169062500000003
1 0.0013140625 0.1410703125 0.0055328124999999995 0.3737875 0.352871875 0.3719109375 0.375371875 0.0003125 0.0294375 0 0.0013140625 0.1410703125
3 0.33599687500000003 0.362528125 0.355684375 0.362528125 0.3554859375 0.3150234375 0.33318593750000003 0.32499218750000003 0.33599687500000003 0.362528125