3 0.8081546875000001 1 0.7563578125 0.7045203124999999 0.117128125 0.65 0 0.8968093749999999 0 1 0.8081546875000001 1
3 0.227725 0.4160421875 0.12231875 0.64226875 0.7480546875 0.6900968749999999 0.7023875 0.469615625 0.227725 0.4160421875
3 0.2981515625 0.281603125 0.22707656250000002 0.4133375 0.7011984375 0.46834218749999995 0.6743859375000001 0.31894999999999996 0.2981515625 0.281603125
3 0.341396875 0.19660468749999999 0.2995234375 0.27802812499999996 0.6709265624999999 0.31637499999999996 0.65016875 0.21978593750000003 0.341396875 0.19660468749999999
3 0.3725328125 0.135975 0.3427765625 0.194265625 0.6527640625 0.2209734375 0.638925 0.14627812499999998 0.3725328125 0.135975
3 0.3988671875 0.09104999999999999 0.374196875 0.13475625 0.6370875 0.14697968749999998 0.6272015625 0.10208906250000001 0.3988671875 0.09104999999999999
3 0.417153125 0.0557265625 0.3989125 0.08873281250000001 0.6242375 0.10282500000000001 0.6188 0.0630859375 0.417153125 0.0557265625
3 0.43099218749999996 0.0255546875 0.41683125 0.056517187499999996 0.6178125 0.06235 0.61286875 0.029234375 0.43099218749999996 0.0255546875
3 0.44334687500000003 0.0034187500000000003 0.43104375 0.0243 0.612375 0.034328125 0.6079265625 0.0085703125 0.44334687500000003 0.0034187500000000003
4 1 0.7195671875 0.7702828125 0.7065640625 0.8338749999999999 1 1 1 1 0.7195671875
1 1 0.47206875000000004 0.712621875 0.45071093749999996 0.7652828125 0.69158125 1 0.7041515625 1 0.47206875000000004
3 0.7647062499999999 0.49226875000000003 0.7664359375 0.47165 0.762975 0.46134062499999995 0.7231828124999999 0.45747499999999997 0.7205874999999999 0.46649531250000004 0.7292390625 0.4974234375 0.75 0.4987109375 0.7647062499999999 0.49226875000000003
1 1 0.3303 0.6786140625 0.31049375 0.7105359375 0.44484531250000003 1 0.46319375 1 0.3303
3 0.717128125 0.336340625 0.7231828124999999 0.322165625 0.712803125 0.31572187500000004 0.683390625 0.31185625 0.68858125 0.3492265625 0.7119375 0.42912343750000004 0.727509375 0.43814374999999994 0.75 0.43685625000000006 0.75 0.43170156249999997 0.7422140625 0.42396874999999995 0.737025 0.40335 0.7283734374999999 0.3943296875 0.7257781249999999 0.371134375 0.71799375 0.35824687499999996 0.717128125 0.336340625
3 0.689446875 0.2899484375 0.6946359375 0.2757734375 0.689446875 0.24226874999999998 0.6911765625 0.22036093750000002 0.6583046875 0.21391718750000002 0.664359375 0.2268046875 0.66955 0.2654640625 0.6782 0.287371875 0.689446875 0.2899484375
1 0.6419421875 0.14366874999999998 0.6560374999999999 0.21159843750000001 0.9602281250000001 0.2322734375 0.9034906250000001 0.164275 0.6419421875 0.14366874999999998
3 0.656575 0.1920109375 0.6600343750000001 0.2061859375 0.68425625 0.20876250000000002 0.6764703125 0.1894328125 0.6678203125 0.18814375 0.656575 0.1920109375
4 0.8616921874999999 0.115946875 0.6318203125 0.10071406249999999 0.6397437499999999 0.1452703125 0.8973531250000001 0.1619125 0.8616921874999999 0.115946875
4 0.6227125 0.062846875 0.6318203125 0.099721875 0.8542421875 0.11356875 0.8217734374999999 0.0739421875 0.6227125 0.062846875
4 0 0.86755625 0.10836874999999999 0.658403125 0 0.64871875 0 0.86755625
4 0 0.6372984374999999 0.11644218749999999 0.6429484375000001 0.219078125 0.4214375 0 0.41137499999999994 0 0.6372984374999999
4 0 0.40932031249999995 0.2144640625 0.4231546875 0.29057656249999997 0.2909359375 0 0.27816406250000003 0 0.40932031249999995
4 0 0.27208125 0.2882703125 0.289084375 0.33670468750000004 0.1980765625 0.053015625 0.1946421875 0 0.24640625 0 0.27208125
4 0.1314328125 0.1345421875 0.064590625 0.1911515625 0.3332453125 0.203228125 0.3655359375 0.13969375 0.1314328125 0.1345421875
4 0.181021875 0.089896875 0.128028125 0.1331609375 0.37014843750000004 0.132825 0.3932125 0.089896875 0.181021875 0.089896875
4 0.223690625 0.057001562500000005 0.1828140625 0.09020625 0.394365625 0.08962656249999999 0.41051093749999995 0.055284375 0.223690625 0.057001562500000005
4 0.2570765625 0.029065625 0.22422187500000001 0.056959375 0.4134515625 0.056882812500000005 0.42729062500000003 0.025974999999999998 0.2570765625 0.029065625
4 0.2840609375 0.00536875 0.2579578125 0.0273203125 0.4286734375 0.025974999999999998 0.441128125 0.0022781249999999998 0.2840609375 0.00536875