1 0.42062499999999997 0.18279218749999998 0.38627656250000003 0.898871875 0.76844375 0.85941875 0.7649859375 0.0775953125 0.42062499999999997 0.18279218749999998
3 0.47907968749999996 0.8026312499999999 0.472803125 0.8552625 0.4602515625 0.87280625 0.4665265625 0.8991234374999999 0.472803125 0.8684203125 0.4874484375 0.8815796875 0.504184375 0.87280625 0.4874484375 0.8421046875 0.495815625 0.55263125 0.504184375 0.5219296875 0.5 0.2719296875 0.48117187499999997 0.614034375 0.47907968749999996 0.8026312499999999
3 0.66939375 0 0.656903125 0.8684203125 0.6715484375 0.8640343749999999 0.6673640625 0.679825 0.679915625 0.41228125000000004 0.6715484375 0.2894734375 0.6756703125 0 0.66939375 0
4 1 0.024315625 0.7702703125 0.0905140625 0.7720312500000001 0.8619609374999999 1 0.8272140625000001 1 0.024315625
4 1 0.829703125 0.77115 0.8656515625000001 0.7737093749999999 1 1 1 1 0.829703125
4 0.766240625 1 0.765865625 0.8508875 0.38715781250000003 0.898871875 0.382078125 1 0.766240625 1
4 0.381096875 1 0.38627656250000003 0.9025624999999999 0.05865 0.937628125 0.055359375 1 0.381096875 1
4 0.0630546875 0.9284015625 0.38627656250000003 0.8970265625 0.41169374999999997 0.18998125 0.1194203125 0.26584375 0.0630546875 0.9284015625
4 0.14463281249999999 0 0.1194203125 0.2769171875 0.4171984375 0.1807484375 0.425825 0 0.14463281249999999 0
4 0.4284484375 0 0.42326718750000003 0.180946875 0.7641046874999999 0.08866874999999999 0.7640421875000001 0 0.4284484375 0
4 0.7717515625 0 0.7720312500000001 0.09420625 1 0.037246875 1 0 0.7717515625 0