1 0.369715625 0.9178703125000001 0.7591703125 0.876959375 0.7549265625 0.07456093750000001 0.3984609375 0.18148906250000002 0.369715625 0.9178703125000001
3 0.6475765625000001 0.8823109375 0.6629953125 0.8730515625 0.6651984375 0.6137921875 0.6784140625 0.4100890625 0.6812796875 0.40552031250000004 0.672934375 0.3353890625 0.647896875 0.327596875 0.6475765625000001 0.8823109375
3 0.47356875 0.35099843750000004 0.4689328125 0.36853125000000003 0.44482343750000003 0.9081546875000001 0.47542343750000005 0.9042578125 0.482378125 0.8888890625 0.4757703125 0.796296875 0.4933921875 0.40740781249999997 0.49953281250000003 0.34904999999999997 0.48376875 0.3373625 0.47356875 0.35099843750000004
4 0.0331140625 0.9568562500000001 0.36507812500000003 0.9237390624999999 0.3955484375 0.1842109375 0.0878234375 0.2594375 0.0331140625 0.9568562500000001
4 1 0.8475359375 0.7675156249999999 0.8769843749999999 0.769028125 1 1 1 1 0.8475359375
4 0.7601578124999999 1 0.757315625 0.8750359375000001 0.367859375 0.9198421874999999 0.3651046875 1 0.7601578124999999 1
4 1 0.0217453125 0.7619515625 0.084109375 0.7675156249999999 0.8789328125000001 1 0.84260625 1 0.0217453125
4 0.3600890625 1 0.36136875 0.9256875000000001 0.02755 0.9627000000000001 0.026487500000000004 1 0.3600890625 1
4 0.1086984375 0 0.0896765625 0.2555421875 0.4013453125 0.17933749999999998 0.40629375 0 0.1086984375 0
4 0.41114843749999996 0 0.40773281250000004 0.1776171875 0.7584046875 0.0672515625 0.75755 0 0.41114843749999996 0
4 0.7628781250000001 0 0.7628781250000001 0.0860578125 1 0.016960937500000002 1 0 0.7628781250000001 0