4 0 0.998325 0.5073265625000001 0.9965093749999999 0.3914625 0.7623234375 0.0020453125 0.8247046875 0 0.998325
4 0.8412859375 0.6915234375 0.3940015625 0.7611265625 0.5032375 0.9965093749999999 0.9966796875 0.9965093749999999 1 0.8966625 0.8412859375 0.6915234375
4 0.8494640625000001 0.6969703125 0.99940625 0.8966625 1 0.6642921875 0.8494640625000001 0.6969703125
4 0 0.8186015624999999 0.3860109375 0.7623234375 0.15564687500000002 0.284875 0.0020453125 0.266121875 0 0.8186015624999999
3 0.384646875 0.756878125 0.8358343749999999 0.686078125 0.5482203125 0.31210625 0.14746874999999998 0.286690625 0.384646875 0.756878125
4 0.993953125 0.6588468749999999 1 0.5172453124999999 0.83174375 0.32844531250000003 0.5541921875 0.31153437500000003 0.5495828125 0.31210625 0.838559375 0.686078125 0.993953125 0.6588468749999999
4 0.0097953125 0.001815625 0.1468984375 0.2815609375 0.5482203125 0.3157375 0.36283750000000003 0.0597671875 0.0547765625 0.001815625 0.0097953125 0.001815625
4 0.8358343749999999 0.33570625 0.9980421875 0.513615625 0.99940625 0.34296875 0.8404906249999999 0.33197031250000003 0.8358343749999999 0.33570625
4 0.822203125 0.14327499999999999 0.6274703125000001 0.1094453125 0.82901875 0.32844531250000003 0.99940625 0.341153125 1 0.313921875 0.822203125 0.14327499999999999
4 0.0043421875 0 0.000340625 0.2638515625 0.1461046875 0.2794296875 0.012521874999999998 0 0.0043421875 0
4 0.8180796875 0.1441125 0.6730453125 0 0.5236500000000001 0.0003328125 0.6260390625000001 0.10935468749999999 0.8180796875 0.1441125
4 0.3197296875 0 0.3615546875 0.060309375 0.6250640625 0.110709375 0.5269203124999999 0 0.3197296875 0
4 0.071165625 0 0.3611671875 0.059878125000000004 0.3208203125 0.0003328125 0.071165625 0
4 0.8856890625 0.06144375 0.740559375 0.016712499999999998 0.9020453125 0.164559375 0.9969171875 0.1892484375 1 0.1660109375 0.8856890625 0.06144375
4 0.8115359375000001 0 0.8837078125 0.062125 0.9969171875 0.0963 0.8856890625 0 0.8115359375000001 0