4 0.9583953125000001 0.1921453125 0.6646078125 0.20588281249999998 0.66334375 0.5959749999999999 0.953965625 0.588559375 0.9583953125000001 0.1921453125
4 0.6608109375 0 0.6670359375 0.203240625 0.9583953125000001 0.1960703125 0.9637390625 0 0.6608109375 0
4 0.3476359375 0 0.3532671875 0.2056953125 0.6675609375 0.20588281249999998 0.6607078125 0 0.3476359375 0
1 0.007237499999999999 0 0.021040625 0.2056953125 0.3590109375 0.20980781249999997 0.3454046875 0 0.007237499999999999 0
3 0.12790625 0.1855671875 0.135659375 0.20103125 0.2325578125 0.19587656250000002 0.2325578125 0.139175 0.135659375 0.128865625 0.13178281249999999 0.1443296875 0.027131250000000003 0.15463906249999998 0.0310078125 0.20103125 0.12403125 0.20103125 0.12790625 0.1855671875
4 0.9510140625 0.588559375 0.6646078125 0.6062203125 0.6651906249999999 0.9813453125 0.9495374999999999 0.9535734375 0.9510140625 0.588559375
4 0.6646078125 0.20980781249999997 0.3545828125 0.21177031249999997 0.3624953125 0.6156109375 0.6601796875 0.6022953125 0.6646078125 0.20980781249999997
4 0.476759375 1 0.6675609375 0.981046875 0.66165625 0.6003328125 0.3649171875 0.6199578125 0.367946875 1 0.476759375 1
1 0.3472 0.2176578125 0.020935937499999998 0.21569531249999999 0.033960937499999996 0.6352484375 0.35605937499999996 0.6160328125000001 0.3472 0.2176578125
3 0.3565890625 0.43814374999999994 0.3488375 0.24226874999999998 0.2829453125 0.24226874999999998 0.25193750000000004 0.2628859375 0.25193750000000004 0.4329890625 0.29845 0.4639171875 0.3488375 0.4587625 0.3565890625 0.43814374999999994
4 0.36767343750000003 1 0.36048749999999996 0.6140703125 0.034221875 0.6376203125 0.056089062499999995 1 0.36767343750000003 1
4 0.95051875 1 0.9480609375 0.9614218749999999 0.66334375 0.9837999999999999 0.6632718750000001 1 0.95051875 1
4 0.6663953125 1 0.6646078125 0.979084375 0.45393906250000005 1 0.6663953125 1