1 1 0.3728078125 0.63975625 0.36865312499999997 0.6525734375 0.9511453124999999 1 0.9436234375 1 0.3728078125
3 0.651709375 0.3828578125 0.6452984374999999 0.4542859375 0.6538468749999999 0.511428125 0.6666671875 0.508571875 0.7115390625 0.4371421875 0.7542734375 0.4057140625 0.7628203124999999 0.3742859375 0.7478625 0.3571421875 0.6752140625 0.368571875 0.651709375 0.3828578125
1 0.2309921875 0.355328125 0.1740203125 0.9263984375 0.6468765624999999 0.9473375 0.63833125 0.353425 0.2309921875 0.355328125
3 0.26709375 0.391428125 0.292734375 0.42000000000000004 0.32265 0.4171421875 0.32692343749999997 0.448571875 0.33760625 0.45999999999999996 0.3888890625 0.4571421875 0.41239375 0.43142812499999994 0.41239375 0.3828578125 0.350428125 0.3771421875 0.3205125 0.388571875 0.3012828125 0.3742859375 0.26709375 0.3771421875 0.26709375 0.391428125
3 0.43376093750000005 0.39428593749999996 0.42735 0.42000000000000004 0.4401703125 0.4342859375 0.4658125 0.43142812499999994 0.5021375 0.4457140625 0.5085468750000001 0.468571875 0.544871875 0.5057140625 0.6303421874999999 0.5142859375 0.6260687500000001 0.388571875 0.5363249999999999 0.38 0.44658125000000004 0.3828578125 0.43376093750000005 0.39428593749999996
3 0.18589687500000002 0.828571875 0.1816234375 0.888571875 0.1923078125 0.9057140625000001 0.286325 0.908571875 0.3098296875 0.9199999999999999 0.35470156249999996 0.9114281249999999 0.3162390625 0.8457140624999999 0.2970078125 0.8400000000000001 0.29059843750000003 0.851428125 0.2820515625 0.8257140625 0.22863281249999998 0.8057140625000001 0.213675 0.828571875 0.18589687500000002 0.828571875
1 0 0.9097703125000001 0.16702343749999998 0.9252375 0.22814375 0.359134375 0 0.3646390625 0 0.9097703125000001
3 0.10256406250000001 0.82 0.0705125 0.8371421874999999 0.0384609375 0.8371421874999999 0.01923125 0.8571421875 0.0021375 0.86 0.0064109375 0.891428125 0.0235046875 0.9 0.025640625 0.8714281250000001 0.036325 0.868571875 0.049145312499999996 0.8771421875 0.05341875 0.9 0.13034218749999998 0.9028578125 0.13034218749999998 0.8942859375 0.09615312499999999 0.888571875 0.1196578125 0.8828578125 0.141025 0.8857140625 0.1452984375 0.9057140625000001 0.1581203125 0.9057140625000001 0.1730765625 0.8628578125 0.1730765625 0.791428125 0.16452968750000002 0.7828578125 0.1388890625 0.7971421875 0.13034218749999998 0.7771421875 0.11538437500000001 0.7828578125 0.10256406250000001 0.82
1 0.0338609375 0 0 0.13932187499999998 0 0.3556734375 0.22671875 0.3648453125 0.27663906250000003 0 0.0338609375 0
1 0.2824671875 0 0.2309921875 0.3610390625 0.63833125 0.36294218749999996 0.630115625 0 0.2824671875 0
3 0.5422609375 0 0.5705125 0.02 0.6282046875 0.0371421875 0.6452984374999999 0.02 0.6497859375 0 0.5422609375 0
3 0.2713671875 0 0.2713671875 0.008571875 0.2735046875 0.02 0.3012828125 0.014285937500000002 0.438034375 0.0628578125 0.47000000000000003 0 0.2713671875 0
3 0.5085468750000001 0.3257140625 0.5042734375 0.3571421875 0.5961531250000001 0.368571875 0.634615625 0.3571421875 0.6388890625 0.34571406250000003 0.6239312499999999 0.2771421875 0.6282046875 0.228571875 0.5491453125 0.271428125 0.5085468750000001 0.3257140625
1 0.6245875 0 0.6468765624999999 0.36865312499999997 0.9986703125 0.37055625000000003 1 0.2971078125 1 0.11972968749999999 0.9761640625 0 0.6245875 0
3 0.644028125 0.359134375 0.66396875 0.359134375 0.6668171875 0.32106406249999997 0.64423125 0.310953125 0.644028125 0.359134375