1 0.2348875 0.8558562500000001 0.607909375 0.8949546875 0.580378125 0.1911578125 0.2389515625 0.0889609375 0.2348875 0.8558562500000001
3 0.3122359375 0.4096421875 0.32489375 0.6043328125 0.3270046875 0.8521203125 0.341771875 0.8609703124999999 0.341465625 0.3308 0.3174859375 0.3382484375 0.30949218749999996 0.4052765625 0.3122359375 0.4096421875
3 0.48357031250000004 0.3513046875 0.48945156250000005 0.4070796875 0.5063296875 0.7787609375 0.5 0.86725625 0.5066625 0.8819453125000001 0.5359703125 0.88566875 0.5128781250000001 0.3699234375 0.5084375 0.3531671875 0.49866875000000005 0.3401328125 0.48357031250000004 0.3513046875
4 0.6123515625 0.9005640625 0.930309375 0.9322171875 0.8779078124999999 0.2656578125 0.5831671875 0.193759375 0.6123515625 0.9005640625
4 0.22511874999999998 1 0.2268953125 0.8558796875000001 0 0.8272 0.0004171875 1 0.22511874999999998 1
4 0.6132390625 1 0.6096874999999999 0.896840625 0.2366640625 0.8540171875 0.2334 0.9972046875 0.6132390625 1
4 0 0.8223640624999999 0.2268953125 0.8577406249999999 0.2322234375 0.0980859375 0.0013328125 0.0377265625 0 0.8223640624999999
4 0.9374140625 1 0.9356375 0.9378015625 0.6159046874999999 0.9024265625 0.6175875 1 0.9374140625 1
4 0.5723843750000001 0 0.577615625 0.18910156250000001 0.87613125 0.261934375 0.8565921875000001 0 0.5723843750000001 0
4 0.571496875 0.1874578125 0.56794375 0.0031296875 0.2366640625 0 0.23562031249999998 0.08197499999999999 0.571496875 0.1874578125
4 0 0 0.0013328125 0.03306875 0.2313359375 0.0999484375 0.2313359375 0 0 0