4 0 0.1129515625 0.08996562500000001 0.296728125 0.46525625000000004 0.1922875 0.3487875 0.053667187500000005 0 0.07360625 0 0.1129515625
4 0.46772187499999995 0.1922875 0.0948953125 0.3024234375 0.268059375 0.6261875 0.612646875 0.3621078125 0.46772187499999995 0.1922875
1 0.6211656249999999 1 0.8066546875 0.5852546875 0.6199328125 0.36783125 0.27596875 0.63618125 0.473884375 1 0.6211656249999999 1
4 0.3537171875 0.0556015625 0.4701859375 0.1913734375 0.6304093749999999 0.1495984375 0.535603125 0.0524421875 0.3537171875 0.0556015625
1 0.6322578125 0.150546875 0.4720359375 0.19422187500000002 0.6162359375 0.361325 0.7467015625 0.26363125 0.6322578125 0.150546875
1 0.6218578124999999 0.3678078125 0.8089984375 0.5791171875 0.8827 0.4063171875 0.750128125 0.270475 0.6218578124999999 0.3678078125
1 0.7519828125 0.267721875 0.8836187499999999 0.4017453125 0.9174906249999999 0.31753593750000003 0.8157453125 0.2195015625 0.7519828125 0.267721875
1 0.6334328124999999 0.15331250000000002 0.7481328125 0.263021875 0.814721875 0.21439375 0.7228718749999999 0.1290921875 0.6334328124999999 0.15331250000000002
4 0.5345125000000001 0.053090625 0.6315078125 0.14916093749999998 0.721575 0.12721875 0.641065625 0.05128125 0.5345125000000001 0.053090625
4 0.816646875 0.21795312500000003 0.9182609375 0.319953125 0.9398156249999999 0.2659875 0.858090625 0.1861546875 0.816646875 0.21795312500000003
1 0.7250390624999999 0.1289984375 0.81510625 0.2161734375 0.8570609375 0.18414999999999998 0.7801359375 0.11353125 0.7250390624999999 0.1289984375
1 0.714646875 0.0447890625 0.6418999999999999 0.0495328125 0.7231140625 0.12721875 0.7782109375 0.110565625 0.714646875 0.0447890625
4 0.71565 0.048075 0.7786984375 0.11096874999999999 0.8171671875 0.1066875 0.756490625 0.052340624999999995 0.71565 0.048075
4 0.7799796875 0.1132734375 0.85670625 0.183740625 0.8823531250000001 0.166946875 0.8176796875000001 0.1074796875 0.7799796875 0.1132734375
1 0.85935625 0.18579062500000001 0.938696875 0.2656 0.9548703125 0.2299046875 0.885146875 0.16895312499999998 0.85935625 0.18579062500000001
4 0.761 0.057151562499999996 0.8204515625000001 0.1080015625 0.84449375 0.10295000000000001 0.791403125 0.05815625 0.761 0.057151562499999996
4 0.8206703125000001 0.10901093749999999 0.8816499999999999 0.1682796875 0.9021953125 0.1531265625 0.847146875 0.1036046875 0.8206703125000001 0.10901093749999999
4 0.8823062500000001 0.16760625 0.954434375 0.227884375 0.96514375 0.2046484375 0.90453125 0.1557859375 0.8823062500000001 0.16760625
4 0.9037265624999999 0.15413593750000001 0.9647062500000001 0.20397500000000002 0.97191875 0.187475 0.9188078125000001 0.143696875 0.9037265624999999 0.15413593750000001
4 0.8460234375000001 0.10295000000000001 0.9017593749999999 0.1534625 0.9168406250000001 0.1416765625 0.8689734375 0.0992453125 0.8460234375000001 0.10295000000000001
4 0.79276875 0.0585765625 0.8466796875 0.104296875 0.86700625 0.0978984375 0.8237296875 0.05816249999999999 0.82110625 0.0574890625 0.79276875 0.0585765625
4 0.9291234375 0.13390312499999998 0.9295171874999999 0.13561406250000002 0.9179328124999999 0.1430234375 0.9730125 0.1871375 0.9778203124999999 0.1740046875 0.9291234375 0.13390312499999998
1 0.8698484375 0.09958281249999999 0.9177140625 0.14032968750000002 0.9284234375 0.132246875 0.8832171875 0.095609375 0.8698484375 0.09958281249999999
1 0.8230734375000001 0.057825 0.86744375 0.098571875 0.8820874999999999 0.09453125 0.83976875 0.05815625 0.8230734375000001 0.057825
1 0.8530421875 0.0690375 0.8911203125 0.1015296875 0.9015484375 0.0986421875 0.866753125 0.0679453125 0.8530421875 0.0690375
1 0.9756484375 0.1009859375 0.9794921875 0.0987453125 0.9673390625 0.08562031249999999 0.9618437500000001 0.086640625 0.9756484375 0.1009859375
1 0.9539375 0.08898125 0.9725328125000001 0.10386718749999999 0.9751296875 0.101465625 0.9598968749999999 0.08704062500000001 0.9539375 0.08898125
1 0.9471859374999999 0.090421875 0.9678578124999999 0.10674687499999999 0.9719093750000001 0.1041859375 0.9519734375000001 0.088640625 0.9471859374999999 0.090421875
1 0.9411609375 0.0902625 0.9644296875 0.10994843750000001 0.9671312500000001 0.1069078125 0.9451078125000001 0.0901015625 0.9411609375 0.0902625
1 0.9392359375 0.0890546875 0.9361203124999999 0.0902546875 0.9612624999999999 0.11284374999999999 0.96431875 0.1111375 0.9392359375 0.0890546875
1 0.9289531249999999 0.091934375 0.9583984375 0.1178578125 0.9610671875 0.11344375 0.9351859375 0.09145468749999999 0.9289531249999999 0.091934375
1 0.9281750000000001 0.091934375 0.9228765624999999 0.0936140625 0.953725 0.119778125 0.957171875 0.11644375 0.9281750000000001 0.091934375
1 0.9225656250000001 0.0940953125 0.9150874999999999 0.0962546875 0.9476484375 0.123859375 0.9526921875 0.11974218750000001 0.9225656250000001 0.0940953125
1 0.913615625 0.095753125 0.9031874999999999 0.0988234375 0.9412671874999999 0.12915000000000001 0.9476093750000001 0.1238875 0.913615625 0.095753125
1 0.9035390624999999 0.0988234375 0.8929953125000001 0.10207187499999999 0.9333 0.13709218750000002 0.940578125 0.1293015625 0.9035390624999999 0.0988234375
1 0.9419703125 0.1304125 0.932596875 0.13709218750000002 0.9765328125 0.1721125 0.9812203125 0.1630875 0.9419703125 0.1304125
1 0.88065625 0.0686515625 0.9133734375 0.095534375 0.9217875 0.0936140625 0.89140625 0.0684109375 0.88065625 0.0686515625
1 0.8682734375000001 0.068134375 0.9022515625 0.0988234375 0.912209375 0.0952125 0.8806687500000001 0.068621875 0.8682734375000001 0.068134375
1 0.9744421875 0.105840625 0.974090625 0.1062671875 0.9711828125 0.107546875 0.9941390625000001 0.126753125 0.9949703124999999 0.1248328125 0.9744421875 0.105840625
1 0.9937234374999999 0.1315546875 0.9948671875 0.12819375 0.9708703125 0.108028125 0.9683781249999999 0.1091484375 0.9937234374999999 0.1315546875
1 0.9652531249999999 0.1094578125 0.9626046875000001 0.1123375 0.9918421875 0.13564062500000001 0.9937640625 0.1325 0.9652531249999999 0.1094578125
1 0.959021875 0.11641874999999999 0.989090625 0.1421015625 0.9898953125000001 0.137140625 0.96198125 0.1142578125 0.959021875 0.11641874999999999
1 0.954815625 0.12025937499999999 0.9873765625 0.148103125 0.9884671875000001 0.1430625 0.9588656249999999 0.11641874999999999 0.954815625 0.12025937499999999
1 0.9496734375000001 0.125059375 0.9842609375 0.153384375 0.9872203125000001 0.1476234375 0.954640625 0.1206421875 0.9496734375000001 0.125059375
1 0.9491171875 0.1248171875 0.9419703125 0.1295109375 0.9807515625000001 0.162003125 0.9841484375 0.1538796875 0.9491171875 0.1248171875
1 0.9351859375 0.0912140625 0.9370546875000001 0.08929375 0.9168531249999999 0.06905 0.9108812500000001 0.06889062500000001 0.9351859375 0.0912140625
1 0.9023125000000001 0.06889062500000001 0.9281750000000001 0.0912140625 0.9340953125 0.09049375 0.9090624999999999 0.06905 0.9023125000000001 0.06889062500000001
1 0.8935875 0.0693703125 0.922721875 0.093134375 0.9286421875 0.0926546875 0.90185625 0.06935 0.8935875 0.0693703125
1 0.9394546874999999 0.0900890625 0.9447796875 0.089425 0.9292359375 0.070575 0.9208875000000001 0.070353125 0.9394546874999999 0.0900890625
1 0.93110625 0.072571875 0.9444921875000001 0.089646875 0.9503921875 0.08809375 0.9393218750000001 0.072934375 0.93110625 0.072571875
1 0.9407500000000001 0.07235 0.95096875 0.08764999999999999 0.958309375 0.0860984375 0.9486796875 0.072103125 0.9407500000000001 0.07235
1 0.9587265625000001 0.07344062500000001 0.958196875 0.074578125 0.9648453124999999 0.0838609375 0.9692078125 0.082740625 0.9629749999999999 0.072496875 0.9587265625000001 0.07344062500000001
1 0.9593390625 0.08562031249999999 0.9640140625000001 0.084340625 0.9562234374999999 0.0731375 0.9508218749999999 0.0728171875 0.9593390625 0.08562031249999999
1 0.9798046875 0.098584375 0.984375 0.096184375 0.9731562500000001 0.084340625 0.9693765624999999 0.085240625 0.9798046875 0.098584375
1 0.9745062499999999 0.1041859375 0.9947625 0.1240328125 0.998190625 0.11811093749999999 0.9789734375 0.10210625 0.9745062499999999 0.1041859375
1 0.9802203125 0.1011453125 0.998190625 0.1182703125 0.9998531249999999 0.10898749999999999 0.9853500000000001 0.09764062500000001 0.9802203125 0.1011453125