1 1 0.0896046875 0.218915625 0.19885312500000002 0 0.5324171875 0 0.8235093750000001 1 0.9646437499999999 1 0.0896046875
1 0.354496875 0 0.2212765625 0.1831078125 1 0.0719625 1 0 0.354496875 0
1 0 1 0.9486687500000001 0.9981640625000001 0 0.8640859375 0 1
4 0 0.511246875 0.2027609375 0.198984375 0 0.2231046875 0 0.511246875
4 0 0 0 0.2095703125 0.20540625 0.184871875 0.324434375 0 0 0
5 0.6240234375 0.0283203125 0.6240234375 0.0185546875 0.6357421875 0.0185546875 0.6430671875 0 0.369140625 0.0009765625 0.357421875 0.0341796875 0.3662109375 0.0498046875 0.38232499999999997 0.060546875 0.42627031249999997 0.072265625 0.44091874999999997 0.0859375 0.53466875 0.083984375 0.540528125 0.08984375 0.55078125 0.0888671875 0.57421875 0.0576171875 0.6005859375 0.0419921875 0.603515625 0.0322265625 0.6079109375 0.029296875 0.6137703125 0.037109375 0.6240234375 0.0283203125
5 0.8481453125 0.056640625 0.83935625 0.05078125 0.81591875 0.060546875 0.7807625 0.060546875 0.76904375 0.052734375 0.74560625 0.052734375 0.7177734375 0.0673828125 0.71484375 0.0810546875 0.728028125 0.09375 0.76904375 0.083984375 0.7734375 0.0966796875 0.7880859375 0.0966796875 0.88623125 0.083984375 0.90234375 0.0263671875 0.8935546875 0.0263671875 0.8876953125 0.0478515625 0.8745125 0.056640625 0.8481453125 0.056640625
5 0.6723640625 0.404296875 0.65625 0.4013671875 0.6591796875 0.3916015625 0.65185625 0.38671875 0.6357421875 0.3896484375 0.6357421875 0.3759765625 0.6547859375 0.376953125 0.65625 0.3623046875 0.685546875 0.3466796875 0.6796875 0.3251953125 0.69140625 0.3056640625 0.7119140625 0.2900390625 0.71045 0.263671875 0.6958015625 0.255859375 0.6254890625 0.25 0.6020515625 0.26171875 0.58154375 0.255859375 0.552246875 0.267578125 0.5200203125 0.267578125 0.49658281249999997 0.28515625 0.44970781249999997 0.279296875 0.44384843749999997 0.267578125 0.41455156249999997 0.26953125 0.392578125 0.2802734375 0.404296875 0.2841796875 0.380859375 0.2939453125 0.3837890625 0.3017578125 0.3515625 0.3251953125 0.3369140625 0.3486328125 0.34130937499999997 0.361328125 0.36474687499999997 0.359375 0.3779296875 0.3642578125 0.36328125 0.3798828125 0.3603515625 0.3955078125 0.37939531249999997 0.41015625 0.42919999999999997 0.4140625 0.46728593749999997 0.388671875 0.47607499999999997 0.390625 0.48193437499999997 0.37890625 0.517090625 0.376953125 0.52734375 0.3857421875 0.5185546875 0.3916015625 0.5244140625 0.4091796875 0.515625 0.4267578125 0.5185546875 0.4365234375 0.5068359375 0.4404296875 0.51123125 0.443359375 0.5375984375 0.451171875 0.5668953125 0.431640625 0.58154375 0.44140625 0.5903328125 0.4375 0.6020515625 0.453125 0.685546875 0.4560546875 0.703125 0.4404296875 0.73828125 0.3603515625 0.7309578125 0.353515625 0.72216875 0.373046875 0.681153125 0.375 0.6723640625 0.404296875
5 1 0.4794921875 0.9917 0.470703125 0.9770515625 0.470703125 0.94921875 0.4951171875 0.9345703125 0.5283203125 0.950684375 0.55078125 0.9990234375 0.5576171875 0.9931640625 0.5537109375 1 0.5419921875 1 0.4794921875
5 0.486328125 0.6455078125 0.4716796875 0.7060546875 0.49072343749999997 0.720703125 0.556640625 0.7216796875 0.57421875 0.7041015625 0.5947265625 0.6416015625 0.569825 0.625 0.5200203125 0.619140625 0.5009765625 0.6279296875 0.486328125 0.6455078125
5 0.42334062499999997 0.75 0.41455156249999997 0.7421875 0.38671875 0.7587890625 0.36328125 0.7919921875 0.34130937499999997 0.791015625 0.29736406249999997 0.78125 0.275390625 0.7548828125 0.22705156249999997 0.72265625 0.1962890625 0.7119140625 0.216796875 0.7294921875 0.193359375 0.7783203125 0.193359375 0.7880859375 0.205078125 0.7939453125 0.21533281249999997 0.814453125 0.25341874999999997 0.8203125 0.26220781249999997 0.828125 0.27978593749999997 0.828125 0.28564531249999997 0.822265625 0.30029374999999997 0.826171875 0.31201249999999997 0.818359375 0.32373124999999997 0.8203125 0.33252031249999997 0.8125 0.3486328125 0.8193359375 0.35595781249999997 0.83203125 0.3955078125 0.8408203125 0.41455156249999997 0.828125 0.46875 0.8232421875 0.46435624999999997 0.7578125 0.44677812499999997 0.7578125 0.44091874999999997 0.75 0.42334062499999997 0.75
5 0 0.9501953125 0.0087890625 0.9541015625 0.0219734375 0.9453125 0.08935625 0.9453125 0.101075 0.953125 0.1245125 0.947265625 0.146484375 0.9091796875 0.1376953125 0.8935546875 0.1215828125 0.896484375 0.11279375 0.8828125 0.030762499999999998 0.87109375 0 0.9111328125 0 0.9501953125
5 0.28125 0.6064453125 0.2841796875 0.5517578125 0.3017578125 0.5439453125 0.3017578125 0.5341796875 0.32373124999999997 0.529296875 0.3310546875 0.5205078125 0.3193359375 0.5048828125 0.29736406249999997 0.49609375 0.29150468749999997 0.486328125 0.27978593749999997 0.48828125 0.26513749999999997 0.47265625 0.23291093749999997 0.470703125 0.20947343749999997 0.48046875 0.19921875 0.4873046875 0.2021484375 0.4931640625 0.1845703125 0.4970703125 0.1640625 0.5380859375 0.1450203125 0.546875 0.130371875 0.544921875 0.1040046875 0.55078125 0.0849609375 0.5693359375 0.0615234375 0.5791015625 0.0556640625 0.5986328125 0.064453125 0.6181640625 0.0908203125 0.6279296875 0.0849609375 0.6513671875 0.099609375 0.6533203125 0.1245125 0.650390625 0.1391609375 0.640625 0.165528125 0.638671875 0.1801765625 0.626953125 0.25341874999999997 0.623046875 0.28125 0.6064453125