1 0.8786828124999999 1 0.6816359375000001 0.492315625 0.46161250000000004 0.3560984375 0 0.5760109375 0 0.8503343750000001 0.17963437499999999 1 0.8786828124999999 1
4 0 0.5345484375 0.45722031249999995 0.3540984375 0.25470000000000004 0.22893124999999998 0 0.1840453125 0 0.5345484375
4 0 0.1822390625 0.2492265625 0.2239609375 0.0756375 0.11861250000000001 0 0.093271875 0 0.1822390625
4 0.081090625 0.12003124999999999 0.2564984375 0.2277578125 0.4093296875 0.2590328125 0.304084375 0.1941109375 0.081090625 0.12003124999999999
1 0.4116625 0.2619125 0.258415625 0.2302703125 0.45835156250000003 0.353828125 0.5223609375 0.3302203125 0.4116625 0.2619125
4 0.3020875 0.194165625 0.4115015625 0.26135 0.4688125 0.2711953125 0.39500156249999996 0.225440625 0.3020875 0.194165625
1 0.461740625 0.35415 0.6786187499999999 0.4872515625 0.64473125 0.40405468750000006 0.525434375 0.3321515625 0.461740625 0.35415
4 0.41316875 0.26239218750000004 0.5253734375 0.331203125 0.5472109374999999 0.3231671875 0.47082968750000004 0.2731515625 0.41316875 0.26239218750000004
4 0.52725625 0.33170625 0.64134375 0.3995109375 0.62929375 0.3738953125 0.5502234374999999 0.3231671875 0.52725625 0.33170625
4 0.3959453125 0.22436875 0.4687859375 0.27135625 0.49860468750000003 0.276984375 0.44160625 0.23713125000000002 0.3959453125 0.22436875
4 0.5027046875 0.2777375 0.470525 0.27280625000000003 0.546409375 0.32182499999999997 0.560584375 0.3168546875 0.5027046875 0.2777375
4 0.550378125 0.32275468749999997 0.6283000000000001 0.37304375 0.6207296875 0.3538953125 0.562075 0.317684375 0.550378125 0.32275468749999997
4 0.5031625 0.2781046875 0.522328125 0.2876125 0.486734375 0.26242187499999997 0.45549062500000004 0.2456640625 0.5031625 0.2781046875
4 0.49253281250000003 0.266771875 0.5203953125 0.2861078125 0.5287703125000001 0.28847187500000004 0.4995984375 0.2677203125 0.49253281250000003 0.266771875
4 0.50525625 0.27171406249999996 0.5307031249999999 0.28847187500000004 0.538434375 0.2895453125 0.51188125 0.272015625 0.50525625 0.27171406249999996
4 0.5147578125 0.2740765625 0.5381109375 0.2886859375 0.5431046875 0.2889015625 0.518928125 0.2736265625 0.5147578125 0.2740765625
4 0.5251171875 0.28893125 0.5256062499999999 0.289315625 0.51590625 0.286134375 0.5601890625 0.3166765625 0.5645625 0.315615625 0.5251171875 0.28893125
4 0.547071875 0.29440625 0.57593125 0.3133890625 0.5791109375 0.31179843749999997 0.556228125 0.2947625 0.547071875 0.29440625
4 0.54039375 0.2937703125 0.5716375 0.3142375 0.57616875 0.3137078125 0.5474812499999999 0.294496875 0.54039375 0.2937703125
4 0.530534375 0.2920734375 0.564084375 0.3150859375 0.57108125 0.314025 0.5372125 0.29228437500000004 0.530534375 0.2920734375
4 0.5802234375 0.312540625 0.587696875 0.312434375 0.5724328125 0.30055624999999997 0.5654703125 0.300328125 0.5802234375 0.312540625
4 0.5621640625000001 0.3177265625 0.6202765625 0.3528828125 0.6174734374999999 0.3460171875 0.568559375 0.316546875 0.5621640625000001 0.3177265625
4 0.5688359375 0.316659375 0.6164734375 0.34540625 0.614471875 0.33944375 0.5748140625 0.3158546875 0.5688359375 0.316659375
4 0.5751734374999999 0.31532343749999997 0.6140718749999999 0.3389984375 0.61046875 0.3317 0.5794859375 0.314075 0.5751734374999999 0.31532343749999997
4 0.58518125 0.31434531250000003 0.6045296875 0.324846875 0.6027953125 0.32235468749999996 0.58849375 0.31362968750000003 0.58518125 0.31434531250000003
4 0.5804453125 0.31434531250000003 0.6070656249999999 0.3297421875 0.6060640625 0.32653750000000004 0.584740625 0.314409375 0.5804453125 0.31434531250000003
5 0.4599609375 0.4791671875 0.4453125 0.4934890625 0.4521484375 0.5130203125 0.4775390625 0.53125 0.505859375 0.5325515625 0.51171875 0.52734375 0.5078125 0.5091140625 0.4990234375 0.4947921875 0.4814453125 0.4791671875 0.4755859375 0.4765625 0.4599609375 0.4791671875
5 0.451171875 0.43359375 0.447265625 0.4205734375 0.4404296875 0.4166671875 0.4287109375 0.4166671875 0.423828125 0.4283859375 0.4306640625 0.4348953125 0.451171875 0.43359375
5 0.4033203125 0.4661453125 0.41796875 0.4674484375 0.419921875 0.46484375 0.41796875 0.4596359375 0.4111328125 0.4505203125 0.392578125 0.4518234375 0.39453125 0.4596359375 0.4033203125 0.4661453125
5 0.44140625 0.69921875 0.4482421875 0.7083328125 0.4619140625 0.7161453125 0.478515625 0.71484375 0.486328125 0.70703125 0.48828125 0.69921875 0.4697265625 0.6744796875 0.4580078125 0.671875 0.44140625 0.6861984375 0.44140625 0.69921875
5 0.4072265625 0.5572921875 0.3994140625 0.5598953125 0.392578125 0.5690109375 0.392578125 0.5768234375 0.4111328125 0.5963546875 0.4287109375 0.5989578125 0.4306640625 0.6041671875 0.4404296875 0.609375 0.453125 0.6080734375 0.462890625 0.5950515625 0.4609375 0.5846359375 0.4423828125 0.5729171875 0.4306640625 0.5572921875 0.4248046875 0.5546875 0.4072265625 0.5572921875
5 0.33984375 0.5143234375 0.3447265625 0.5208328125 0.3564453125 0.5286453125 0.3671875 0.5299484375 0.373046875 0.5143234375 0.3681640625 0.5052078125 0.3583984375 0.5 0.3447265625 0.5 0.33984375 0.5065109375 0.33984375 0.5143234375
5 0.2626953125 0.5078125 0.28515625 0.5065109375 0.2919921875 0.5026046875 0.294921875 0.4934890625 0.2822265625 0.4791671875 0.2587890625 0.4765625 0.25 0.48828125 0.2626953125 0.5078125
5 0.279296875 0.6575515625 0.2880859375 0.6640625 0.29296875 0.6627609375 0.298828125 0.6575515625 0.298828125 0.6393234375 0.2958984375 0.6354171875 0.2802734375 0.6354171875 0.27734375 0.64453125 0.279296875 0.6575515625
5 0.55078125 0.55078125 0.5546875 0.5611984375 0.5654296875 0.5729171875 0.5771484375 0.5755203125 0.58984375 0.5846359375 0.5888671875 0.5625 0.5810546875 0.5625 0.5732421875 0.5494796875 0.5595703125 0.5442703125 0.5556640625 0.5442703125 0.55078125 0.55078125
5 0.6298828125 0.6067703125 0.650390625 0.61328125 0.658203125 0.5950515625 0.6494140625 0.5833328125 0.6337890625 0.5755203125 0.619140625 0.5768234375 0.6171875 0.58984375 0.6298828125 0.6067703125
5 0.6513671875 0.6588546875 0.658203125 0.6575515625 0.662109375 0.65234375 0.662109375 0.6419265625 0.6513671875 0.6302078125 0.6396484375 0.6302078125 0.640625 0.6497390625 0.6513671875 0.6588546875
5 0.5927734375 0.6354171875 0.58984375 0.6393234375 0.587890625 0.6627609375 0.6025390625 0.6822921875 0.6201171875 0.6953125 0.638671875 0.6966140625 0.646484375 0.6888015625 0.642578125 0.68359375 0.640625 0.66796875 0.6337890625 0.6588546875 0.6123046875 0.6380203125 0.5927734375 0.6354171875
5 0.69140625 0.5950515625 0.7001953125 0.609375 0.7099609375 0.6145828125 0.7294921875 0.6354171875 0.732421875 0.6341140625 0.732421875 0.6236984375 0.7265625 0.6080734375 0.7158203125 0.5911453125 0.7001953125 0.5807296875 0.689453125 0.58203125 0.69140625 0.5950515625
5 0.6826171875 0.7890625 0.67578125 0.8059890624999999 0.67578125 0.8190109375000001 0.68359375 0.8372390624999999 0.7041015625 0.8671875 0.7197265625 0.875 0.728515625 0.8736984375000001 0.7392578125 0.8697921875000001 0.74609375 0.8528640624999999 0.7421875 0.8268234375000001 0.7216796875 0.7994796875 0.7021484375 0.7838546875 0.6826171875 0.7890625
5 0.787109375 0.7825515625 0.78125 0.7643234375 0.7763671875 0.7578125 0.7626953125 0.7526046875 0.7578125 0.7591140625 0.7705078125 0.78125 0.787109375 0.7825515625
5 0.4443359375 0.3151046875 0.4423828125 0.3125 0.4404296875 0.3125 0.4384765625 0.3098953125 0.4345703125 0.3098953125 0.4326171875 0.3072921875 0.4287109375 0.3072921875 0.4267578125 0.3046875 0.4228515625 0.3046875 0.421875 0.3059890625 0.423828125 0.30859375 0.423828125 0.3111984375 0.4267578125 0.3151046875 0.4287109375 0.3151046875 0.4306640625 0.3177078125 0.4326171875 0.3177078125 0.4345703125 0.3203125 0.4384765625 0.3203125 0.4404296875 0.3229171875 0.4443359375 0.3229171875 0.4462890625 0.3255203125 0.4521484375 0.3255203125 0.4541015625 0.328125 0.4580078125 0.328125 0.458984375 0.3268234375 0.4541015625 0.3203125 0.4521484375 0.3203125 0.4501953125 0.3177078125 0.4482421875 0.3177078125 0.4462890625 0.3151046875 0.4443359375 0.3151046875
5 0.462890625 0.3111984375 0.4638671875 0.3125 0.4658203125 0.3125 0.4697265625 0.3177078125 0.4736328125 0.3177078125 0.4755859375 0.3203125 0.4794921875 0.3203125 0.4814453125 0.3229171875 0.482421875 0.3216140625 0.482421875 0.3190109375 0.4775390625 0.3125 0.4755859375 0.3125 0.4736328125 0.3098953125 0.4638671875 0.3098953125 0.462890625 0.3111984375
5 0.4306640625 0.2708328125 0.4287109375 0.2708328125 0.4267578125 0.2682296875 0.4228515625 0.2682296875 0.421875 0.26953125 0.421875 0.2721359375 0.423828125 0.2747390625 0.423828125 0.27734375 0.42578125 0.2799484375 0.42578125 0.2825515625 0.4267578125 0.2838546875 0.4287109375 0.2838546875 0.4306640625 0.2864578125 0.4326171875 0.2864578125 0.4345703125 0.2890625 0.4384765625 0.2890625 0.4404296875 0.2916671875 0.4462890625 0.2916671875 0.447265625 0.2903640625 0.447265625 0.2877609375 0.4423828125 0.28125 0.4404296875 0.28125 0.4365234375 0.2760421875 0.4345703125 0.2760421875 0.4306640625 0.2708328125
5 0.3662109375 0.2838546875 0.365234375 0.28515625 0.365234375 0.2903640625 0.3681640625 0.2942703125 0.3740234375 0.2942703125 0.3759765625 0.296875 0.3857421875 0.296875 0.38671875 0.2955734375 0.388671875 0.29296875 0.388671875 0.2903640625 0.3857421875 0.2864578125 0.3818359375 0.2864578125 0.3798828125 0.2838546875 0.3662109375 0.2838546875
5 0.4677734375 0.3776046875 0.4736328125 0.3776046875 0.4853515625 0.3854171875 0.490234375 0.3841140625 0.4921875 0.3815109375 0.4873046875 0.375 0.4755859375 0.3671875 0.4638671875 0.3645828125 0.4609375 0.3684890625 0.4677734375 0.3776046875
5 0.568359375 0.4388015625 0.5693359375 0.4296875 0.5458984375 0.4192703125 0.541015625 0.4231765625 0.5439453125 0.4296875 0.5556640625 0.4375 0.568359375 0.4388015625
5 0.5341796875 0.3984375 0.544921875 0.3997390625 0.537109375 0.3841140625 0.5283203125 0.375 0.5185546875 0.3697921875 0.498046875 0.37109375 0.5087890625 0.3828125 0.5341796875 0.3984375
5 0.6572265625 0.453125 0.6552734375 0.4505203125 0.6513671875 0.4505203125 0.6484375 0.4544265625 0.6484375 0.45703125 0.646484375 0.4596359375 0.6494140625 0.4635421875 0.6611328125 0.4635421875 0.6630859375 0.4661453125 0.6640625 0.46484375 0.666015625 0.4622390625 0.666015625 0.4596359375 0.6640625 0.45703125 0.6640625 0.4544265625 0.6630859375 0.453125 0.6572265625 0.453125