1 1 0.14489375 0.794571875 0.1053765625 0.795521875 0.10375937500000001 0.00136875 0.8253265624999999 0 1 0.9463546875000001 1 1 0.9024546875 1 0.14489375
1 0 0.7773359375 0.7852375 0.11061406250000001 0.446 0.062540625 0 0.35399375 0 0.7773359375
4 0.003653125 0.1174703125 0 0.3008625 0.3853046875 0.052340624999999995 0.174571875 0.0197046875 0.003653125 0.1174703125
4 0 0.023203124999999998 0.000225 0.11575625 0.1773390625 0.018062500000000002 0.02765 0.0060640625 0 0.023203124999999998
4 0.2207609375 0 0.17962499999999998 0.0129203125 0.38759062499999997 0.045484375 0.47214687499999997 0 0.2207609375 0
4 0.5441359375 0 0.4550078125 0.0574828125 0.8000921875 0.1089 0.9315 0 0.5464203125 0 0.5441359375 0
4 0.9269296875 0 0.7989499999999999 0.1020453125 1 0.14489375 1 0 0.9269296875 0
4 0 0.0195375 0.028921875000000003 0.0025 0 0 0 0.0195375
4 0.0410140625 0 0.18134375 0.018987499999999997 0.2220140625 0 0.0410140625 0
5 0 0.888715625 0.00390625 0.9092140625 0.0068359375 0.91360625 0.0107421875 0.9077500000000001 0.013671875 0.9209265625 0.013671875 0.9033562500000001 0.0185546875 0.8931078125 0.0244140625 0.9018921875 0.0341796875 0.8989640624999999 0.0537109375 0.9106781249999999 0.0595703125 0.9048203125000001 0.0712890625 0.9077500000000001 0.0810546875 0.8901796875000001 0.0908203125 0.8931078125 0.0966796875 0.8843234375 0.1064453125 0.8872515625 0.1142578125 0.8784671875000001 0.1181640625 0.8813953124999999 0.1259765625 0.8696828125 0.1494140625 0.8667546875 0.1611328125 0.8579687500000001 0.1689453125 0.8608984375000001 0.1728515625 0.84625625 0.2177734375 0.8404 0.2333984375 0.843328125 0.2373046875 0.8491843749999999 0.2490234375 0.843328125 0.2568359375 0.8228312499999999 0.2646484375 0.8228312499999999 0.265625 0.8418640625 0.2744140625 0.843328125 0.279296875 0.8389359375 0.28125 0.8242953125 0.267578125 0.8155109375 0.2802734375 0.8023328125000001 0.2978515625 0.7964765625 0.3115234375 0.7759796875 0.3408203125 0.7701234375 0.3466796875 0.749625 0.3740234375 0.749625 0.376953125 0.7335203124999999 0.3896484375 0.7262 0.4501953125 0.7262 0.466796875 0.701309375 0.4716796875 0.667634375 0.4853515625 0.655921875 0.5126953125 0.65299375 0.5185546875 0.64128125 0.53125 0.6310328125 0.5341796875 0.6090703125 0.5439453125 0.6090703125 0.5478515625 0.5973578125000001 0.5732421875 0.5827171875 0.5810546875 0.565146875 0.6025390625 0.5563625 0.6142578125 0.53879375 0.6357421875 0.535865625 0.6435546875 0.5153671875 0.6572265625 0.5153671875 0.6748046875 0.4919421875 0.6845703125 0.4919421875 0.7041015625 0.46851562500000005 0.7138671875 0.4655875 0.7216796875 0.44216249999999996 0.7470703125 0.44216249999999996 0.75 0.42605624999999997 0.7587890625 0.4216640625 0.7939453125 0.4216640625 0.796875 0.40263125000000005 0.7841796875 0.3953109375 0.7783203125 0.377740625 0.7607421875 0.377740625 0.7470703125 0.3953109375 0.7392578125 0.3953109375 0.7216796875 0.4128796875 0.7158203125 0.4333765625 0.7060546875 0.43044843750000006 0.7021484375 0.445090625 0.6591796875 0.44216249999999996 0.65625 0.42605624999999997 0.6494140625 0.4216640625 0.6259765625 0.4216640625 0.623046875 0.440696875 0.6123046875 0.44216249999999996 0.6025390625 0.42459218749999994 0.5908203125 0.4187359375 0.5634765625 0.4216640625 0.560546875 0.41434375 0.5625 0.3850609375 0.5576171875 0.383596875 0.4814453125 0.46851562500000005 0.4384765625 0.5007265624999999 0.3994140625 0.541721875 0.3037109375 0.6237109375000001 0.1376953125 0.749625 0.0205078125 0.8228312499999999 0 0.8477203125000001 0 0.888715625
5 0.4169921875 0.4216640625 0.41796875 0.41141562499999995 0.4267578125 0.40995156250000003 0.4287109375 0.39823906249999996 0.4453125 0.3938453125 0.4423828125 0.389453125 0.4228515625 0.39238125 0.4169921875 0.386525 0.380859375 0.396775 0.3935546875 0.39823906249999996 0.3916015625 0.40409531249999997 0.3662109375 0.40409531249999997 0.34375 0.440696875 0.3544921875 0.456803125 0.369140625 0.4582671875 0.375 0.45533906249999995 0.3779296875 0.44216249999999996 0.3876953125 0.445090625 0.4033203125 0.4333765625 0.4072265625 0.42459218749999994 0.4169921875 0.4216640625