1 0.10526093750000001 0.42767499999999997 0.23622031250000003 0.44925 0.1727015625 0.20604062500000003 0.0370375 0.18446562500000002 0.10526093750000001 0.42767499999999997
1 0.1758375 0.2138859375 0.23935625 0.44336562500000004 0.3679625 0.464940625 0.3001953125 0.235784375 0.1758375 0.2138859375
4 0.302875 0.2354609375 0.3711 0.4629796875 0.498921875 0.48063124999999995 0.4267765625 0.2511515625 0.302875 0.2354609375
4 0.43305 0.2531140625 0.5020578125 0.48259375000000004 0.629096875 0.508090625 0.549109375 0.27468906249999997 0.43305 0.2531140625
1 0.5569515625 0.2844953125 0.6306640625 0.508090625 0.752996875 0.5277046875 0.67693125 0.30803125 0.5569515625 0.2844953125
1 0.679284375 0.304109375 0.7608390625 0.5394734375 0.8823874999999999 0.557125 0.8011765625 0.328921875 0.679284375 0.304109375
4 0.2385734375 0.44336562500000004 0.10682968749999999 0.4257140625 0.17348593750000002 0.6846140625 0.3091484375 0.6885375 0.2385734375 0.44336562500000004
1 0.24249375 0.45121093749999996 0.3122859375 0.6904984375 0.44324531250000004 0.7120734375 0.368746875 0.4531734375 0.24249375 0.45121093749999996
5 0.44716562499999996 0.680690625 0.4510859375 0.7101124999999999 0.5710671875 0.7336484375000001 0.5451890625 0.6355796875 0.5302890625 0.6296953125 0.524015625 0.61204375 0.524015625 0.5943906250000001 0.525584375 0.5728156249999999 0.495 0.486515625 0.46990625 0.48259375000000004 0.46441718749999994 0.50416875 0.448734375 0.529665625 0.4401078125 0.5139750000000001 0.43932343749999997 0.486515625 0.4001140625 0.4786703125 0.40952500000000003 0.5178984375 0.4001140625 0.54731875 0.42520781249999995 0.6355796875 0.43461875 0.6512703125 0.43618750000000006 0.6748078125 0.44716562499999996 0.680690625
1 0.371884375 0.47082499999999994 0.4408921875 0.7120734375 0.575771875 0.737571875 0.49970625 0.48063124999999995 0.371884375 0.47082499999999994
1 0.4981375 0.486515625 0.575771875 0.735609375 0.7051624999999999 0.7532625000000001 0.625959375 0.508090625 0.4981375 0.486515625
1 0.627528125 0.508090625 0.7075140625 0.7552234375 0.8345515625000001 0.7767984375 0.7560781249999999 0.5348046875 0.627528125 0.508090625
4 0.8815687499999999 0.5593140625 0.881603125 0.5551640625 0.7616234375000001 0.54535625 0.8369046875 0.7767984375 0.9655109375 0.7924890625 0.8815687499999999 0.5593140625
4 1 0.36098906249999996 0.939940625 0.3557859375 1 0.5246453125 1 0.36098906249999996
5 0.3486328125 0.498046875 0.3388671875 0.4736328125 0.2919921875 0.458984375 0.30859375 0.5541984375 0.302734375 0.6469734375 0.3125 0.6860359375 0.359375 0.6958015625 0.3701171875 0.693359375 0.375 0.6616203125 0.390625 0.6420890625 0.38671875 0.5590828125 0.3701171875 0.5126953125 0.3486328125 0.498046875
5 0.14453125 0.42236406249999997 0.1484375 0.40771406250000003 0.1318359375 0.3564453125 0.1142578125 0.3466796875 0.1015625 0.36377031249999997 0.1142578125 0.4052734375 0.14453125 0.42236406249999997
5 0.271484375 0.32470781249999997 0.2744140625 0.3466796875 0.2841796875 0.3466796875 0.2978515625 0.3759765625 0.337890625 0.40283281249999997 0.341796875 0.39306718749999997 0.3359375 0.36377031249999997 0.3134765625 0.302734375 0.3095703125 0.3173828125 0.2939453125 0.29296875 0.271484375 0.32470781249999997
5 0.65625 0.7397453125 0.67578125 0.6811515625 0.6689453125 0.6494140625 0.6435546875 0.64453125 0.625 0.6665046875 0.6201171875 0.7373046875 0.65625 0.7397453125
5 0.626953125 0.6274421875 0.63671875 0.6225578125 0.6298828125 0.576171875 0.6044921875 0.537109375 0.587890625 0.5493171875 0.6025390625 0.60546875 0.626953125 0.6274421875
5 0.5634765625 0.5126953125 0.5205078125 0.5029296875 0.515625 0.5151359375 0.5537109375 0.5859375 0.572265625 0.5834953125 0.5634765625 0.5126953125
5 0.744140625 0.7397453125 0.7333984375 0.712890625 0.685546875 0.6713859375 0.7119140625 0.7568359375 0.740234375 0.7592765625 0.744140625 0.7397453125
5 0.79296875 0.6909171875 0.7861328125 0.6640625 0.7763671875 0.6640625 0.759765625 0.7153328125 0.783203125 0.7250984375 0.79296875 0.6909171875
5 0.6565421875 0.36098906249999996 0.6557578125 0.40021562499999996 0.6290953125 0.36098906249999996 0.5953765625 0.3001859375 0.5561671875 0.2844953125 0.6162109375 0.4541015625 0.6318359375 0.4736328125 0.6435546875 0.4638671875 0.6533203125 0.4931640625 0.6611328125 0.478515625 0.6689453125 0.5029296875 0.6748046875 0.4931640625 0.685546875 0.5053703125 0.6875 0.45654218750000003 0.6953125 0.45166093749999997 0.705078125 0.40283281249999997 0.6767578125 0.3125 0.6487 0.3217609375 0.6565421875 0.36098906249999996
5 0.7373046875 0.322265625 0.69921875 0.32958906250000003 0.701171875 0.36377031249999997 0.7568359375 0.52734375 0.787109375 0.5346671875 0.787109375 0.49560468750000003 0.77734375 0.47607343750000003 0.783203125 0.46142656249999997 0.7666015625 0.380859375 0.7451171875 0.3515625 0.7373046875 0.322265625
5 0.71875 0.5200203125 0.744140625 0.5297859375 0.74609375 0.5151359375 0.7177734375 0.4345703125 0.71484375 0.47607343750000003 0.724609375 0.48095781249999997 0.7265625 0.5102546875 0.71875 0.5200203125
5 0.7914218749999999 0.4472890625 0.794559375 0.47082499999999994 0.7992640625 0.49240000000000006 0.8023999999999999 0.510053125 0.8110265625 0.5433953125000001 0.8173 0.54535625 0.8251421875 0.5375109375 0.8290625 0.5335890625 0.8353359375 0.5277046875 0.844746875 0.50416875 0.8478828125 0.4845546875 0.844746875 0.47082499999999994 0.8433187500000001 0.4574640625 0.8346890625000001 0.42868593749999995 0.8237062500000001 0.39990625 0.7992640625 0.32568437499999997 0.7845093750000001 0.3411765625 0.79220625 0.37471875 0.7976953124999999 0.39433125 0.8008328125 0.4080609375 0.7992640625 0.41786874999999996 0.7914218749999999 0.433559375 0.7914218749999999 0.4472890625
5 0.9562234374999999 0.387571875 0.9595984375000001 0.3999875 0.9645625000000001 0.40892656250000003 0.9699234375 0.40892656250000003 0.971115625 0.39502031249999997 0.966984375 0.3712578125 0.9631734375000001 0.372671875 0.9613859375 0.37316875 0.954634375 0.3746578125 0.9542375 0.379128125 0.9562234374999999 0.387571875