4 0.10709687500000001 0.6069078125 0.294565625 0.9270015624999999 0.95195625 0 0.38156249999999997 0.3004171875 0.10709687500000001 0.6069078125
1 1 0 0.9919499999999999 0.0083953125 0.31456249999999997 0.9286687499999999 0.3795515625 1 1 1 1 0
4 0.706840625 0 0.607703125 0.06382656249999999 0.391471875 0.2929140625 0.9191687500000001 0 0.706840625 0
4 0.259846875 0.3729921875 0.3867421875 0.30264531250000004 0.6070234375 0.0710875 0.4170109375 0.2117109375 0.259846875 0.3729921875
4 0.0798390625 0.558515625 0.10569999999999999 0.6072484375 0.3811375 0.304828125 0.2534765625 0.3771078125 0.0798390625 0.558515625
4 0.674765625 0 0.6190203125 0.0564203125 0.7062406250000001 0 0.6755234375 0 0.674765625 0
4 0.6493578125 0 0.556828125 0.0685609375 0.41234374999999995 0.2157671875 0.5932328124999999 0.080196875 0.6751453125 0 0.6493578125 0
4 0.624003125 0 0.5451421875 0.077278125 0.65083125 0 0.624003125 0
4 0.07578125 0.5379609375000001 0.0703734375 0.5433703125 0.0798359375 0.5618531250000001 0.260296875 0.376125 0.2281921875 0.38018125 0.07578125 0.5379609375000001
4 0.2607640625 0.37295781250000004 0.38580156250000003 0.242678125 0.3452484375 0.26611875 0.2329234375 0.3752234375 0.2607640625 0.37295781250000004
4 0.3479515625 0.2602578125 0.385125 0.2410640625 0.4219609375 0.20590156249999997 0.5828203125 0.036853125 0.47805937500000006 0.126371875 0.3479515625 0.2602578125
5 0.67578125 0.83203125 0.673828125 0.8268234375000001 0.6796875 0.82421875 0.6806640625 0.8125 0.7021484375 0.8125 0.7060546875 0.8177078124999999 0.71484375 0.8059890624999999 0.71875 0.7955734375 0.7158203125 0.7864578125 0.7080078125 0.7838546875 0.6982421875 0.7994796875 0.6953125 0.7747390625 0.6904296875 0.7708328125 0.685546875 0.7799484375 0.69140625 0.78515625 0.6845703125 0.7890625 0.681640625 0.76953125 0.6953125 0.76171875 0.7021484375 0.7395828125 0.7158203125 0.7317703125 0.7373046875 0.734375 0.74609375 0.7096359375 0.78125 0.6653640625 0.787109375 0.62109375 0.7666015625 0.5859375 0.7255859375 0.5546875 0.7119140625 0.5546875 0.6748046875 0.5859375 0.6708984375 0.5833328125 0.638671875 0.6236984375 0.6328125 0.6393234375 0.623046875 0.6471359375 0.619140625 0.6705734375 0.6083984375 0.6744796875 0.603515625 0.6888015625 0.603515625 0.7174484375 0.595703125 0.7330734375 0.603515625 0.73828125 0.60546875 0.7486984375 0.5859375 0.7643234375 0.578125 0.79296875 0.5634765625 0.8151046875000001 0.5234375 0.8502609375000001 0.5283203125 0.8697921875000001 0.5380859375 0.8645828124999999 0.5556640625 0.8671875 0.546875 0.88671875 0.5498046875 0.8932296875000001 0.560546875 0.8919265624999999 0.5927734375 0.8854171875000001 0.6103515625 0.8671875 0.6318359375 0.8619796875000001 0.6455078125 0.8671875 0.666015625 0.8502609375000001 0.67578125 0.83203125