1 0.24881406250000002 0 0.24345781249999998 0.8622109375000001 0.9237015625 0.7987 0.8350453124999999 0.175 0.5594765625 0 0.24881406250000002 0
4 1 0.2841265625 0.842465625 0.18264375 0.93084375 0.7875859375 1 0.774884375 1 0.2841265625
4 0.8149546875 0 0.8388937500000001 0.1748234375 1 0.2812046875 1 0 0.8149546875 0
4 0.568403125 0 0.8305796875 0.1611109375 0.804971875 0 0.568403125 0
5 0.5009765625 0.055556249999999995 0.4755859375 0.0486109375 0.470703125 0.06076406250000001 0.474609375 0.09201406250000001 0.4931640625 0.1076390625 0.5 0.11979218750000001 0.501953125 0.14409687499999999 0.5068359375 0.15277812500000001 0.5126953125 0.15972187499999999 0.51953125 0.1579859375 0.5234375 0.1267359375 0.513671875 0.08854218750000001 0.513671875 0.053818750000000005 0.5087890625 0.0451390625 0.5048828125 0.0451390625 0.5009765625 0.055556249999999995
5 0.4208984375 0.30555625000000003 0.4248046875 0.2951390625 0.4443359375 0.2986109375 0.4462890625 0.2916671875 0.4501953125 0.2916671875 0.451171875 0.300346875 0.4560546875 0.30555625000000003 0.4599609375 0.2951390625 0.4765625 0.28993125000000003 0.48046875 0.2760421875 0.48046875 0.2552078125 0.470703125 0.22743125000000003 0.4775390625 0.222221875 0.484375 0.203125 0.486328125 0.17534687499999999 0.4814453125 0.15277812500000001 0.4677734375 0.1458328125 0.447265625 0.17881875 0.4443359375 0.2083328125 0.4345703125 0.2083328125 0.4248046875 0.1979171875 0.4091796875 0.1979171875 0.404296875 0.21701406250000002 0.3935546875 0.22569374999999997 0.3779296875 0.2083328125 0.3623046875 0.20486093749999998 0.3515625 0.22743125000000003 0.349609375 0.2447921875 0.359375 0.2760421875 0.3642578125 0.284721875 0.3720703125 0.28819374999999997 0.375 0.293403125 0.375 0.3072921875 0.384765625 0.3177078125 0.376953125 0.33506874999999997 0.384765625 0.36631874999999997 0.3955078125 0.378471875 0.41015625 0.3767359375 0.4140625 0.3732640625 0.416015625 0.35243125000000003 0.416015625 0.33506874999999997 0.408203125 0.324653125 0.4111328125 0.309028125 0.4208984375 0.30555625000000003
5 0.3720703125 0.09375 0.37109375 0.08506875 0.365234375 0.078125 0.365234375 0.06770781249999999 0.3525390625 0.0520828125 0.3466796875 0.065971875 0.341796875 0.06770781249999999 0.35546875 0.078125 0.359375 0.140625 0.3740234375 0.15972187499999999 0.388671875 0.1579859375 0.396484375 0.140625 0.396484375 0.11631875 0.3818359375 0.097221875 0.3759765625 0.07986093749999999 0.375 0.09201406250000001 0.3720703125 0.09375
5 0.359375 0.44965312500000004 0.369140625 0.47743125 0.3759765625 0.4861109375 0.390625 0.484375 0.3984375 0.4704859375 0.3984375 0.4392359375 0.3857421875 0.4236109375 0.3681640625 0.4236109375 0.3623046875 0.43055625 0.359375 0.44965312500000004
5 0.31640625 0.4670140625 0.3203125 0.484375 0.3291015625 0.5 0.33984375 0.5017359375 0.3515625 0.49131875 0.359375 0.46006875 0.3408203125 0.4375 0.3251953125 0.43055625 0.3173828125 0.43402812500000004 0.31640625 0.4670140625
5 0.361328125 0.699653125 0.365234375 0.6857640625 0.361328125 0.66493125 0.361328125 0.640625 0.3447265625 0.6041671875 0.3134765625 0.60069375 0.3017578125 0.590278125 0.2822265625 0.5520828125 0.2666015625 0.5451390625 0.263671875 0.55381875 0.263671875 0.66493125 0.2685546875 0.6770828125 0.2783203125 0.684028125 0.2822265625 0.6979171875 0.2900390625 0.7013890625 0.296875 0.7170140625 0.30078125 0.737846875 0.298828125 0.765625 0.3046875 0.796875 0.3095703125 0.8055562500000001 0.3193359375 0.8055562500000001 0.3271484375 0.8298609375 0.3291015625 0.8263890625 0.3330078125 0.8333328124999999 0.357421875 0.831596875 0.3642578125 0.8298609375 0.369140625 0.8177078124999999 0.365234375 0.8072921875000001 0.3671875 0.762153125 0.361328125 0.734375 0.361328125 0.699653125
5 0.4970703125 0.4583328125 0.490234375 0.4635421875 0.4873046875 0.4791671875 0.4775390625 0.4826390625 0.4736328125 0.49305625 0.4482421875 0.49652812500000004 0.44140625 0.515625 0.44140625 0.53993125 0.4453125 0.5572921875 0.4580078125 0.5798609375 0.4658203125 0.58680625 0.47265625 0.58506875 0.4931640625 0.565971875 0.5029296875 0.565971875 0.509765625 0.550346875 0.513671875 0.5052078125 0.50390625 0.4670140625 0.4970703125 0.4583328125
5 0.4111328125 0.7013890625 0.3935546875 0.7013890625 0.38671875 0.7204859375 0.38671875 0.7482640625 0.3974609375 0.77430625 0.4140625 0.7760421875 0.421875 0.765625 0.42578125 0.7482640625 0.42578125 0.734375 0.419921875 0.72743125 0.419921875 0.71006875 0.4111328125 0.7013890625
5 0.5546875 0.66493125 0.552734375 0.64756875 0.548828125 0.640625 0.548828125 0.61631875 0.556640625 0.574653125 0.5478515625 0.5520828125 0.5341796875 0.5486109375 0.529296875 0.5607640625 0.529296875 0.578125 0.541015625 0.609375 0.54296875 0.637153125 0.53125 0.6510421875 0.52734375 0.66493125 0.52734375 0.6927078125 0.537109375 0.730903125 0.546875 0.7482640625 0.546875 0.765625 0.54296875 0.7795140625 0.5458984375 0.784721875 0.55078125 0.7829859375 0.552734375 0.762153125 0.5576171875 0.753471875 0.5751953125 0.75 0.591796875 0.706596875 0.5791015625 0.6770828125 0.5546875 0.66493125
5 0.5234375 0.44965312500000004 0.5283203125 0.46527812500000004 0.5390625 0.4670140625 0.55078125 0.4357640625 0.548828125 0.42534687499999996 0.5400390625 0.41319375 0.5263671875 0.41319375 0.5234375 0.421875 0.5234375 0.44965312500000004
5 0.630859375 0.3767359375 0.6416015625 0.40277812500000004 0.650390625 0.4010421875 0.65625 0.387153125 0.654296875 0.3732640625 0.6455078125 0.3541671875 0.6376953125 0.35069374999999997 0.6328125 0.359375 0.630859375 0.3767359375
5 0.6669921875 0.63194375 0.6552734375 0.621528125 0.6396484375 0.6145828125 0.6318359375 0.6145828125 0.6259765625 0.621528125 0.6181640625 0.61805625 0.615234375 0.5885421875 0.6083984375 0.56944375 0.6044921875 0.56944375 0.5986328125 0.559028125 0.5849609375 0.565971875 0.580078125 0.574653125 0.583984375 0.6197921875 0.5947265625 0.6388890625 0.6240234375 0.6388890625 0.62890625 0.6614578125 0.625 0.668403125 0.626953125 0.6892359375 0.6298828125 0.684028125 0.65234375 0.72743125 0.658203125 0.77256875 0.6728515625 0.78125 0.681640625 0.7795140625 0.69140625 0.769096875 0.6953125 0.7170140625 0.693359375 0.699653125 0.681640625 0.671875 0.67578125 0.64756875 0.6669921875 0.63194375
5 0.630859375 0.52256875 0.6416015625 0.53819375 0.6484375 0.5364578125 0.650390625 0.52256875 0.646484375 0.5052078125 0.6396484375 0.49652812500000004 0.6337890625 0.5 0.630859375 0.5052078125 0.630859375 0.52256875
5 0.6806640625 0.5451390625 0.677734375 0.550346875 0.6796875 0.5885421875 0.6884765625 0.597221875 0.7001953125 0.621528125 0.7109375 0.6197921875 0.71484375 0.609375 0.71484375 0.5885421875 0.7109375 0.574653125 0.7109375 0.5364578125 0.7041015625 0.53125 0.6806640625 0.5451390625
5 0.7666015625 0.715278125 0.763671875 0.6579859375 0.7578125 0.6302078125 0.7509765625 0.625 0.7490234375 0.63194375 0.7412109375 0.6354171875 0.73046875 0.6614578125 0.736328125 0.706596875 0.7431640625 0.71875 0.7568359375 0.722221875 0.759765625 0.72743125 0.771484375 0.769096875 0.7685546875 0.77430625 0.7783203125 0.777778125 0.7822265625 0.7916671875 0.80078125 0.78993125 0.80078125 0.7760421875 0.796875 0.765625 0.80078125 0.72743125 0.7880859375 0.7083328125 0.7822265625 0.715278125 0.7666015625 0.715278125
5 0.8525390625 0.63194375 0.8349609375 0.63194375 0.82421875 0.640625 0.82421875 0.675346875 0.8369140625 0.7013890625 0.8466796875 0.7083328125 0.8583984375 0.6979171875 0.8671875 0.71006875 0.8701171875 0.7326390625 0.8720703125 0.7291671875 0.8837890625 0.7361109375 0.89453125 0.734375 0.8984375 0.72743125 0.8984375 0.6892359375 0.884765625 0.63368125 0.8740234375 0.6111109375 0.8623046875 0.6041671875 0.8525390625 0.63194375
5 0.712890625 0.48090312500000004 0.7255859375 0.4826390625 0.728515625 0.50868125 0.7353515625 0.5208328125 0.74609375 0.519096875 0.748046875 0.5052078125 0.744140625 0.48784687499999996 0.7294921875 0.4583328125 0.7119140625 0.4375 0.70703125 0.4635421875 0.712890625 0.48090312500000004
5 0.7158203125 0.3333328125 0.7099609375 0.347221875 0.7041015625 0.34375 0.701171875 0.3489578125 0.703125 0.38368125000000003 0.7099609375 0.3923609375 0.71484375 0.390625 0.7216796875 0.38194374999999997 0.7333984375 0.3854171875 0.73828125 0.3767359375 0.73828125 0.359375 0.7236328125 0.3333328125 0.7158203125 0.3333328125
5 0.625 0.2239578125 0.625 0.2447921875 0.638671875 0.2829859375 0.6416015625 0.28819374999999997 0.646484375 0.2864578125 0.6484375 0.269096875 0.642578125 0.2552078125 0.642578125 0.24131874999999997 0.6337890625 0.222221875 0.6279296875 0.21875 0.625 0.2239578125
5 0.6982421875 0.1701390625 0.6923828125 0.16319375 0.68359375 0.16840312500000001 0.681640625 0.17881875 0.685546875 0.19965312500000001 0.6884765625 0.20486093749999998 0.6953125 0.203125 0.7021484375 0.18402812500000001 0.712890625 0.17881875 0.712890625 0.16493125 0.7099609375 0.15972187499999999 0.7021484375 0.15972187499999999 0.6982421875 0.1701390625
5 0.6455078125 0.065971875 0.6201171875 0.059028125 0.6123046875 0.065971875 0.6064453125 0.0625 0.5986328125 0.07291718750000001 0.5869140625 0.0625 0.580078125 0.06770781249999999 0.580078125 0.074653125 0.5888671875 0.090278125 0.6201171875 0.07986093749999999 0.62109375 0.08854218750000001 0.640625 0.11979218750000001 0.642578125 0.13368125 0.6474609375 0.1423609375 0.654296875 0.140625 0.654296875 0.1267359375 0.650390625 0.11979218750000001 0.6484375 0.10243125 0.650390625 0.08506875 0.654296875 0.078125 0.6455078125 0.065971875
5 0.7978515625 0.1701390625 0.7822265625 0.16319375 0.7783203125 0.15277812500000001 0.7724609375 0.15277812500000001 0.76953125 0.1579859375 0.7734375 0.1614578125 0.7734375 0.16840312500000001 0.76171875 0.1822921875 0.763671875 0.21006874999999997 0.775390625 0.24131874999999997 0.767578125 0.269096875 0.767578125 0.2795140625 0.7783203125 0.2951390625 0.798828125 0.296875 0.79296875 0.25868125000000003 0.796875 0.24826406250000002 0.79296875 0.19965312500000001 0.8037109375 0.19444375 0.8046875 0.1892359375 0.7978515625 0.1701390625
5 0.818359375 0.328125 0.828125 0.3177078125 0.828125 0.28993125000000003 0.837890625 0.2829859375 0.8330078125 0.25694374999999997 0.8232421875 0.253471875 0.8125 0.265625 0.8125 0.2760421875 0.806640625 0.28993125000000003 0.802734375 0.3142359375 0.791015625 0.3385421875 0.79296875 0.3454859375 0.779296875 0.359375 0.78125 0.38368125000000003 0.7919921875 0.39930625000000003 0.798828125 0.39756874999999997 0.80078125 0.3802078125 0.796875 0.362846875 0.7998046875 0.3576390625 0.8076171875 0.3576390625 0.814453125 0.3454859375 0.818359375 0.328125
5 0.866865625 0.44560781250000003 0.8633312500000001 0.42877656249999996 0.8536718750000001 0.4304953125 0.854959375 0.4173234375 0.8601109375 0.409878125 0.855146875 0.3761640625 0.8502640625 0.3674828125 0.8424515625 0.3640109375 0.8307328125 0.3674828125 0.823896875 0.3761640625 0.823896875 0.396996875 0.82975625 0.41435781250000003 0.82585 0.4490796875 0.8326859375 0.4647046875 0.84336875 0.471728125 0.8498078124999999 0.48031875 0.8492875 0.5011640625 0.859053125 0.5150515625 0.86100625 0.5289406249999999 0.8697953125 0.54109375 0.874678125 0.5393578125 0.87663125 0.5324140625 0.8733124999999999 0.49921875 0.86461875 0.49921875 0.864296875 0.48318281250000006 0.8688046875 0.47745625 0.866865625 0.44560781250000003
5 0.796875 0.4670140625 0.8193359375 0.46875 0.822265625 0.44965312500000004 0.8154296875 0.44444375 0.8115234375 0.4479171875 0.7998046875 0.43402812500000004 0.7783203125 0.4375 0.77734375 0.45659687499999996 0.783203125 0.4704859375 0.771484375 0.49131875 0.7734375 0.512153125 0.7861328125 0.5138890625 0.7998046875 0.53125 0.830078125 0.5364578125 0.83203125 0.515625 0.8291015625 0.5104171875 0.8212890625 0.5104171875 0.8134765625 0.5 0.796875 0.4982640625 0.796875 0.4670140625
5 0.78515625 0.612846875 0.8037109375 0.628471875 0.8125 0.6267359375 0.8125 0.58506875 0.8037109375 0.5763890625 0.7939453125 0.5520828125 0.7880859375 0.5520828125 0.78515625 0.5572921875 0.78515625 0.612846875