1 0.48565781250000006 0 0.0030421875 0.09633749999999999 0 0.4185390625 0.1123140625 0.9992328125000001 0.416453125 0.9974125 0.999234375 0.8827296875 1 0.5277609375 0.8954265625 0 0.48565781250000006 0
2 0.6762296875 0 0.6967218749999999 0.1352453125 0.7377046875 0.2295078125 0.7991796875 0.23360625000000002 0.9016390624999999 0.209015625 0.8852453125 0.131146875 0.79508125 0.131146875 0.7827875 0.118853125 0.76639375 0 0.6762296875 0
5 0.7691656250000001 0.019515625 0.7741390625 0.05059375000000001 0.79279375 0.07296875 0.813490625 0.05317499999999999 0.8176671875 0.01454375 0.7990125 0.01454375 0.7691656250000001 0.019515625
5 0.5549171875 0.18430156250000002 0.5245093749999999 0.1803796875 0.49802656250000005 0.1980265625 0.49802656250000005 0.22351875 0.51764375 0.23234218750000002 0.542165625 0.2401859375 0.555896875 0.21469375 0.5519734374999999 0.19018437500000002 0.5549171875 0.18430156250000002
5 0.7172125 0.42213124999999996 0.7213109375 0.42213124999999996 0.7213109375 0.42622968749999995 0.7295078125 0.42622968749999995 0.7295078125 0.43032812500000006 0.75 0.43032812500000006 0.75 0.42622968749999995 0.758196875 0.42622968749999995 0.758196875 0.42213124999999996 0.7622953125 0.42213124999999996 0.7622953125 0.397540625 0.758196875 0.397540625 0.758196875 0.38934375 0.7540984374999999 0.38934375 0.7540984374999999 0.3852453125 0.7377046875 0.3852453125 0.7377046875 0.381146875 0.73360625 0.381146875 0.73360625 0.3852453125 0.7213109375 0.3852453125 0.7213109375 0.38934375 0.7172125 0.38934375 0.7172125 0.4016390625 0.7131140625 0.4016390625 0.7131140625 0.4098359375 0.7172125 0.4098359375 0.7172125 0.42213124999999996
5 0.6496593749999999 0.6615249999999999 0.629896875 0.6966421875 0.6551484375000001 0.7240765625 0.6851984375 0.718140625 0.69028125 0.7142000000000001 0.6979671875 0.6626234375 0.6496593749999999 0.6615249999999999
5 0.889 0.7405375000000001 0.9153499999999999 0.7591921875 0.9199125 0.75931875 0.949384375 0.74821875 0.9460906250000001 0.7120046875 0.913153125 0.7120046875 0.889 0.7405375000000001
5 0.31589999999999996 0.5838890625000001 0.2961390625 0.5696234375 0.262103125 0.5707203125 0.2445375 0.5893765625 0.255515625 0.60803125 0.2708875 0.625590625 0.3005296875 0.6179078125 0.31370468749999997 0.58718125 0.31589999999999996 0.5838890625000001
5 0.2340609375 0.3346828125 0.20880937500000002 0.34565625 0.2033203125 0.3796765625 0.24504062499999998 0.3807734375 0.2445953125 0.3791109375 0.26699843749999996 0.363215625 0.258215625 0.3412671875 0.2340609375 0.3346828125
5 0.10670625 0.20409375000000002 0.1253703125 0.1854390625 0.11109687500000001 0.16239375 0.0825515625 0.16239375 0.055104687500000006 0.171171875 0.0583984375 0.1964125 0.0858453125 0.216165625 0.10459218749999999 0.2020453125 0.10670625 0.20409375000000002
5 0.440465625 0.8463062499999999 0.3987453125 0.8408187500000001 0.3745921875 0.852890625 0.3745921875 0.8836171875 0.3921578125 0.892396875 0.423996875 0.8880062499999999 0.4415625 0.8704484375 0.4393671875 0.8474031249999999 0.440465625 0.8463062499999999
2 0.36065625 1 0.3770484375 0.9877046875 0.38934375 0.9713109375 0.381146875 0.8893437499999999 0.36065625 0.8319671874999999 0.32786875000000004 0.82786875 0.29098437499999996 0.8606562500000001 0.1147546875 0.9057375000000001 0.12295156249999999 1 0.36065625 1
2 0.491803125 0.9672124999999999 0.5737703125 0.9508203125 0.5532781250000001 0.774590625 0.5327875 0.7622953125 0.5327875 0.70491875 0.5040984374999999 0.688525 0.48360624999999996 0.7090156249999999 0.491803125 0.9672124999999999
2 0.40573750000000003 0.61065625 0.4180328125 0.6434421875 0.5 0.6434421875 0.51639375 0.54508125 0.508196875 0.5286890625 0.48360624999999996 0.5286890625 0.43032812500000006 0.5409843750000001 0.40573750000000003 0.61065625
2 1 0.8237703125 0.9631140625000001 0.7704921875 0.9344265625 0.7909843750000001 0.92213125 0.8319671874999999 0.930328125 0.8852453125 1 0.8770484375 1 0.8237703125
2 0.8114750000000001 0.9057375000000001 0.803278125 0.819671875 0.7909843750000001 0.75 0.758196875 0.741803125 0.75 0.9180328125000001 0.7868859375 0.9180328125000001 0.8114750000000001 0.9057375000000001
2 0.0901640625 0.4959015625 0.061475 0.5327875 0.0737703125 0.5696718749999999 0.147540625 0.5491796875 0.17213125 0.5204921875 0.17213125 0.491803125 0.1352453125 0.4426234375 0.0983609375 0.4344265625 0.0901640625 0.4959015625
2 0.23360625000000002 0.053278124999999996 0.1065578125 0.07786875 0.1147546875 0.1557375 0.1680328125 0.1598359375 0.209015625 0.118853125 0.23360625000000002 0.118853125 0.274590625 0.1516390625 0.2868859375 0.131146875 0.2786890625 0.05737656249999999 0.23360625000000002 0.053278124999999996