4 0 0.7064078125 0.27412187499999996 0.7145625 0.3148078125 0.194515625 0.0614453125 0.17315624999999998 0.0602125 0.1665828125 0 0.4443015625 0 0.7064078125
1 0.3323875 0.2034078125 0.29355000000000003 0.709271875 0.5875984375 0.7133796875 0.56355625 0.21998437499999998 0.33485312500000003 0.2010890625 0.3323875 0.2034078125
5 0.3484375 0.24765625 0.38046875 0.24765625 0.38046875 0.2078125 0.3484375 0.2078125 0.3484375 0.24765625
5 0.396875 0.41953125 0.41796875 0.41953125 0.41796875 0.3953125 0.396875 0.3953125 0.396875 0.41953125
5 0.55625 0.6265625 0.58515625 0.6265625 0.58515625 0.55 0.55625 0.55 0.55625 0.6265625
5 0.7046875 0.6765625 0.72578125 0.6765625 0.72578125 0.6484375 0.7046875 0.6484375 0.7046875 0.6765625
5 0.725 0.271875 0.7546875 0.271875 0.7546875 0.2421875 0.725 0.2421875 0.725 0.271875
1 0.580540625 0.2257046875 0.60643125 0.7145312500000001 0.880753125 0.7178171875 0.7956828125000001 0.23802812499999998 0.580540625 0.2240609375 0.580540625 0.2257046875
4 1 0.25856093750000003 0.8108078125 0.24049218749999998 0.8108078125 0.247403125 0.904509375 0.7267812499999999 0.9982093750000001 0.725959375 1 0.2734921875 1 0.25856093750000003
4 0.955753125 0 1 0.14861249999999998 1 0.0005796875 0.9840734375 0 0.955753125 0
1 0.7698390625 0 0.7698390625 0.0005796875 0.8093203125 0.222175 1 0.23764218750000002 1 0.1848765625 0.9484171874999999 0 0.7698390625 0
5 0.9609375 0.2109375 0.97421875 0.2109375 0.97421875 0.1953125 0.9609375 0.1953125 0.9609375 0.2109375
1 0.5805640624999999 0 0.5633828125 0.0001453125 0.5637984375 0.0012531250000000001 0.577096875 0.19676875 0.7940375000000001 0.2172625 0.76019375 0 0.5805640624999999 0
1 0.499603125 0 0.34214218750000003 0.0029140625 0.34214218750000003 0.0012531250000000001 0.3313375 0.175721875 0.5624078124999999 0.194553125 0.5516546875 0 0.499603125 0
4 0.2010234375 0 0.0964765625 0.0012531250000000001 0.0944 0.0029140625 0.0644765625 0.1485828125 0.3142484375 0.17350625 0.3274328125 0 0.2010234375 0
4 0.03651875 0 0 0.0011875 0 0.142365625 0.048675 0.148028125 0.08281875 0 0.03651875 0
5 0.68125 0.0796875 0.7046875 0.0796875 0.7046875 0.05 0.68125 0.05 0.68125 0.0796875
5 0.48125 0.1046875 0.51796875 0.1046875 0.51796875 0.0703125 0.48125 0.0703125 0.48125 0.1046875
4 0 0.377246875 0.047028125 0.17230625 0 0.1694140625 0 0.377246875
4 0.2517640625 1 0.2696859375 0.746559375 0 0.747265625 0 0.9988953125 0.06963749999999999 1 0.2517640625 1
1 0.6047781249999999 1 0.5927046875 0.7492421874999999 0.290609375 0.7479015625 0.290609375 0.7546109375000001 0.2714765625 0.9961765625 0.5880453125 1 0.6047781249999999 1
5 0.39375 0.9546875 0.44140625 0.9546875 0.44140625 0.884375 0.39375 0.884375 0.39375 0.9546875
4 0.613134375 0.7532687499999999 0.6302531250000001 0.99751875 0.9333562499999999 0.99215 0.8910625 0.7546109375000001 0.6111203125 0.7492421874999999 0.613134375 0.7532687499999999
4 0.913215625 0.7613218749999999 0.9494671875 0.9988609374999999 0.9988109375 0.9988609374999999 0.9998171875 0.7572953124999999 0.912209375 0.7572953124999999 0.913215625 0.7613218749999999