4 1 0.3748390625 0.948228125 0.13562812500000002 0.9469484375 0.1424578125 0.684103125 0.1646578125 0.7263124999999999 0.705134375 1 0.696978125 1 0.3748390625
1 0.40110156249999995 0.7039046875 0.70615625 0.6996359375 0.665865625 0.1738984375 0.6633078125 0.1714890625 0.42604218749999995 0.19112656249999999 0.40110156249999995 0.7039046875
5 0.6171875 0.21953125 0.65 0.21953125 0.65 0.178125 0.6171875 0.178125 0.6171875 0.21953125
5 0.578125 0.3984375 0.6 0.3984375 0.6 0.3734375 0.578125 0.3734375 0.578125 0.3984375
5 0.4046875 0.6140625 0.434375 0.6140625 0.434375 0.534375 0.4046875 0.534375 0.4046875 0.6140625
5 0.2578125 0.66640625 0.28046875 0.66640625 0.28046875 0.6375 0.2578125 0.6375 0.2578125 0.66640625
5 0.228125 0.24453125 0.25859375 0.24453125 0.25859375 0.2140625 0.228125 0.2140625 0.228125 0.24453125
1 0.096971875 0.7085171875 0.38156249999999997 0.705103125 0.40842343750000004 0.197071875 0.40842343750000004 0.1953640625 0.18522812500000002 0.20987968750000002 0.096971875 0.7085171875
4 0 0.7171984375 0.072328125 0.717834375 0.1695359375 0.219621875 0.1695359375 0.212440625 0 0.2286609375 0 0.7171984375
1 0.01633125 0 0 0.058637499999999995 0 0.20730624999999997 0.1710796875 0.193403125 0.2054765625 0 0.01633125 0
5 0 0.1796875 0.015625 0.1796875 0.015625 0.1640625 0 0.1640625 0 0.1796875
1 0.21621406250000003 0 0.186934375 0.188296875 0.41199531250000004 0.16699999999999998 0.42333437500000004 0 0.21621406250000003 0
1 0.43632031250000003 0 0.427234375 0.16469687500000002 0.6669546875 0.145125 0.6579828125 0 0.43632031250000003 0
4 0.6738500000000001 0 0.6846828125 0.14282343749999998 0.9438046874999999 0.11692031249999998 0.91983125 0 0.6738500000000001 0
4 0.9334093749999999 0 0.9601984375000001 0.11634375 1 0.1117046875 1 0 0.9334093749999999 0
5 0.2796875 0.0453125 0.3046875 0.0453125 0.3046875 0.0140625 0.2796875 0.0140625 0.2796875 0.0453125
5 0.4734375 0.06953125 0.51171875 0.06953125 0.51171875 0.034375 0.4734375 0.034375 0.4734375 0.06953125
4 1 0.13922812499999998 0.96190625 0.1415765625 1 0.3078765625 1 0.13922812499999998
4 1 0.73909375 0.7309140625 0.7383875 0.7493796875000001 1 1 1 1 0.73909375
1 0.5482125 1 0.72905625 0.9978109375 0.7092078125 0.74675625 0.7092078125 0.7397828125 0.395803125 0.7411765625 0.3833640625 1 0.5482125 1
5 0.553125 0.9546875 0.60234375 0.9546875 0.60234375 0.88125 0.553125 0.88125 0.553125 0.9546875
4 0.0424 0.9936281250000001 0.35685 0.99920625 0.374609375 0.7453609375 0.3766984375 0.7411765625 0.0862765625 0.74675625 0.0424 0.9936281250000001
4 0.0257765625 1 0.06329375000000001 0.7537296875 0.0643390625 0.7495453125 0 0.7495453125 0 1 0.0257765625 1