1 0.811959375 0.31305 0.262571875 0.35295624999999997 0.262571875 0.3564265625 0.2807984375 0.8179421874999999 1 0.6739359375 0.811959375 0.31305
4 0.8398031250000001 0.3223390625 1 0.6039453124999999 0.9977671875 0.3127703125 0.8387781249999999 0.3182390625 0.8398031250000001 0.3223390625
5 0.85546875 0.519096875 0.8580734375000001 0.5364578125 0.8880203124999999 0.5954859375 0.9166671875000001 0.5989578125 0.9557296875000001 0.58680625 0.9401046875000001 0.55555625 0.90625 0.5104171875 0.8932296875000001 0.50868125 0.85546875 0.519096875
5 0.50390625 0.48090312500000004 0.4661453125 0.49305625 0.4609375 0.5 0.4583328125 0.5208328125 0.4700515625 0.5572921875 0.49609375 0.5607640625 0.5338546875 0.5520828125 0.5325515625 0.52256875 0.5208328125 0.48784687499999996 0.50390625 0.48090312500000004
5 0.36977187499999997 0.48007343750000003 0.41815625 0.47109375 0.46163906250000003 0.47762343749999997 0.5052078125 0.3888890625 0.5169265625 0.39756874999999997 0.5234375 0.4392359375 0.53125 0.4548609375 0.5403640625 0.46527812500000004 0.5546875 0.4670140625 0.5768234375 0.4513890625 0.5690109375 0.41493125 0.5690109375 0.39930625000000003 0.5755203125 0.3888890625 0.61063125 0.5119046875000001 0.6363531250000001 0.542921875 0.6657515625 0.5347593749999999 0.7018859375 0.526596875 0.715359375 0.518434375 0.7508812500000001 0.5029265625 0.7349578125 0.4164078125 0.779053125 0.4335484375 0.7949765625 0.41967187499999997 0.8654078125 0.4368125 0.8346359375000001 0.3802078125 0.8307296875000001 0.347221875 0.8111984375000001 0.32118125000000003 0.79296875 0.31944374999999997 0.2721359375 0.3541671875 0.2630203125 0.359375 0.2630203125 0.40625 0.2708328125 0.43055625 0.28515625 0.43402812500000004 0.3020828125 0.41319375 0.3220015625 0.41885625 0.3256765625 0.4939484375 0.36977187499999997 0.48007343750000003
5 0.3502609375 0.6197921875 0.3359375 0.6076390625 0.3333328125 0.621528125 0.3229171875 0.6232640625 0.32421875 0.6076390625 0.3151046875 0.612846875 0.2981765625 0.605903125 0.2786453125 0.621528125 0.2786453125 0.66319375 0.2981765625 0.6701390625 0.3177078125 0.6545140625 0.3255203125 0.6354171875 0.3372390625 0.63368125 0.3424484375 0.671875 0.34765625 0.6770828125 0.3502609375 0.6197921875
1 1 0.716753125 0.272053125 0.8725921874999999 0.27513125 0.8739593749999999 0.27000156249999996 0.998359375 1 0.9956250000000001 1 0.716753125
5 0.5638015625 0.699653125 0.5364578125 0.699653125 0.5221359375 0.671875 0.515625 0.671875 0.5078125 0.6875 0.5013015625 0.6875 0.5013015625 0.7135421875 0.5091140625 0.7395828125 0.5247390625 0.746528125 0.5377609375 0.734375 0.5572921875 0.7552078125 0.5677078125 0.7048609375 0.5638015625 0.699653125
5 0.6940109375 0.5729171875 0.6640625 0.5625 0.6549484375 0.56944375 0.6549484375 0.581596875 0.6653640625 0.609375 0.6783859375 0.6145828125 0.6783859375 0.5989578125 0.7005203125 0.6076390625 0.6966140625 0.597221875 0.7005203125 0.58680625 0.6940109375 0.5729171875
5 0.5169265625 0.6388890625 0.5364578125 0.637153125 0.5338546875 0.5954859375 0.5104171875 0.5885421875 0.4947921875 0.605903125 0.49609375 0.6197921875 0.5169265625 0.6388890625
4 0.6875171875 0.104928125 0.2648171875 0.10829375000000001 0.2665015625 0.1127828125 0.2665015625 0.33273281250000003 0.804559375 0.2990671875 0.6875171875 0.104928125
4 0.9980296875000001 0.11191718749999999 0.707528125 0.105184375 0.7050015625 0.1096734375 0.8279390624999999 0.30156875 1 0.2937125 0.9980296875000001 0.11191718749999999
4 0 0.3543109375 0.23279375 0.3329890625 0.24037187499999998 0.1107953125 0 0.1208953125 0 0.3543109375
1 0 0.38553906250000003 0.0012125 0.8725703125000001 0.2192984375 0.8366609374999999 0.23108749999999997 0.35860625 0 0.3832953125 0 0.38553906250000003
3 0.0963609375 0.47419218750000003 0.09804531250000001 0.52356875 0.076153125 0.5830453125 0.128359375 0.5830453125 0.1628828125 0.5549906250000001 0.1628828125 0.512346875 0.1485671875 0.47755937499999995 0.16625 0.42818281249999995 0.16961874999999998 0.42481562500000003 0.140146875 0.400128125 0.10478125 0.4068609375 0.08373125000000001 0.4068609375 0.0551015625 0.40461562500000003 0.027315625 0.4663375 0.048365625 0.49102499999999993 0.0778375 0.492146875 0.0963609375 0.47419218750000003
3 0.146884375 0.811971875 0.171303125 0.7659625 0.167934375 0.731175 0.177196875 0.679553125 0.147725 0.6739421875 0.13256874999999999 0.6537437500000001 0.0904671875 0.6615984375 0.0778375 0.687409375 0.076153125 0.689653125 0.072784375 0.7188296875 0.0508921875 0.7390296875 0.063521875 0.7648406249999999 0.05594375 0.787284375 0.0719421875 0.801871875 0.05678593750000001 0.8355390625 0.076153125 0.8400265625 0.1199390625 0.8377828125000001 0.146884375 0.8377828125000001 0.146884375 0.811971875
3 0.7018375 0.96555 0.6669625 0.92590625 0.67619375 0.86165625 0.6567046875 0.8411515625 0.64029375 0.8179125 0.6372171875 0.8151781250000001 0.5951609375 0.83705 0.5623375 0.8807953124999999 0.557209375 0.9286406250000001 0.5479765624999999 0.9505125 0.5510546875 0.9846890625 0.6125984375 0.983321875 0.6813234375 0.9901562500000001 0.7018375 0.96555
3 0.522490625 0.8438890625000001 0.49258749999999996 0.8507203125 0.49258749999999996 0.8739593749999999 0.46078906249999996 0.8903640625 0.45155781250000004 0.9245390625000001 0.45155781250000004 0.97101875 0.47925312499999995 0.9901562500000001 0.5448999999999999 0.9846890625 0.5448999999999999 0.9641828125 0.531565625 0.934109375 0.5459265624999999 0.8999328125 0.5407968750000001 0.867125 0.522490625 0.8438890625000001
3 0.9931468750000001 0.8630234375000001 0.9736578124999999 0.8042421875000001 0.9449375 0.785103125 0.922371875 0.76323125 0.8721109374999999 0.7687 0.8721109374999999 0.7741671875 0.888521875 0.7946734375 0.880315625 0.8302156249999999 0.8362093749999999 0.849353125 0.8290296875 0.9122359375 0.8023609374999999 0.9641828125 0.8608281249999999 0.9860562500000001 0.91826875 0.977853125 0.9705812500000001 0.9792203125000001 1 0.9327421875 0.9931468750000001 0.8630234375000001
4 0.21228750000000002 1 0.21023593749999997 0.890740625 0.0009859375 0.930384375 0 0.9358531250000001 0 1 0.21228750000000002 1
4 0.2645140625 0.000759375 0.2624640625 0.0978109375 0.6819640625 0.0957609375 0.6240140625 0 0.26348906250000004 0.000759375 0.2645140625 0.000759375
4 0.002928125 0.0000125 0 0.10943125000000001 0.2449875 0.0984953125 0.248065625 0.0014421875000000001 0.002928125 0.0000125
4 0.9115109374999999 0.0021265625 0.63919375 0.0028093750000000002 0.63868125 0.0021265625 0.6981703125000001 0.0957609375 1 0.1080640625 0.9997187500000001 0.0909765625 0.9115109374999999 0.0021265625