1 0.9161093749999999 0.8900421875 0.623009375 0.20518437500000003 0.256959375 0.213653125 0.063346875 0.9946953125 0.9161093749999999 0.8900421875
1 0 0.9793046875 0.0506546875 0.9762265625 0.2491328125 0.21287812499999997 0.0046515624999999994 0.22160312499999998 0 0.9793046875
1 0.9264953125 0.8961984375000001 0.9998437499999999 0.8862187499999999 1 0.2482765625 0.9611140625000001 0.2036453125 0.623009375 0.2067234375 0.9264953125 0.8961984375000001
1 0 0.0666734375 0.05873125 0.0004953125 0 0 0 0.0666734375
1 0 0.18979375 0.25605625 0.1944109375 0.306575 0.002371875 0.0656546875 0 0 0.0697515625 0 0.18979375
1 0.30567500000000003 0 0.2629796875 0.18979375 0.6126234375 0.1913328125 0.53734375 0.002371875 0.30567500000000003 0
1 0.5330015625 0 0.6091624999999999 0.1851765625 0.9357265625 0.186715625 0.7450359375 0 0.5330015625 0
1 0.9508046875 0 1 0.0389703125 1 0 0.9508046875 0
1 1 0.0312765625 0.9472671874999999 0.0004953125 0.752728125 0.004935937499999999 0.9403421875 0.1851765625 1 0.1790203125 1 0.0312765625
1 1 0.20210625000000002 0.965228125 0.202371875 1 0.243659375 1 0.20210625000000002
0 0.513384375 0.8407937499999999 0.5249234375 0.8361765625 0.52723125 0.8254046875000001 0.535309375 0.7977015625 0.5283859375 0.7792343749999999 0.5077734375 0.7577906249999999 0.496075 0.7484531249999999 0.4805890625 0.7648078125 0.47006718750000004 0.7554515625 0.46042187500000004 0.7496046875 0.44726718749999994 0.74375625 0.43722500000000003 0.7576875000000001 0.438378125 0.799240625 0.4499171875 0.8100140625 0.45684218750000005 0.81463125 0.46491875 0.817709375 0.45799531250000003 0.831559375 0.44530156249999997 0.8531062500000001 0.4499171875 0.8746515625000001 0.452225 0.8761906249999999 0.4753046875 0.8792687499999999 0.49030625 0.8731140625 0.49261406250000006 0.8638796875000001 0.48684374999999996 0.8407937499999999 0.5018453125 0.8361765625 0.513384375 0.8407937499999999
0 0.297596875 0.9038937499999999 0.29644375 0.89158125 0.28259687499999997 0.8885031250000001 0.273365625 0.8838859375 0.2629796875 0.8838859375 0.2549015625 0.8808078125 0.2433625 0.868496875 0.2364390625 0.850028125 0.22951562499999997 0.8484890625 0.22028281249999998 0.856184375 0.2214375 0.8715734375 0.2364390625 0.8808078125 0.2422078125 0.8869640625 0.24567031250000002 0.906971875 0.247978125 0.9146656249999999 0.2549015625 0.920821875 0.260671875 0.9254390625 0.273365625 0.93005625 0.28259687499999997 0.9223609375 0.297596875 0.91005 0.297596875 0.9038937499999999
0 0.8111015625 0.7115171874999999 0.8018703125 0.6992046875 0.76148125 0.6807375 0.76494375 0.7115171874999999 0.7718671875 0.7222906250000001 0.791190625 0.7459609375 0.80533125 0.77 0.809946875 0.7746171875 0.8157171875 0.7838499999999999 0.826103125 0.7915453125 0.8341796875 0.7915453125 0.8364874999999999 0.766921875 0.8353343750000001 0.7530703125 0.8214874999999999 0.7299859375 0.8111015625 0.7115171874999999
0 0.8295640625 0.8638796875000001 0.8434125 0.8608015625000001 0.8422578125 0.8531062500000001 0.831871875 0.8438718749999999 0.8203328125 0.8407937499999999 0.804178125 0.8438718749999999 0.8111015625 0.8531062500000001 0.8181125 0.8639109375 0.8295640625 0.8638796875000001
0 0.6934 0.5730062499999999 0.6910921875 0.553 0.6691671875 0.553 0.666859375 0.5807015625 0.68070625 0.5837796875000001 0.6922453125 0.5837796875000001 0.6934 0.5730062499999999
0 0.377115625 0.2782875 0.3823765625 0.272440625 0.39553125 0.2595765625 0.397284375 0.25489843749999996 0.394653125 0.24320312500000002 0.38676093749999996 0.24203281250000003 0.37273125 0.24554218749999998 0.363084375 0.2642546875 0.377115625 0.2782875
0 0.3446703125 0.824453125 0.35519375000000003 0.8022328125 0.35957812499999997 0.785859375 0.3622078125 0.771825 0.36483906250000003 0.7601296875 0.36834687499999996 0.748434375 0.3701 0.7355703124999999 0.36834687499999996 0.7168578125 0.3753625 0.7051624999999999 0.37799218749999997 0.6969765625 0.37273125 0.675925 0.3622078125 0.681771875 0.356946875 0.6934671875 0.3534390625 0.69580625 0.34379375 0.70399375 0.3376546875 0.7110109375 0.3332703125 0.7156890625 0.328009375 0.7344015625 0.330640625 0.7460953124999999 0.335025 0.767146875 0.330640625 0.7835203125 0.32537812499999996 0.7928765624999999 0.32099375 0.803403125 0.3183625 0.81860625 0.31485625 0.8396578124999999 0.3183625 0.8595390625 0.34028593749999997 0.8595390625 0.3516859375 0.84784375 0.3446703125 0.824453125
0 0.5989718749999999 0.8092499999999999 0.60335625 0.8279624999999999 0.6086171874999999 0.8349796875 0.6270328125 0.8338093750000001 0.6287859375 0.832640625 0.6314171875000001 0.8221140625000001 0.6314171875000001 0.8127593750000001 0.6314171875000001 0.8104203125 0.6156328125 0.798725 0.5989718749999999 0.8092499999999999
0 0.7068296875 0.8150984375 0.7103375 0.8069109375 0.7191062500000001 0.7905375 0.7147218750000001 0.785859375 0.708584375 0.7741640624999999 0.6980609375 0.76246875 0.6875390625 0.7577906249999999 0.679646875 0.76246875 0.674384375 0.7776734375000001 0.6787687499999999 0.8010640625000001 0.6664921875 0.8174374999999999 0.6647390625 0.832640625 0.6691234374999999 0.8408265625 0.67263125 0.8431656249999999 0.683153125 0.8396578124999999 0.6910453125 0.8419968750000001 0.7006921875 0.8338093750000001 0.7041999999999999 0.824453125 0.7068296875 0.8150984375
0 0.37886875 0.44085156249999996 0.3876390625 0.433834375 0.3876390625 0.42798749999999997 0.3850078125 0.41863124999999995 0.374484375 0.404596875 0.3639625 0.40927499999999994 0.35957812499999997 0.41044375000000005 0.34993124999999997 0.4116140625 0.3446703125 0.4162921875 0.33853125 0.42681718750000003 0.3376546875 0.42798749999999997 0.3315171875 0.443190625 0.3332703125 0.4548859375 0.334146875 0.4595640625 0.33590156250000003 0.471259375 0.34028593749999997 0.47944531250000005 0.33590156250000003 0.5075140625000001 0.335025 0.509853125 0.33677812500000004 0.5157 0.33677812500000004 0.5227171875 0.33677812500000004 0.5367515625 0.3332703125 0.548446875 0.3332703125 0.5613125 0.3376546875 0.5636515625 0.3446703125 0.556634375 0.3516859375 0.547278125 0.3484203125 0.539590625 0.3525625 0.5227171875 0.3516859375 0.505175 0.3516859375 0.4864625 0.3534390625 0.48295468750000003 0.35957812499999997 0.4747671875 0.3622078125 0.471259375 0.3639625 0.46073281250000003 0.3622078125 0.45020781249999997 0.3604546875 0.44786875000000004 0.37886875 0.44085156249999996
0 0.6156328125 0.7835203125 0.6270328125 0.767146875 0.63229375 0.7531125000000001 0.625278125 0.7425875 0.6156328125 0.736740625 0.6016015625 0.739078125 0.5963406250000001 0.7449265625 0.5945875 0.747265625 0.5945875 0.7308921875000001 0.59195625 0.7238749999999999 0.5831875 0.718028125 0.5717875 0.727384375 0.5551265625 0.7297234375 0.549865625 0.7297234375 0.5463578124999999 0.728553125 0.54021875 0.7133499999999999 0.54021875 0.7051624999999999 0.5367109375 0.700484375 0.5174203125 0.7016546875 0.504265625 0.6934671875 0.48672812499999996 0.68645 0.47182031249999995 0.652534375 0.46480625 0.6174484375 0.46480625 0.5928890625000001 0.46042187500000004 0.5507859374999999 0.46042187500000004 0.54376875 0.45954375000000003 0.5262265625 0.45954375000000003 0.505175 0.46042187500000004 0.489971875 0.4630515625 0.481784375 0.466559375 0.45371562499999996 0.46480625 0.44903750000000003 0.440253125 0.44202031249999996 0.43236093750000004 0.4548859375 0.4314828125 0.4747671875 0.43060625 0.5086828125 0.42972968749999996 0.52505625 0.428853125 0.5706687500000001 0.427975 0.59171875 0.43236093750000004 0.6045843750000001 0.4358671875 0.6303140625 0.440253125 0.6490265625 0.4428828125 0.6595515625 0.450775 0.6735859375000001 0.45428281249999997 0.68528125 0.4586671875 0.6969765625 0.46042187500000004 0.699315625 0.4498984375 0.699315625 0.4428828125 0.71451875 0.45340625 0.7308921875000001 0.469190625 0.7355703124999999 0.477959375 0.7355703124999999 0.49725156249999997 0.739078125 0.51128125 0.748434375 0.52268125 0.7531125000000001 0.5340812500000001 0.765978125 0.54021875 0.7683171875 0.5442453125 0.7665921875 0.5665265625 0.771825 0.5709109375 0.7741640624999999 0.5717875 0.7870296875 0.5770484375 0.804571875 0.577925 0.8057421874999999 0.589325 0.8092499999999999 0.5945875 0.8104203125 0.5972171875 0.794046875 0.6068640624999999 0.785859375 0.6156328125 0.7835203125
0 0.11141406250000001 0.5928890625000001 0.10966093750000001 0.6069234375 0.10176875 0.6221265625 0.0912453125 0.6303140625 0.08159999999999999 0.6642296875 0.097384375 0.6654 0.1122921875 0.65604375 0.12018437500000001 0.6349921875 0.1342140625 0.6162796875 0.1429828125 0.5987359375 0.1473671875 0.58938125 0.14824375 0.5718375 0.1412296875 0.5648203125 0.13246093750000001 0.5601421875 0.1280765625 0.5601421875 0.117553125 0.5753468749999999 0.11141406250000001 0.5928890625000001
0 0 0.9355578124999999 0.0044328125 0.9437453124999999 0.014078125 0.9531015625 0.029862499999999997 0.9542703124999999 0.0465234375 0.9308796875 0.0509078125 0.9121671875 0.055293749999999996 0.8864390625 0.0561703125 0.8688953125 0.057046875 0.8490140625 0.0605546875 0.8256234375 0.054415625 0.8104203125 0.03863125 0.8127593750000001 0.0232640625 0.832840625 0.00969375 0.84784375 0.0000484375 0.8572 0.0018015625 0.87474375 0.0018015625 0.8957937499999999 0 0.9156765625000001 0 0.9355578124999999
0 0.5665265625 0.90398125 0.5726640625 0.8969640625 0.5735406249999999 0.889946875 0.56915625 0.8829296875000001 0.55520625 0.8766828125 0.5533718750000001 0.8957937499999999 0.5621421875 0.90398125 0.5665265625 0.90398125
0 0.9865609375 0.7554515625 0.9734078125 0.74141875 0.9602546875 0.7262140625 0.9532390625 0.6922984375000001 0.9409625 0.6782640625 0.927809375 0.675925 0.9120250000000001 0.6735859375000001 0.8944875 0.6735859375000001 0.8901015624999999 0.6922984375000001 0.8901015624999999 0.7168578125 0.8901015624999999 0.7425875 0.8997484375000001 0.7694859375 0.910271875 0.771825 0.9180421875 0.7676796875 0.9120250000000001 0.794046875 0.9120250000000001 0.8162671874999999 0.9199171875 0.8197749999999999 0.927809375 0.8162671874999999 0.9357015625 0.8022328125 0.9497312499999999 0.7928765624999999 0.9690234375 0.7998937500000001 0.9821765625 0.795215625 0.9874390625 0.785859375 0.988315625 0.767146875 0.9865609375 0.7554515625
0 0.7717203125000001 0.244371875 0.75944375 0.24086406249999998 0.746290625 0.23969374999999998 0.7401515625 0.23969374999999998 0.734890625 0.2502203125 0.7331375 0.2654234375 0.73050625 0.2888140625 0.7401515625 0.3075265625 0.7524921875 0.3311 0.7611984374999999 0.348459375 0.7682125 0.3496296875 0.7769828125 0.34378125000000004 0.7743515624999999 0.32389999999999997 0.775228125 0.3051875 0.777859375 0.2934921875 0.78224375 0.2759484375 0.7796125 0.2607453125 0.7717203125000001 0.244371875
0 0.058384375 0.185559375 0.0671890625 0.185025 0.0759921875 0.1866265625 0.07919375 0.182890625 0.085196875 0.17701875 0.09 0.1700796875 0.09440156250000001 0.1652765625 0.1000046875 0.161540625 0.1000046875 0.15406718749999998 0.096803125 0.1492640625 0.0879984375 0.147128125 0.07799375 0.1481953125 0.06758906249999999 0.147128125 0.056382812500000004 0.14872968749999999 0.047178125 0.14872968749999999 0.039975 0.14872968749999999 0.033971875 0.1519328125 0.0263671875 0.1594046875 0.0251671875 0.16634374999999998 0.03036875 0.177553125 0.040775 0.1796875 0.047578125 0.1727484375 0.05278125 0.1679453125 0.0567828125 0.1620734375 0.059984375 0.16100625 0.0623859375 0.161540625 0.0667875 0.16047187499999999 0.06958906249999999 0.16314062499999998 0.0679890625 0.16634374999999998 0.061185937499999996 0.173815625 0.0567828125 0.182890625 0.058384375 0.185559375
0 0.1584359375 0.18235625 0.1620375 0.18235625 0.1708421875 0.182890625 0.1788453125 0.179153125 0.182046875 0.176484375 0.18645 0.174884375 0.1904515625 0.1727484375 0.19485468749999998 0.172215625 0.20125781250000002 0.1679453125 0.2036578125 0.1652765625 0.20886093749999998 0.1620734375 0.2112625 0.1599390625 0.2116625 0.15406718749999998 0.2112625 0.1476625 0.20685937499999998 0.141790625 0.2028578125 0.139121875 0.194453125 0.13752031250000002 0.18845 0.139121875 0.1844484375 0.14872968749999999 0.1828484375 0.155134375 0.1780453125 0.1599390625 0.168440625 0.1583375 0.1636375 0.1572703125 0.1588359375 0.156203125 0.1528328125 0.1519328125 0.14963125 0.1455265625 0.138825 0.14232499999999998 0.13082031249999998 0.1465953125 0.12721875 0.156203125 0.12721875 0.163675 0.132021875 0.16580937499999998 0.13642343750000002 0.16580937499999998 0.138425 0.16634374999999998 0.14322812499999998 0.1690125 0.1476296875 0.17435 0.1536328125 0.18128906250000001 0.1584359375 0.18235625
0 0.230071875 0.1380546875 0.22527031250000001 0.1439265625 0.22206718749999999 0.15406718749999998 0.2264703125 0.16847812499999998 0.23207343749999998 0.1754171875 0.2376765625 0.1754171875 0.242878125 0.17168125 0.2452796875 0.1652765625 0.2452796875 0.157803125 0.2452796875 0.1508640625 0.240878125 0.141790625 0.235675 0.136453125 0.230071875 0.1380546875
0 0.3212390625 0.158115625 0.3178046875 0.163203125 0.3170421875 0.1718515625 0.32009375 0.1769390625 0.3212390625 0.1820265625 0.3281046875 0.1820265625 0.33725937500000003 0.1820265625 0.339546875 0.1769390625 0.34298125 0.1718515625 0.338021875 0.16116875 0.3334453125 0.14946718750000001 0.324290625 0.1535375 0.3212390625 0.158115625
0 0.49174375000000003 0.170325 0.4894546875 0.16574687500000002 0.484878125 0.15709843750000002 0.4780109375 0.1525203125 0.4696203125 0.1525203125 0.45588749999999995 0.16218593750000002 0.4535984375 0.16269375 0.44139375000000003 0.168290625 0.4341453125 0.1672734375 0.431475 0.16625625 0.42689843749999995 0.16371249999999998 0.4215578125 0.160659375 0.4104953125 0.1545546875 0.4024859375 0.15608125 0.394475 0.15608125 0.386465625 0.1576078125 0.3834140625 0.1591328125 0.376546875 0.16269375 0.3719703125 0.1647296875 0.36968125 0.1667640625 0.3667390625 0.17708125 0.38226875 0.1820265625 0.4032484375 0.1820265625 0.4211765625 0.1820265625 0.441775 0.1820265625 0.460084375 0.181009375 0.473815625 0.181009375 0.4898359375 0.17795624999999998 0.4913625 0.17795624999999998 0.49174375000000003 0.170325
0 0.5512484375 0.155571875 0.5470531249999999 0.1550640625 0.54056875 0.15608125 0.5378984375 0.15709843750000002 0.5352281249999999 0.1591328125 0.53065 0.168290625 0.5344656249999999 0.1723609375 0.5417125 0.17642968750000002 0.55315625 0.1805 0.5550625 0.1805 0.5626921874999999 0.17846562500000002 0.5680328125 0.1769390625 0.5691765625 0.170834375 0.566125 0.1667640625 0.560021875 0.16269375 0.5569703125000001 0.1591328125 0.5512484375 0.155571875
0 0.614603125 0.1591609375 0.6157468749999999 0.1571265625 0.6165093749999999 0.1550921875 0.616128125 0.1515296875 0.6149843749999999 0.148478125 0.6126953125 0.145934375 0.6115515625 0.14288125000000002 0.610025 0.14084687499999998 0.6077359375 0.1367765625 0.6054484375 0.133215625 0.6054484375 0.1296546875 0.6062109375 0.12812812499999998 0.6012515625 0.1225328125 0.6001078125 0.1220234375 0.5974375000000001 0.1179546875 0.591715625 0.11235781250000001 0.5875203124999999 0.116428125 0.591334375 0.1220234375 0.5959125000000001 0.13118125 0.6023968749999999 0.145425 0.6031593749999999 0.14796875 0.6062109375 0.1540734375 0.6081171875 0.1576359375 0.610025 0.1591609375 0.614603125 0.1591609375
0 0.7084374999999999 0.17493125 0.7137781249999999 0.17493125 0.7183546875 0.17493125 0.7294171875 0.17340625 0.7297984375000001 0.1673015625 0.7240765625 0.1571265625 0.7179734375 0.151021875 0.7126328125 0.1474609375 0.7069124999999999 0.1444078125 0.703478125 0.1418640625 0.6989015625 0.13626875 0.6981390625 0.1321984375 0.6962312500000001 0.12812812499999998 0.6920359375 0.12507656250000002 0.6863140624999999 0.11744531250000001 0.6809734375 0.1077796875 0.6729640625 0.10676250000000001 0.6733453125 0.111340625 0.6714375 0.11490156250000001 0.6714375 0.1194796875 0.67181875 0.1301640625 0.6729640625 0.13626875 0.677159375 0.143390625 0.678684375 0.1515296875 0.677921875 0.15814375 0.6744890625 0.1596703125 0.6722 0.156109375 0.665715625 0.1505125 0.6596124999999999 0.15203906250000002 0.6561796875 0.1550921875 0.651984375 0.1566171875 0.6477875 0.1606875 0.6432109374999999 0.1647578125 0.639396875 0.17493125 0.647025 0.177475 0.6508390625 0.177984375 0.6565609375 0.1769671875 0.6634265625 0.1769671875 0.6741078125 0.1769671875 0.68288125 0.177475 0.6935609375 0.177475 0.6950875 0.177475 0.7084374999999999 0.17493125
0 0.8346953125000001 0.1444078125 0.8343140625000001 0.14796875 0.8366031250000001 0.15305625 0.8434687500000001 0.1576359375 0.8530046875 0.158653125 0.8568187500000001 0.158653125 0.8633031250000001 0.158653125 0.8655921875000001 0.1596703125 0.8697874999999999 0.1606875 0.873984375 0.1606875 0.8762718749999999 0.158653125 0.874365625 0.15203906250000002 0.8671171875000001 0.143390625 0.862540625 0.13932031250000002 0.8598703125 0.13626875 0.85605625 0.1321984375 0.8503343750000001 0.12812812499999998 0.84423125 0.1225328125 0.8407984374999999 0.1179546875 0.8327875 0.1098140625 0.8282109375 0.1052359375 0.8247781249999999 0.102184375 0.8221078125 0.0981140625 0.8217265625 0.096078125 0.8224890625000001 0.0904828125 0.8198187499999999 0.0853953125 0.8156234375 0.08692187500000001 0.814096875 0.08895625 0.8106640625000001 0.0950609375 0.8163859375 0.10676250000000001 0.81905625 0.1128671875 0.8224890625000001 0.11591875 0.825921875 0.12151562499999999 0.8285921875 0.12507656250000002 0.8335515625 0.12863750000000002 0.8358390625000001 0.13270781250000002 0.8366031250000001 0.1372859375 0.8362203125000001 0.14084687499999998 0.8346953125000001 0.1444078125
0 1 0.1489875 0.998715625 0.1474609375 0.99070625 0.1500046875 0.9838390625000001 0.1505125 0.9765921875 0.148478125 0.9720140625000001 0.1474609375 0.962478125 0.1474609375 0.9548500000000001 0.1449171875 0.9517984374999999 0.14644375 0.9521796874999999 0.1515296875 0.95523125 0.1576359375 0.9586640624999999 0.161196875 0.9636234375000001 0.16323125 0.9674375 0.1713703125 0.975065625 0.172896875 0.9777359375 0.17340625 0.985365625 0.17391406250000002 0.9960453125000001 0.172896875 1 0.17493125 1 0.1708625 1 0.1673015625 1 0.15560000000000002 1 0.1489875