4 0.0018078125 0.7044343750000001 0.2765625 0.7126078125 0.3170390625 0.195228125 0.0649765625 0.1739765625 0.06375 0.1674390625 0.0011953125 0.4559609375 0.0018078125 0.7044343750000001
1 0.5645125 0.22056562500000002 0.33698125 0.2017671875 0.334528125 0.2040734375 0.295890625 0.7073437499999999 0.58843125 0.7114296875 0.5645125 0.22056562500000002
5 0.35 0.2484375 0.38203125 0.2484375 0.38203125 0.209375 0.35 0.209375 0.35 0.2484375
5 0.3984375 0.41953125 0.41953125 0.41953125 0.41953125 0.3953125 0.3984375 0.3953125 0.3984375 0.41953125
5 0.5578125 0.62578125 0.5859375 0.62578125 0.5859375 0.55 0.5578125 0.55 0.5578125 0.62578125
5 0.7046875 0.67421875 0.72578125 0.67421875 0.72578125 0.646875 0.7046875 0.646875 0.7046875 0.67421875
5 0.725 0.271875 0.7546875 0.271875 0.7546875 0.2421875 0.725 0.2421875 0.725 0.271875
1 0.7954484374999999 0.2385171875 0.581409375 0.22462187500000003 0.581409375 0.22625625 0.60716875 0.7125765625 0.8800828125000001 0.715846875 0.7954484374999999 0.2385171875
4 0.9987765625 0.25895 0.8104968749999999 0.24096875 0.8104968749999999 0.24784375 0.9037171875000001 0.7247640625 0.9969374999999999 0.723946875 0.9987765625 0.25895
4 1 0.0023328125000000003 0.9545546874999999 0.0006796875 0.9545546874999999 0.0012296875 1 0.153865625 1 0.0023328125000000003
1 0.9992093750000001 0.23817343750000003 1 0.1902328125 0.9471125 0.0006796875 0.7697375 0.0012296875 0.7697375 0.0022859375 0.809015625 0.22274375000000002 0.9992093750000001 0.23817343750000003
5 0.959375 0.2125 0.97265625 0.2125 0.97265625 0.196875 0.959375 0.196875 0.959375 0.2125
1 0.7599078125000001 0.0002015625 0.5643390625 0.001853125 0.564753125 0.0029562499999999997 0.577984375 0.19746875 0.7938109375 0.2178578125 0.7599078125000001 0.0002015625
1 0.5526187499999999 0.0007515625 0.344234375 0.004609375000000001 0.344234375 0.0029562499999999997 0.333484375 0.1765296875 0.56336875 0.195265625 0.5526187499999999 0.0007515625
4 0.3297140625 0.0002015625 0.099828125 0.0029562499999999997 0.0977609375 0.004609375000000001 0.0679921875 0.1495296875 0.3164828125 0.1743265625 0.3297140625 0.0002015625
4 0.08658906250000001 0.0002015625 0.0018296875000000002 0.0029562499999999997 0 0.004609375000000001 0.000175 0.1429171875 0.052271875 0.14897812500000002 0.08658906250000001 0.0002015625
5 0.68125 0.08125 0.7046875 0.08125 0.7046875 0.0515625 0.68125 0.0515625 0.68125 0.08125
5 0.4828125 0.10390625 0.51953125 0.10390625 0.51953125 0.0703125 0.4828125 0.0703125 0.4828125 0.10390625
4 0.001490625 0.1751796875 0.0022578125000000003 0.38394218750000003 0.0506328125 0.1731328125 0.0007218750000000001 0.1700625 0.001490625 0.1751796875
4 0.27215 0.7444390624999999 0.0027546874999999998 0.7451453124999999 0.002659375 0.7484453125 0.0016578125 0.9954468750000001 0.2541171875 0.9994531249999999 0.27215 0.7444390624999999
1 0.5935109375 0.747109375 0.2929640625 0.745775 0.2929640625 0.75245 0.2739296875 0.9927765624999999 0.6055328125 0.9967828125 0.5935109375 0.747109375
5 0.3953125 0.9515625 0.4421875 0.9515625 0.4421875 0.88125 0.3953125 0.88125 0.3953125 0.9515625
4 0.8903390625000001 0.75245 0.6118328125 0.747109375 0.6138359375 0.751115625 0.6308671875 0.9941125 0.932415625 0.988771875 0.8903390625000001 0.75245
4 0.9985359375 0.7551203125 0.911378125 0.7551203125 0.9123796875 0.7591265625 0.9484453125 0.9954468750000001 0.9975343750000001 0.9954468750000001 0.9985359375 0.7551203125