1 0.9434484375000001 0.7901828125 0.8041484375 0.31999062500000003 0.18185625 0.2991703125 0.032878125 0.7599828125 0.9434484375000001 0.7901828125
4 0.017820312499999998 0.7901828125 0.0008968749999999999 0.8595828125 0 0.998384375 0.9981265625000001 0.99665 0.9564671875 0.814471875 0.017820312499999998 0.7901828125
4 0.15451718750000001 0.293965625 0 0.2904953125 0.001953125 0.7122390625 0.15451718750000001 0.293965625
4 0 0.27835 0.158203125 0.284721875 0.24304375 0.052796875 0 0.0475921875 0 0.27835
4 1 0.31999062500000003 0.83539375 0.31305 0.9817703124999999 0.7903640625 1 0.7936515625 1 0.31999062500000003
4 0.999428125 0.3147859375 1 0.0770875 0.7585828125 0.070146875 0.83203125 0.3064234375 0.999428125 0.3147859375
4 0.802846875 0.304375 0.7325453125 0.066678125 0.2677796875 0.05453281250000001 0.1923828125 0.284721875 0.802846875 0.304375
4 1 0.0059515625 0.73124375 0 0.7587890625 0.06770781249999999 1 0.0718828125 1 0.0059515625
4 0.288609375 0 0.2705078125 0.050346875 0.73124375 0.061471874999999995 0.7169234375 0 0.288609375 0
4 0 0.039496875 0.2482515625 0.0493265625 0.2638734375 0.0042171875 0 0 0 0.039496875
5 0.6083984375 0.5950515625 0.61328125 0.5950515625 0.6201171875 0.5768234375 0.6103515625 0.5690109375 0.6005859375 0.5716140625 0.5986328125 0.578125 0.6083984375 0.5950515625
5 0.641946875 0.6614328125 0.6422515625 0.661025 0.6656890625 0.64930625 0.6334625 0.6440984375000001 0.62955625 0.64930625 0.635415625 0.65711875 0.641946875 0.6614328125
5 0.6383453125 0.67665 0.6246734375 0.67665 0.6687546875 0.6791406249999999 0.641946875 0.6614328125 0.6383453125 0.6662343749999999 0.6383453125 0.67665
5 0.791015625 0.6458328125 0.79296875 0.6315109375 0.7802734375 0.6302078125 0.7724609375 0.6341140625 0.771484375 0.64453125 0.7587890625 0.6497390625 0.7587890625 0.6549484375 0.76953125 0.67578125 0.7900390625 0.6770828125 0.79296875 0.6653640625 0.8076171875 0.65625 0.791015625 0.6458328125
5 0.1455078125 0.7083328125 0.1357421875 0.71484375 0.138671875 0.7434890625 0.14453125 0.7565109375 0.1552734375 0.7578125 0.185546875 0.7395828125 0.189453125 0.7109375 0.1728515625 0.7044265625 0.1455078125 0.7083328125
5 0.6767578125 0.59765625 0.6806640625 0.6028640625 0.697265625 0.6041671875 0.70703125 0.5963546875 0.7041015625 0.5846359375 0.693359375 0.5807296875 0.6787109375 0.5885421875 0.6767578125 0.59765625
5 0.6748046875 0.4322921875 0.6728515625 0.4049484375 0.6611328125 0.3984375 0.6572265625 0.40625 0.658203125 0.44921875 0.65234375 0.4609375 0.671875 0.46484375 0.6748046875 0.4830734375 0.6982421875 0.4817703125 0.701171875 0.4713546875 0.6953125 0.4388015625 0.6748046875 0.4322921875
5 0.5068359375 0.3203125 0.4951171875 0.3138015625 0.4365234375 0.3190109375 0.427734375 0.359375 0.4296875 0.3697921875 0.453125 0.3763015625 0.4892578125 0.3736984375 0.4951171875 0.3645828125 0.5029296875 0.3619796875 0.5078125 0.3450515625 0.5068359375 0.3203125
5 0.1572265625 0.4739578125 0.1484375 0.4947921875 0.1513671875 0.5169265625 0.16015625 0.5221359375 0.1806640625 0.5208328125 0.2021484375 0.4973953125 0.1953125 0.4739578125 0.1669921875 0.4713546875 0.1572265625 0.4739578125
5 0.2265625 0.4075515625 0.2373046875 0.4010421875 0.2431640625 0.37890625 0.2353515625 0.3736984375 0.2158203125 0.3763015625 0.2041015625 0.4036453125 0.2265625 0.4075515625
5 0.189453125 0.3255203125 0.197265625 0.33984375 0.21484375 0.3450515625 0.23046875 0.3372390625 0.2275390625 0.3111984375 0.1953125 0.3072921875 0.19140625 0.3098953125 0.189453125 0.3255203125