1 0.30355 0 0 0.06059375 0 0.583990625 0.0804625 1 0.47729375 1 1 0.8971390625 1 0.4335625 0.914090625 0 0.30355 0
2 0.6819484375 0 0.6982765625 0.10775937499999999 0.7413796875 0.20689687499999998 0.806034375 0.21120624999999998 0.91379375 0.1853453125 0.8965515625 0.10344843749999999 0.8017234375 0.10344843749999999 0.78879375 0.0905171875 0.7763078125 0 0.6819484375 0
5 0.7767000000000001 0 0.7796984375 0.018728125 0.7993187500000001 0.0422609375 0.8210859375 0.02144375 0.8234046875000001 0 0.7767000000000001 0
5 0.489303125 0.1737875 0.489303125 0.200596875 0.5099359375 0.2098765625 0.535725 0.2181265625 0.5501671875 0.19131718749999999 0.5460421875 0.1655375 0.5491359375 0.1593515625 0.51715625 0.1552265625 0.489303125 0.1737875
5 0.7241375 0.41379374999999996 0.732759375 0.41379374999999996 0.732759375 0.418103125 0.7543109375 0.418103125 0.7543109375 0.41379374999999996 0.7629312500000001 0.41379374999999996 0.7629312500000001 0.4094828125 0.767240625 0.4094828125 0.767240625 0.3836203125 0.7629312500000001 0.3836203125 0.7629312500000001 0.375 0.7586203125 0.375 0.7586203125 0.3706890625 0.7413796875 0.3706890625 0.7413796875 0.3663796875 0.7370687499999999 0.3663796875 0.7370687499999999 0.3706890625 0.7241375 0.3706890625 0.7241375 0.375 0.719828125 0.375 0.719828125 0.38793125 0.7155171874999999 0.38793125 0.7155171874999999 0.3965515625 0.719828125 0.3965515625 0.719828125 0.4094828125 0.7241375 0.4094828125 0.7241375 0.41379374999999996
5 0.654553125 0.7270453125 0.68615625 0.720803125 0.691503125 0.7166578125 0.6995859375 0.6624140625 0.6487796875 0.661259375 0.6279953125 0.6981921875 0.654553125 0.7270453125
5 0.9330109375 0.7641109375 0.9640078125 0.7524375 0.96054375 0.71435 0.9259031249999999 0.71435 0.9005000000000001 0.7443578125 0.9282125000000001 0.7639781250000001 0.9330109375 0.7641109375
5 0.24117812500000002 0.5657578125 0.222703125 0.585378125 0.23424999999999999 0.6049984375 0.250415625 0.6234656249999999 0.2815921875 0.6153859374999999 0.2954484375 0.5830703125000001 0.2977578125 0.5796078125 0.27697343750000003 0.5646046874999999 0.24117812500000002 0.5657578125
5 0.1793546875 0.36483125 0.2232328125 0.36598593749999997 0.22276406249999997 0.3642359375 0.246325 0.34751875 0.23708749999999998 0.3244359375 0.21168593750000003 0.3175109375 0.185128125 0.329053125 0.1793546875 0.36483125
5 0.0823609375 0.1363109375 0.0523390625 0.1363109375 0.023471875 0.14554375 0.0269359375 0.1720890625 0.055803124999999995 0.19286406250000002 0.07551875 0.17801406250000001 0.0777421875 0.1801671875 0.097371875 0.160546875 0.0823609375 0.1363109375
5 0.35948437499999997 0.862521875 0.35948437499999997 0.8948390625 0.377959375 0.904071875 0.4114453125 0.8994546874999999 0.4299203125 0.8809890625 0.4276109375 0.8567515625000001 0.42876562500000004 0.8555984375 0.3848875 0.8498265625 0.35948437499999997 0.862521875
2 0.3653015625 1 0.375 0.98706875 0.3663796875 0.9008625 0.344828125 0.8405171875 0.3103453125 0.83620625 0.2715515625 0.8706890625 0.08620625 0.918103125 0.093328125 1 0.3653015625 1
2 0.5474140625 0.780171875 0.5258625 0.767240625 0.5258625 0.706896875 0.4956890625 0.6896546875 0.4741375 0.71120625 0.482759375 0.982759375 0.5689656249999999 0.9655171875 0.5474140625 0.780171875
2 0.4913796875 0.642240625 0.5086203125 0.53879375 0.5 0.5215515625 0.4741375 0.5215515625 0.418103125 0.5344828125000001 0.392240625 0.607759375 0.405171875 0.642240625 0.4913796875 0.642240625
2 1 0.8069921875 0.9784484375 0.7758625 0.9482765625 0.7974140625 0.9353453125 0.8405171875 0.943965625 0.8965515625 1 0.8899593749999999 1 0.8069921875
2 0.7974140625 0.7543109375 0.7629312500000001 0.7456890625 0.7543109375 0.931034375 0.793103125 0.931034375 0.818965625 0.918103125 0.8103453125 0.8275859375 0.7974140625 0.7543109375
2 0.043103125 0.5646546875 0.1206890625 0.543103125 0.1465515625 0.5129312500000001 0.1465515625 0.482759375 0.10775937499999999 0.431034375 0.068965625 0.4224140625 0.060345312500000005 0.48706875 0.030171874999999997 0.5258625 0.043103125 0.5646546875
2 0.08620625 0.1293109375 0.142240625 0.1336203125 0.1853453125 0.0905171875 0.21120624999999998 0.0905171875 0.2543109375 0.125 0.267240625 0.10344843749999999 0.2586203125 0.0258625 0.21120624999999998 0.0215515625 0.07758593750000001 0.0474140625 0.08620625 0.1293109375