1 0.8030546875000001 0.686159375 0.9459828124999999 0.2033953125 0.011690625 0.234403125 0.16455 0.7075359375 0.8030546875000001 0.686159375
4 0 0 0 0.20329843749999998 0.959340625 0.17845625 1 0.0005375 1 0 0 0
4 0 0.7159484375 0.13649843749999999 0.7128796875 0 0.3384015625 0 0.7159484375
4 0 0.96536875 0.22733124999999998 0.9604968749999999 0.14028125 0.7223703125000001 0 0.7280249999999999 0 0.96536875
4 1 0.20055625 0.9853046875 0.2032078125 0.8351140625 0.693284375 1 0.686328125 1 0.20055625
4 1 0.691675 0.8316640625 0.7000890625 0.7563015625 0.9426828125 1 0.935671875 1 0.691675
4 0.7295859375 0.9462453125 0.80171875 0.7021921875 0.17535 0.7223703125000001 0.2527109375 0.958715625 0.7295859375 0.9462453125
4 1 0.9409703125 0.7565125 0.9451875 0.7342296875 1 1 1 1 0.9409703125
4 0.71698125 1 0.72825 0.951590625 0.2555109375 0.9630124999999999 0.26880000000000004 1 0.71698125 1
4 0.2451125 1 0.23267500000000002 0.964059375 0 0.9732796875 0 1 0.2451125 1
5 0.6072140625 0.40374375 0.6022046875 0.40374375 0.592184375 0.42112343750000003 0.5941890625 0.42780781250000005 0.6042078125 0.43048125 0.614228125 0.422459375 0.6072140625 0.40374375
5 0.636940625 0.33600625 0.6366265624999999 0.33558750000000004 0.6299265625 0.3400171875 0.6239140625 0.3480375 0.627921875 0.3533859375 0.6609875 0.3480375 0.636940625 0.33600625
5 0.6329328125 0.33065781250000004 0.6366265624999999 0.33558750000000004 0.6641328125 0.31740625 0.6189046874999999 0.3199640625 0.6329328125 0.3199640625 0.6329328125 0.33065781250000004
5 0.7895796875000001 0.35160468749999996 0.8066125 0.34090937499999996 0.7915828125 0.3315515625 0.7885765625000001 0.31951874999999996 0.767534375 0.32085625 0.7565125 0.3422453125 0.7565125 0.34759375000000003 0.7695390625 0.352940625 0.770540625 0.3636359375 0.7785578125 0.36764687500000004 0.7915828125 0.3663109375 0.7895796875000001 0.35160468749999996
5 0.1683359375 0.255346875 0.13727499999999998 0.23663125 0.12625312500000002 0.2379671875 0.12024062499999999 0.2513375 0.117234375 0.2807484375 0.1272546875 0.28743281249999997 0.1553109375 0.29144375 0.17234531250000001 0.28475937500000004 0.1683359375 0.255346875
5 0.70340625 0.40240625 0.6933874999999999 0.394384375 0.676353125 0.395721875 0.6723453125 0.40106875000000003 0.6743484375000001 0.410428125 0.689378125 0.41844843750000005 0.7004015625 0.41443906249999996 0.70340625 0.40240625
5 0.6703406249999999 0.5708562500000001 0.6913828125 0.564171875 0.6973953125000001 0.5307484375 0.6943890625 0.520053125 0.6703406249999999 0.5187171875 0.667334375 0.5374328125 0.6472953125 0.54144375 0.65330625 0.5534765625 0.6523046875 0.5975937499999999 0.6563125000000001 0.605615625 0.6683359375 0.5989312499999999 0.6703406249999999 0.5708562500000001
5 0.49899843749999995 0.6604281249999999 0.49398749999999997 0.6430484375 0.485971875 0.6403749999999999 0.47995937499999997 0.6310156250000001 0.4428859375 0.6283421875 0.4188375 0.6350265625 0.416834375 0.645721875 0.4258515625 0.687165625 0.485971875 0.6925140625 0.49799531249999995 0.685828125 0.49899843749999995 0.6604281249999999
5 0.1853703125 0.5040109375 0.1633265625 0.479946875 0.142284375 0.478609375 0.1332671875 0.48395781250000003 0.1302609375 0.5066843750000001 0.139278125 0.5280750000000001 0.1492984375 0.5307484375 0.17835625 0.5280750000000001 0.1853703125 0.5040109375
5 0.22144218750000003 0.602940625 0.2104203125 0.5962562499999999 0.187375 0.6002671875 0.1993984375 0.6283421875 0.2194390625 0.6310156250000001 0.2274546875 0.62566875 0.22144218750000003 0.602940625
5 0.21442812500000002 0.6684484375 0.198396875 0.6604281249999999 0.18036093749999998 0.665775 0.17234531250000001 0.6804812499999999 0.1743484375 0.6965234375 0.17835625 0.6991984375 0.2114234375 0.6951875000000001 0.21442812500000002 0.6684484375