1 0.0565515625 0.20981718749999997 0.1958515625 0.680009375 0.81814375 0.7008296875 0.9671218749999999 0.24001718749999998 0.0565515625 0.20981718749999997
4 0.043532812500000004 0.185528125 0.9821796875000001 0.20981718749999997 0.9991031250000001 0.1404171875 1 0.001615625 0.0018734375 0.00335 0.043532812500000004 0.185528125
4 1 0.7095046875000001 0.998046875 0.2877609375 0.8454828125 0.706034375 1 0.7095046875000001
4 1 0.72165 0.841796875 0.715278125 0.75695625 0.947203125 1 0.9524078125000001 1 0.72165
4 0 0.680009375 0.16460625 0.6869500000000001 0.0182296875 0.2096359375 0 0.20634843749999998 0 0.680009375
4 0.000571875 0.6852140624999999 0 0.9229125 0.24141718750000002 0.929853125 0.16796875 0.6935765625 0.000571875 0.6852140624999999
4 0.19715312499999998 0.6956249999999999 0.2674546875 0.9333218750000001 0.7322203125 0.9454671875 0.8076171875 0.715278125 0.19715312499999998 0.6956249999999999
4 0 0.9940484375 0.26875625 1 0.2412109375 0.9322921875000001 0 0.9281171875 0 0.9940484375
4 0.711390625 1 0.7294921875 0.949653125 0.26875625 0.938528125 0.2830765625 1 0.711390625 1
4 1 0.960503125 0.7517484375000001 0.9506734375000001 0.7361265625 0.9957828125000001 1 1 1 0.960503125
5 0.3994140625 0.4283859375 0.4013671875 0.421875 0.3916015625 0.4049484375 0.38671875 0.4049484375 0.3798828125 0.4231765625 0.3896484375 0.4309890625 0.3994140625 0.4283859375
5 0.37044375 0.35069374999999997 0.364584375 0.34288124999999997 0.35805312499999997 0.3385671875 0.3577484375 0.33897499999999997 0.3343109375 0.35069374999999997 0.3665375 0.3559015625 0.37044375 0.35069374999999997
5 0.3616546875 0.333765625 0.3616546875 0.32334999999999997 0.3753265625 0.32334999999999997 0.3312453125 0.320859375 0.35805312499999997 0.3385671875 0.3616546875 0.333765625
5 0.228515625 0.35546875 0.2412109375 0.3502609375 0.2412109375 0.3450515625 0.23046875 0.32421875 0.2099609375 0.3229171875 0.20703125 0.3346359375 0.1923828125 0.34375 0.208984375 0.3541671875 0.20703125 0.3684890625 0.2197265625 0.3697921875 0.2275390625 0.3658859375 0.228515625 0.35546875
5 0.8447265625 0.2421875 0.814453125 0.2604171875 0.810546875 0.2890625 0.8271484375 0.2955734375 0.8544921875 0.2916671875 0.8642578125 0.28515625 0.861328125 0.2565109375 0.85546875 0.2434890625 0.8447265625 0.2421875
5 0.2958984375 0.4153640625 0.306640625 0.4192703125 0.3212890625 0.4114578125 0.3232421875 0.40234375 0.3193359375 0.3971359375 0.302734375 0.3958328125 0.29296875 0.4036453125 0.2958984375 0.4153640625
5 0.341796875 0.55078125 0.34765625 0.5390625 0.328125 0.53515625 0.3251953125 0.5169265625 0.3017578125 0.5182296875 0.298828125 0.5286453125 0.3046875 0.5611984375 0.3251953125 0.5677078125 0.3271484375 0.5950515625 0.3388671875 0.6015625 0.3427734375 0.59375 0.341796875 0.55078125
5 0.5703125 0.6302078125 0.546875 0.6236984375 0.5107421875 0.6263015625 0.5048828125 0.6354171875 0.4970703125 0.6380203125 0.4921875 0.6549484375 0.4931640625 0.6796875 0.5048828125 0.6861984375 0.5634765625 0.6809890625 0.572265625 0.640625 0.5703125 0.6302078125
5 0.8193359375 0.4791671875 0.7978515625 0.5026046875 0.8046875 0.5260421875 0.8330078125 0.5286453125 0.8427734375 0.5260421875 0.8515625 0.5052078125 0.8486328125 0.4830734375 0.83984375 0.4778640625 0.8193359375 0.4791671875
5 0.7841796875 0.6236984375 0.7958984375 0.5963546875 0.7734375 0.5924484375 0.7626953125 0.5989578125 0.7568359375 0.62109375 0.7646484375 0.6263015625 0.7841796875 0.6236984375
5 0.7724609375 0.6888015625 0.8046875 0.6927078125 0.80859375 0.6901046875 0.810546875 0.6744796875 0.802734375 0.66015625 0.78515625 0.6549484375 0.76953125 0.6627609375 0.7724609375 0.6888015625